     time         enstrophy    
 0.000000000000 0.230768610553 
 0.005000000000 0.289102623562 
 0.013250000000 0.287102807900 
 0.027000000000 0.282009081212 
 0.042125000000 0.277819425071 
 0.058762500000 0.274047227634 
 0.077063750000 0.270651833841 
 0.097195125000 0.267617879590 
 0.119339637500 0.264912973479 
 0.143226491021 0.262543220440 
 0.167150234562 0.260591039848 
 0.191107987700 0.258952339221 
 0.215097154035 0.257554319500 
 0.239115222719 0.256345477176 
 0.263159893706 0.255288663341 
 0.287229419753 0.254356489580 
 0.311322371436 0.253528331408 
 0.335437018332 0.252788343740 
 0.359571951112 0.252124082587 
 0.383725922057 0.251525588505 
 0.407897983423 0.250984749789 
 0.432087146879 0.250494868780 
 0.456292419702 0.250050344262 
 0.480512715688 0.249646441752 
 0.504747386823 0.249279113313 
 0.528995903316 0.248944875030 
 0.553257390429 0.248640713213 
 0.577531124008 0.248363998754 
 0.601816491846 0.248112426182 
 0.626113065056 0.247883963344 
 0.650420375225 0.247676813020 
 0.674737841699 0.247489379510 
 0.699064800818 0.247320240078 
 0.723400915050 0.247168118990 
 0.747745929388 0.247031870283 
 0.772099359856 0.246910462801 
 0.796460725655 0.246802964449 
 0.820829610160 0.246708530007 
 0.845205768163 0.246626390711 
 0.869589008235 0.246555846124 
 0.893978883619 0.246496257240 
 0.918374964175 0.246447038832 
 0.942777009234 0.246407653548 
 0.967184252278 0.246377607953 
 0.991593247447 0.246356448432 
 1.016003948459 0.246343751360 
 1.040416298799 0.246339125561 
 1.064830136733 0.246342209167 
 1.089245371853 0.246352666783 
 1.113661957650 0.246370187154 
 1.138079863326 0.246394481043 
 1.162499043589 0.246425279295 
 1.186919352883 0.246462330951 
 1.211340722510 0.246505401936 
 1.235763120580 0.246554273688 
 1.260186527396 0.246608741891 
 1.284610906851 0.246668615274 
 1.309036126551 0.246733714338 
 1.333462132174 0.246803870859 
 1.357888902334 0.246878926983 
 1.382316425525 0.246958734408 
 1.406744672698 0.247043153587 
 1.431173522621 0.247132052783 
 1.455602931089 0.247225308070 
 1.480032884212 0.247322802682 
 1.504463376675 0.247424426445 
 1.528894386682 0.247530075220 
 1.553325803414 0.247639650130 
 1.577757587648 0.247753057880 
 1.602189730586 0.247870210260 
 1.626622231706 0.247991023734 
 1.651055076297 0.248115419020 
 1.675488163458 0.248243320418 
 1.699921455678 0.248374656312 
 1.724354947259 0.248509358813 
 1.748788641453 0.248647363422 
 1.773222526488 0.248788608696 
 1.797656523717 0.248933035724 
 1.822090586545 0.249080588531 
 1.846524710556 0.249231213997 
 1.870958902022 0.249384861538 
 1.895393152852 0.249541482803 
 1.919827408507 0.249701031318 
 1.944261609061 0.249863462623 
 1.968695749618 0.250028734567 
 1.993129838907 0.250196806953 
 2.017563874064 0.250367641267 
 2.041997829577 0.250541200496 
 2.066431624617 0.250717448790 
 2.090865252503 0.250896352319 
 2.115298723741 0.251077878813 
 2.139732042347 0.251261997319 
 2.164165198279 0.251448678072 
 2.188598113229 0.251637891997 
 2.213030770872 0.251829611658 
 2.237463177357 0.252023810922 
 2.261895345579 0.252220464790 
 2.286327260572 0.252419549064 
 2.310758890387 0.252621040381 
 2.335190183169 0.252824916140 
 2.359621139277 0.253031155069 
 2.384051772988 0.253239736885 
 2.408482080443 0.253450641985 
 2.432912063606 0.253663851617 
 2.457341645551 0.253879347091 
 2.481770818664 0.254097111051 
 2.506199592265 0.254317127009 
 2.530627977571 0.254539379187 
 2.555055967046 0.254763852297 
 2.579483547065 0.254990531630 
 2.603910656687 0.255219402638 
 2.628337296324 0.255450451935 
 2.652763482082 0.255683666864 
 2.677189215291 0.255919035190 
 2.701614501005 0.256156545251 
 2.726039298267 0.256396185456 
 2.750463572719 0.256637944769 
 2.774887327540 0.256881813010 
 2.799310581032 0.257127780636 
 2.823733328109 0.257375838330 
 2.848155581917 0.257625977413 
 2.872577288272 0.257878188941 
 2.896998426544 0.258132464728 
 2.921419002201 0.258388797271 
 2.945839034775 0.258647179620 
 2.970258515986 0.258907604925 
 2.994677460628 0.259170066961 
 3.019095818009 0.259434559163 
 3.043513569031 0.259701075655 
 3.067930719214 0.259969611181 
 3.092347289225 0.260240160999 
 3.116763271359 0.260512720392 
 3.141178681911 0.260787285236 
 3.165593479697 0.261063851073 
 3.190007639017 0.261342413922 
 3.214421163234 0.261622970431 
 3.238834074056 0.261905517764 
 3.263246367834 0.262190053085 
 3.287658061749 0.262476574084 
 3.312069121886 0.262765078125 
 3.336479519866 0.263055562900 
 3.360888823042 0.263348021467 
 3.385295835712 0.263642437707 
 3.409700592715 0.263938810416 
 3.434103092304 0.264237138245 
 3.458503369889 0.264537420554 
 3.482901321261 0.264839655213 
 3.507296949747 0.265143841633 
 3.531690214710 0.265449978903 
 3.556081156228 0.265758067342 
 3.580469760467 0.266068106818 
 3.604856093355 0.266380098432 
 3.629240087031 0.266694041784 
 3.653621684836 0.267009936801 
 3.678000888022 0.267327784354 
 3.702377691467 0.267647585432 
 3.726752126075 0.267969341695 
 3.751124217941 0.268293054944 
 3.775493969202 0.268618726852 
 3.799861299932 0.268946358163 
 3.824226221929 0.269275951025 
 3.848588703294 0.269607507170 
 3.872948788970 0.269941029553 
 3.897306470203 0.270276520574 
 3.921661807711 0.270613983765 
 3.946014751168 0.270953421287 
 3.970365251430 0.271294835459 
 3.994713314193 0.271638229523 
 4.019058933836 0.271983606721 
 4.043402159229 0.272330971228 
 4.067742991120 0.272680326697 
 4.092081455254 0.273031677290 
 4.116417512796 0.273385026382 
 4.140751141702 0.273740377723 
 4.165082324189 0.274097735262 
 4.189411077375 0.274457103603 
 4.213737441950 0.274818487845 
 4.238061451211 0.275181893130 
 4.262383084961 0.275547323932 
 4.286702315127 0.275914784729 
 4.311019143610 0.276284280580 
 4.335333543327 0.276655816224 
 4.359645549675 0.277029397485 
 4.383955191757 0.277405030229 
 4.408262512404 0.277782720667 
 4.432567470791 0.278162473832 
 4.456870061037 0.278544295410 
 4.481170277820 0.278928191216 
 4.505468107507 0.279314167045 
 4.529763595610 0.279702229751 
 4.554056762996 0.280092385925 
 4.578347642615 0.280484642471 
 4.602636208093 0.280879005445 
 4.626922459582 0.281275481439 
 4.651206383629 0.281674076929 
 4.675487975718 0.282074798640 
 4.699767285633 0.282477654309 
 4.724044335067 0.282882651325 
 4.748319145831 0.283289797192 
 4.772591702509 0.283699098889 
 4.796862015652 0.284110563935 
 4.821130063834 0.284524199405 
 4.845395847911 0.284940012849 
 4.869659415915 0.285358012733 
 4.893920801238 0.285778207387 
 4.918180015270 0.286200604862 
 4.942437048536 0.286625212944 
 4.966691925642 0.287052040110 
 4.990944616569 0.287481093970 
 5.015195123047 0.287912382786 
 5.039443485425 0.288345915605 
 5.063689757794 0.288781701834 
 5.087933939980 0.289219750005 
 5.112176024956 0.289660068615 
 5.136416055804 0.290102667167 
 5.160653994250 0.290547553774 
 5.184889830400 0.290994737142 
 5.209123608066 0.291444227070 
 5.233355404379 0.291896034086 
 5.257585208607 0.292350167182 
 5.281813010858 0.292806635446 
 5.306038847634 0.293265448933 
 5.330262724227 0.293726617204 
 5.354484583521 0.294190148704 
 5.378704486045 0.294656054219 
 5.402922528014 0.295124345338 
 5.427138687371 0.295595031467 
 5.451352930635 0.296068121860 
 5.475565311719 0.296543627567 
 5.499775862969 0.297021559319 
 5.523984518877 0.297501925991 
 5.548191329227 0.297984738829 
 5.572396365516 0.298470009619 
 5.596599655345 0.298957749377 
 5.620801154853 0.299447967757 
 5.645000906891 0.299940676248 
 5.669198972482 0.300435886823 
 5.693395277597 0.300933608767 
 5.717589856783 0.301433853675 
 5.741782751140 0.301936633377 
 5.765974045991 0.302441960736 
 5.790163685858 0.302949845765 
 5.814351699631 0.303460300322 
 5.838538137154 0.303973336811 
 5.862723005242 0.304488966821 
 5.886906241521 0.305007200537 
 5.911087917199 0.305528051091 
 5.935268127853 0.306051532264 
 5.959446859530 0.306577655573 
 5.983624070283 0.307106431993 
 6.007799822984 0.307637874881 
 6.031974187777 0.308171997872 
 6.056147064378 0.308708810918 
 6.080318515559 0.309248327661 
 6.104488595425 0.309790561670 
 6.128657383076 0.310335527190 
 6.152824791580 0.310883234812 
 6.176990878645 0.311433698478 
 6.201155705612 0.311986932333 
 6.225319262465 0.312542948990 
 6.249481504390 0.313101760336 
 6.273642501229 0.313663381002 
 6.297802350668 0.314227826401 
 6.321961029302 0.314795109224 
 6.346118505412 0.315365242043 
 6.370274841711 0.315938239758 
 6.394430130731 0.316514118104 
 6.418584247333 0.317092887718 
 6.442737266458 0.317674564102 
 6.466889233614 0.318259162181 
 6.491040256241 0.318846698508 
 6.515190217454 0.319437184275 
 6.539339187136 0.320030635319 
 6.563487216205 0.320627067141 
 6.587634349013 0.321226495201 
 6.611780487350 0.321828931507 
 6.635925719518 0.322434392811 
 6.660070123314 0.323042895748 
 6.684213738402 0.323654456122 
 6.708356471073 0.324269086450 
 6.732498403934 0.324886803827 
 6.756639618926 0.325507625485 
 6.780780059739 0.326131565213 
 6.804919729507 0.326758638422 
 6.829058688123 0.327388862121 
 6.853197039860 0.328022254631 
 6.877334726559 0.328658830133 
 6.901471753058 0.329298604560 
 6.925608174043 0.329941595294 
 6.949744097174 0.330587821283 
 6.973879386688 0.331237295069 
 6.998014126017 0.331890035181 
 7.022148352729 0.332546059064 
 7.046282190925 0.333205386671 
 7.070415510893 0.333868031146 
 7.094548387160 0.334534011334 
 7.118680858906 0.335203345261 
 7.142813028922 0.335876052878 
 7.166944742852 0.336552147083 
 7.191076108048 0.337231648205 
 7.215207177139 0.337914575213 
 7.239338060177 0.338600948870 
 7.263468595545 0.339290782336 
 7.287598887093 0.339984096460 
 7.311728988735 0.340680910842 
 7.335858959785 0.341381245405 
 7.359988690445 0.342085115287 
 7.384118275777 0.342792541726 
 7.408247777375 0.343503545172 
 7.432377269927 0.344218146641 
 7.456506628336 0.344936361363 
 7.480635945412 0.345658211182 
 7.504765282578 0.346383717201 
 7.528894674989 0.347112899911 
 7.553024038125 0.347845776325 
 7.577153459968 0.348582368843 
 7.601283005438 0.349322699367 
 7.625412728284 0.350066789650 
 7.649542525518 0.350814656760 
 7.673672483680 0.351566323789 
 7.697802666547 0.352321813333 
 7.721933106401 0.353081147202 
 7.746063722875 0.353844343817 
 7.770194602907 0.354611427055 
 7.794325808342 0.355382420225 
 7.818457397976 0.356157346751 
 7.842589265125 0.356936224915 
 7.866721496565 0.357719079407 
 7.890854151559 0.358505934263 
 7.914987277523 0.359296813356 
 7.939120780270 0.360091736099 
 7.963254750684 0.360890728185 
 7.987389242201 0.361693814316 
 8.011524332020 0.362501020229 
 8.035659896411 0.363312365138 
 8.059796026877 0.364127875672 
 8.083932773367 0.364947577324 
 8.108070218942 0.365771496968 
 8.132208235213 0.366599654473 
 8.156346922842 0.367432077760 
 8.180486320731 0.368268792905 
 8.204626534771 0.369109828579 
 8.228767428888 0.369955205261 
 8.252909090777 0.370804951463 
 8.277051554448 0.371659094106 
 8.301194923874 0.372517662871 
 8.325339083064 0.373380679877 
 8.349484104047 0.374248174186 
 8.373630028670 0.375120174080 
 8.397776947702 0.375996709918 
 8.421924789807 0.376877806457 
 8.446073582649 0.377763492315 
 8.470223371712 0.378653797066 
 8.494374241008 0.379548752036 
 8.518526156361 0.380448384488 
 8.542679109464 0.381352722915 
 8.566833164892 0.382261798857 
 8.590988385340 0.383175644141 
 8.615144788905 0.384094289247 
 8.639302315310 0.385017761978 
 8.663461034103 0.385946095413 
 8.687620999783 0.386879322436 
 8.711782274300 0.387817476597 
 8.735944744464 0.388760584976 
 8.760108478413 0.389708682042 
 8.784273483269 0.390661800262 
 8.808439793166 0.391619973542 
 8.832607254833 0.392583228690 
 8.856775893745 0.393551599936 
 8.880945718760 0.394525121249 
 8.905116712066 0.395503825907 
 8.929288752464 0.396487743344 
 8.953461869138 0.397476909467 
 8.977636070992 0.398471359781 
 9.001811317223 0.399471128158 
 9.025987521558 0.400476246958 
 9.050164702586 0.401486753300 
 9.074342902583 0.402502685760 
 9.098522036941 0.403524078030 
 9.122702063542 0.404550965990 
 9.146883010648 0.405583388971 
 9.171064900722 0.406621386559 
 9.195247623212 0.407664993092 
 9.219431177374 0.408714248079 
 9.243615552593 0.409769191111 
 9.267800842895 0.410829866890 
 9.291986839780 0.411896307358 
 9.316173633857 0.412968558095 
 9.340361184765 0.414046659470 
 9.364549526881 0.415130655737 
 9.388738534573 0.416220584525 
 9.412928238170 0.417316491011 
 9.437118657367 0.418418420523 
 9.461309785300 0.419526417799 
 9.485501502856 0.420640523011 
 9.509693857999 0.421760784606 
 9.533886883112 0.422887251011 
 9.558080482605 0.424019965341 
 9.582274614889 0.425158973842 
 9.606469313625 0.426304326985 
 9.630664645223 0.427456077557 
 9.654860410017 0.428614266365 
 9.679056677825 0.429778947748 
 9.703253458400 0.430950173975 
 9.727450740858 0.432127997089 
 9.751648399457 0.433312464274 
 9.775846473509 0.434503631532 
 9.800045052044 0.435701558214 
 9.824243944232 0.436906290642 
 9.848443194351 0.438117887586 
 9.872642806513 0.439336406733 
 9.896842775628 0.440561906212 
 9.921043023531 0.441794441338 
 9.945243516216 0.443034070547 
 9.969444340771 0.444280859467 
 9.993645408094 0.445534865663 
10.017846659901 0.446796149215 
10.042048127430 0.448064775876 
10.066249800696 0.449340810323 
10.090451580502 0.450624313555 
10.114653517546 0.451915355582 
10.138855638321 0.453214006312 
10.163057775737 0.454520326369 
10.187259993098 0.455834389896 
10.211462319410 0.457156270464 
10.235664630706 0.458486034498 
10.259866912897 0.459823755620 
10.284069168628 0.461169509680 
10.308271466403 0.462523377562 
10.332473651717 0.463885429029 
10.356675734204 0.465255744344 
10.380877747090 0.466634406577 
10.405079579902 0.468021492050 
10.429281270702 0.469417087022 
10.453482776817 0.470821274654 
10.477684081788 0.472234141155 
10.501885130131 0.473655772028 
10.526085905624 0.475086256675 
10.550286461096 0.476525690291 
10.574486672975 0.477974159298 
10.598686505170 0.479431756989 
10.622886036696 0.480898585422 
10.647085131878 0.482374735515 
10.671283843621 0.483860311486 
10.695482144060 0.485355414600 
10.719679913381 0.486860142342 
10.743877165636 0.488374602462 
10.768073910566 0.489898904569 
10.792270122546 0.491433158199 
10.816465740901 0.492977472807 
10.840660797869 0.494531966000 
10.864855208761 0.496096750180 
10.889048871122 0.497671938816 
10.913241843919 0.499257658245 
10.937434227569 0.500854040159 
10.961625762122 0.502461194976 
10.985816472884 0.504079254390 
11.010006459702 0.505708357878 
11.034195509306 0.507348626561 
11.058383633946 0.509000199415 
11.082570931827 0.510663224272 
11.106757262136 0.512337835519 
11.130942619954 0.514024179803 
11.155126976879 0.515722405229 
11.179310213082 0.517432656548 
11.203492347800 0.519155091473 
11.227673466743 0.520889875893 
11.251853435973 0.522637163396 
11.276032136926 0.524397111922 
11.300209634021 0.526169896221 
11.324385851228 0.527955684483 
11.348560722244 0.529754649237 
11.372734265956 0.531566973151 
11.396906451009 0.533392839111 
11.421077222912 0.535232432238 
11.445246562042 0.537085944383 
11.469414364706 0.538953565113 
11.493580542559 0.540835489327 
11.517745161586 0.542731928347 
11.541908198189 0.544643091155 
11.566069583726 0.546569187778 
11.590229199018 0.548510428823 
11.614387044225 0.550467039226 
11.638543005458 0.552439239648 
11.662697139273 0.554427269696 
11.686849392832 0.556431365340 
11.710999605026 0.558451758745 
11.735147846576 0.560488706805 
11.759294055714 0.562542461014 
11.783438151197 0.564613276836 
11.807580015051 0.566701412277 
11.831719706492 0.568807146604 
11.855857041146 0.570930744014 
11.879992095978 0.573072497788 
11.904124797295 0.575232694463 
11.928255043227 0.577411624472 
11.952382718886 0.579609583571 
11.976507895255 0.581826891270 
12.000630352985 0.584063847456 
12.024750146538 0.586320784277 
12.048867235781 0.588598032580 
12.072981374549 0.590895910998 
12.097092658890 0.593214778096 
12.121201066651 0.595554989247 
12.145306458883 0.597916896375 
12.169408687875 0.600300858314 
12.193507828404 0.602707264100 
12.217603580065 0.605136473747 
12.241696045531 0.607588896058 
12.265785234811 0.610064939692 
12.289870948833 0.612565000729 
12.313953076718 0.615089493042 
12.338031656555 0.617638855391 
12.362106379632 0.620213499183 
12.386177319456 0.622813885770 
12.410244554657 0.625440487461 
12.434307685327 0.628093734197 
12.458366733863 0.630774111685 
12.482421807592 0.633482125933 
12.506472576071 0.636218244233 
12.530519135446 0.638982992410 
12.554561318601 0.641776877183 
12.578598962094 0.644600416112 
12.602631912194 0.647454138502 
12.626660337157 0.650338623223 
12.650683876314 0.653254397345 
12.674702573240 0.656202047629 
12.698716364242 0.659182159747 
12.722725169539 0.662195329118 
12.746728598957 0.665242123434 
12.770726777485 0.668323186863 
12.794719591529 0.671439145706 
12.818706780357 0.674590618728 
12.842688308249 0.677778265763 
12.866664287660 0.681002779158 
12.890634286546 0.684264790401 
12.914598444683 0.687565020052 
12.938556534740 0.690904151163 
12.962508332563 0.694282878620 
12.986453635545 0.697701911811 
13.010392705516 0.701162039041 
13.034325059772 0.704663954092 
13.058250714661 0.708208434376 
13.082169578282 0.711796254069 
13.106081610344 0.715428207383 
13.129986291710 0.719105027101 
13.153883749483 0.722827555703 
13.177774078605 0.726596644197 
13.201656700154 0.730413048720 
13.225531544166 0.734277615628 
13.249398869068 0.738191256848 
13.273258089729 0.742154757710 
13.297109323166 0.746169028682 
13.320952399093 0.750234943444 
13.344787366133 0.754353423116 
13.368613537590 0.758525270733 
13.392431147218 0.762751457195 
13.416240171561 0.767032919170 
13.440040119052 0.771370517059 
13.463831121016 0.775765231200 
13.487613012860 0.780217258618 
13.511385492225 0.784728127253 
13.535148370088 0.789298819430 
13.558901699930 0.793930385078 
13.582645367620 0.798623816237 
13.606378919473 0.803380031042 
13.630102622045 0.808200091917 
13.653816273012 0.813084972123 
13.677519459842 0.818035603967 
13.701212054639 0.823052980705 
13.724894223348 0.828138162089 
13.748565342296 0.833292041384 
13.772225413773 0.838515646191 
13.795874679083 0.843810060055 
13.819512730431 0.849176222997 
13.843139348787 0.854615113814 
13.866754434813 0.860127735821 
13.890358189413 0.865715160682 
13.913949912461 0.871378243427 
13.937529769260 0.877118038146 
13.961098038123 0.882935625897 
13.984653993458 0.888831836447 
14.008197787061 0.894807710115 
14.031729717015 0.900864324947 
14.055249006459 0.907002480864 
14.078756209884 0.913223319912 
14.102251240295 0.919527820831 
14.125733524275 0.925916830893 
14.149203368773 0.932391435504 
14.172660698311 0.938952620992 
14.196105255300 0.945601324135 
14.219536954105 0.952338529580 
14.242956439161 0.959165434212 
14.266362836923 0.966082793491 
14.289756736017 0.973091782633 
14.313138303028 0.980193449151 
14.336506581212 0.987388485262 
14.359862702775 0.994678206287 
14.383205855880 1.002063315022 
14.406536203337 1.009544799021 
14.429854344434 1.017123777970 
14.453159544499 1.024800933716 
14.476452519149 1.032577417776 
14.499733470682 1.040454224730 
14.523001729759 1.048432066293 
14.546258037115 1.056512152634 
14.569501992632 1.064695332275 
14.592733686548 1.072982654432 
14.615953906536 1.081375458200 
14.639162119818 1.089874651048 
14.662358974886 1.098481604622 
14.685544882860 1.107197644005 
14.708718755854 1.116023554988 
14.731882044744 1.124961095051 
14.755034153022 1.134011251778 
14.778175204683 1.143175277844 
14.801306218773 1.152454767151 
14.824426385386 1.161850563315 
14.847536717215 1.171364209202 
14.870637235061 1.180996818215 
14.893728313788 1.190749619239 
14.916810623855 1.200623945795 
14.939883002522 1.210620331179 
14.962946759900 1.220740350850 
14.986002215180 1.230985153520 
15.009049075148 1.241355605428 
15.032088886183 1.251853383681 
15.055120376028 1.262478881386 
15.078144874677 1.273233653704 
15.101163249384 1.284119040021 
15.124174602998 1.295135527860 
15.147180785787 1.306284871108 
15.170180485768 1.317567269366 
15.193174957213 1.328984107179 
15.216165637157 1.340536835912 
15.239151222927 1.352225522707 
15.262133259063 1.364051662002 
15.285111466804 1.376015871846 
15.308086699959 1.388119425794 
15.331060437984 1.400364034751 
15.354031326266 1.412750016336 
15.377000923657 1.425279315632 
15.399970256937 1.437953691418 
15.422938122230 1.450773779581 
15.445906508781 1.463742097614 
15.468875588271 1.476860320451 
15.491845364092 1.490130153335 
15.514817603671 1.503554359973 
15.537791153689 1.517133958756 
15.560767208691 1.530871164389 
15.583747695784 1.544768450263 
15.606730888761 1.558825925351 
15.629717997761 1.573045252570 
15.652710745393 1.587428192965 
15.675707320678 1.601974050177 
15.698710062356 1.616684421007 
15.721719277002 1.631559457171 
15.744734079502 1.646598506635 
15.767756963320 1.661803198966 
15.790785898095 1.677172428665 
15.813822566008 1.692707727040 
15.836868951621 1.708411060286 
15.859922900198 1.724281811582 
15.882987008662 1.740322720307 
15.906059080084 1.756533367430 
15.929140135254 1.772915611945 
15.952232814090 1.789472555634 
15.975334683752 1.806203866969 
15.998448164730 1.823112793341 
16.021571857733 1.840199926021 
16.044705393246 1.857466521605 
16.067852000272 1.874916306753 
16.091008960937 1.892548416549 
16.114177966992 1.910365110261 
16.137359954436 1.928368000687 
16.160552056096 1.946555646159 
16.183758330572 1.964931647356 
16.206975788118 1.983493783490 
16.230204695321 2.002242016318 
16.253447669849 2.021177976480 
16.276701518928 2.040298551561 
16.299968898889 2.059605178190 
16.323250998661 2.079097883201 
16.346544326231 2.098772550451 
16.369852286671 2.118630526640 
16.393172629074 2.138668373675 
16.416504207529 2.158883562208 
16.439851258516 2.179278163547 
16.463211136857 2.199848472733 
16.486584011271 2.220593398927 
16.509971285060 2.241513310142 
16.533371730084 2.262606766092 
16.556784392132 2.283872993768 
16.580209561556 2.305312645211 
16.603647675661 2.326926798325 
16.627098899741 2.348716620032 
16.650563622119 2.370683822534 
16.674041090494 2.392829326465 
16.697532563789 2.415156017691 
16.721037776974 2.437665421954 
16.744556542699 2.460359192401 
16.768090111500 2.483240364152 
16.791640117426 2.506312198555 
16.815205319293 2.529574737590 
16.838786581033 2.553029232579 
16.862384246553 2.576675460088 
16.885998674433 2.600512266797 
16.909630762237 2.624538250050 
16.933281236588 2.648751281919 
16.956950578816 2.673148673341 
16.980639100899 2.697727514048 
17.004345219178 2.722483141597 
17.028072039066 2.747415884306 
17.051819468090 2.772522973184 
17.075586356227 2.797800481129 
17.099375720138 2.823248407214 
17.123185455889 2.848860857572 
17.147013655079 2.874631428822 
17.170847278145 2.900541214409 
17.194684581957 2.926582235422 
17.218521627756 2.952743217883 
17.242363656752 2.979021839966 
17.266212762267 3.005411809080 
17.290064541851 3.031899394816 
17.313923796645 3.058480157589 
17.337795198966 3.085148865355 
17.361671689980 3.111887253761 
17.385557056773 3.138688607389 
17.409456818998 3.165547908781 
17.433367703865 3.192450776657 
17.457291235574 3.219388667577 
17.481233967738 3.246359417424 
17.505191594340 3.273350298864 
17.529166782268 3.300357462711 
17.553167165495 3.327383769409 
17.577186488252 3.354418872895 
17.601220101104 3.381455982037 
17.625250779142 3.408475764084 
17.649280345921 3.435479606602 
17.673309098251 3.462467177323 
17.697339069686 3.489440338484 
17.721370450279 3.516398910360 
17.745405653230 3.543344075298 
17.769444471791 3.570272712679 
17.793487259349 3.597181409496 
17.817531238997 3.624063346557 
17.841576153635 3.650914392407 
17.865623846588 3.677732044972 
17.889674571508 3.704511635844 
17.913723373256 3.731243722522 
17.937770601450 3.757926338187 
17.961817318847 3.784559914536 
17.985864131782 3.811145347835 
18.009911853513 3.837684740827 
18.033961933306 3.864182890247 
18.058010770673 3.890641957105 
18.082056922886 3.917067854263 
18.106102182732 3.943469629235 
18.130146183860 3.969853823376 
18.154190451511 3.996229931035 
18.178235421533 4.022606945144 
18.202282292941 4.048993287719 
18.226332346259 4.075394720255 
18.250385156395 4.101813004934 
18.274438892717 4.128247394921 
18.298493225122 4.154697405977 
18.322549799795 4.181162970077 
18.346608998515 4.207640688956 
18.370666760302 4.234121140460 
18.394722135603 4.260598089999 
18.418776355734 4.287067226593 
18.442825710803 4.313518788240 
18.466866111533 4.339942161177 
18.490898706549 4.366331967561 
18.514922869402 4.392682801218 
18.538940289504 4.418994063396 
18.562951948291 4.445266807986 
18.586957305717 4.471502795599 
18.610958862674 4.497709234623 
18.634957278636 4.523891031003 
18.658953063497 4.550054570940 
18.682948769118 4.576208496210 
18.706945149784 4.602359258577 
18.730942332270 4.628512505248 
18.754935482466 4.654669670517 
18.778925774838 4.680839314714 
18.802912282006 4.707028149396 
18.826894086428 4.733243223853 
18.850871840747 4.759493000244 
18.874845983926 4.785784925372 
18.898818596888 4.812125818363 
18.922779064639 4.838504633929 
18.946728035506 4.864916479151 
18.970666907101 4.891351996040 
18.994596738419 4.917797009079 
19.018512070314 4.944226996784 
19.042403261860 4.970611148061 
19.066273055053 4.996931758332 
19.090122371461 5.023171070602 
19.113952575534 5.049315313672 
19.137767661912 5.075358945504 
19.161568668826 5.101299755461 
19.185358288647 5.127143536440 
19.209140309347 5.152903199340 
19.232918704002 5.178597088231 
19.256679097051 5.204229238737 
19.280423491672 5.229821211591 
19.304155950247 5.255394500054 
19.327880028442 5.280967475656 
19.351600378541 5.306557066240 
19.375302253101 5.332157973602 
19.398978588231 5.357768989828 
19.422634985879 5.383396937697 
19.446276312309 5.409042090953 
19.469892392401 5.434684105978 
19.493465612166 5.460292341600 
19.517000007480 5.485858054978 
19.540503198224 5.511377169077 
19.563983069442 5.536848475234 
19.587445241850 5.562272964508 
19.610892324777 5.587653654076 
19.634310853876 5.612983259871 
19.657711110532 5.638284146876 
19.681102047869 5.663581928418 
19.704490845225 5.688902477405 
19.727885615771 5.714271554615 
19.751277371525 5.739695011105 
19.774644257349 5.765162417867 
19.797996030762 5.790690576684 
19.821333464187 5.816284861459 
19.844625566701 5.841921816987 
19.867881606273 5.867623069753 
19.891112283899 5.893414955423 
19.914322963032 5.919320131486 
19.937520524498 5.945361243562 
19.960709293845 5.971553867996 
19.983896782240 5.997914020620 
20.007084203517 6.024451796000 
20.030268984724 6.051176704351 
20.053450981574 6.078103689642 
20.076635589461 6.105252561866 
20.099791992746 6.132597459008 
20.122892573476 6.160104466323 
20.145943674692 6.187763921516 
20.168954206685 6.215559642406 
20.191926438127 6.243465833162 
20.214868320872 6.271466591638 
20.237778686640 6.299550415383 
20.260667409000 6.327732805783 
20.283537597180 6.356034708005 
20.306400188131 6.384496308931 
20.329253149537 6.413148451290 
20.352099939443 6.442026428208 
20.374922212888 6.471131265212 
20.397703005617 6.500449806767 
20.420445985396 6.529972590076 
20.443157687962 6.559675293990 
20.465820021981 6.589495607434 
20.488439492604 6.619401747925 
20.511017055627 6.649363828910 
20.533566829389 6.679379403235 
20.556106983067 6.709456468100 
20.578639935498 6.739581691281 
20.601185663344 6.769755184974 
20.623727324700 6.799924006699 
20.646268961475 6.830057725163 
20.668822613074 6.860140979743 
20.691317778712 6.890075531946 
20.713757900176 6.919865571953 
20.736138274821 6.949510971793 
20.758468524794 6.979033427879 
20.780768259457 7.008470863013 
20.803034411402 7.037841418050 
20.825287956759 7.067195025052 
20.847549430546 7.096574289448 
20.869793612824 7.125953210060 
20.892046053713 7.155344910710 
20.914289607681 7.184700678654 
20.936469005351 7.213934875388 
20.958600853226 7.243054722287 
20.980710855392 7.272079139185 
21.002821786072 7.301019172481 
21.024886059561 7.329798300413 
21.046912929016 7.358405341031 
21.068920460224 7.386844336949 
21.090933679582 7.415131786770 
21.112996170514 7.443251885747 
21.135075026195 7.471149345851 
21.157164109376 7.498826526493 
21.179292550550 7.526287428821 
21.201464666423 7.553507919093 
21.223616976996 7.580416955654 
21.245750437162 7.607029415456 
21.267860262355 7.633350513045 
21.289934624893 7.659370034311 
21.312003162207 7.685107406878 
21.334071203012 7.710543647611 
21.356199794091 7.735700222203 
21.378358490035 7.760502697499 
21.400517216149 7.784876402375 
21.422677348019 7.808760218125 
21.444924389830 7.832145972296 
21.467201188814 7.854905084955 
21.489471992121 7.876960320203 
21.511722839468 7.898270917894 
21.533990749849 7.918843889766 
21.556293837867 7.938678851362 
21.578677837965 7.957791597187 
21.601100353006 7.976133376224 
21.623533677094 7.993671532441 
21.645953861622 8.010382143069 
21.668416884045 8.026281628559 
21.690927047633 8.041350747080 
21.713518029374 8.055586722536 
21.736090473882 8.068940712273 
21.758676610998 8.081422840553 
21.781316952372 8.093032641317 
21.804026934167 8.103759130232 
21.826824934881 8.113586900120 
21.849734575438 8.122482519005 
21.872732927637 8.130395227072 
21.895761947028 8.137287560249 
21.918792549544 8.143146386057 
21.941862335206 8.147963267368 
21.964957835865 8.151728608309 
21.988079114632 8.154435703752 
22.011207696681 8.156087912245 
22.034321475349 8.156700422350 
22.057445283617 8.156287838051 
22.080567011384 8.154879507659 
22.103743417441 8.152487234839 
22.126943410867 8.149157624061 
22.150200897695 8.144925632168 
22.173483399295 8.139848394922 
22.196778828276 8.133957349314 
22.220092688307 8.127244525352 
22.243444825002 8.119684360376 
22.266811422386 8.111300132715 
22.290240908642 8.102098593463 
22.313706002900 8.092137401046 
22.337198041975 8.081446342552 
22.360756665748 8.069992334190 
22.384368000328 8.057769607140 
22.408066037338 8.044748685533 
22.431860894370 8.030939145743 
22.455682433941 8.016423918321 
22.479524548318 8.001214777851 
22.503387536188 7.985288950029 
22.527266974378 7.968635051733 
22.551181075930 7.951263458992 
22.575137442544 7.933240882500 
22.599138395325 7.914663439783 
22.623179400446 7.895622147812 
22.647234494826 7.876205927102 
22.671286890520 7.856493715683 
22.695336838719 7.836571094319 
22.719378441847 7.816541621622 
22.743427297574 7.796439182728 
22.767409032908 7.776351226503 
22.791313614552 7.756286655550 
22.815160968280 7.736231564624 
22.838965399567 7.716212692236 
22.862744655296 7.696247726634 
22.886447733423 7.676385537669 
22.910051778755 7.656630426956 
22.933564978858 7.636955023354 
22.956999190688 7.617352076213 
22.980367615521 7.597842545077 
23.003653281286 7.578487085491 
23.026825762774 7.559351467532 
23.049898218521 7.540433057674 
23.072875391990 7.521755003733 
23.095768608161 7.503355169615 
23.118581948005 7.485249480964 
23.141310428192 7.467447482833 
23.163899809025 7.450026238958 
23.186348215570 7.433004283299 
23.208668308486 7.416380901004 
23.230852627373 7.400179727477 
23.252913085952 7.384382724813 
23.274815817570 7.369002818121 
23.296531955877 7.354077948456 
23.318058336756 7.339650799328 
23.339400075498 7.325760564349 
23.360573414768 7.312431162274 
23.381570904021 7.299707621795 
23.402411990878 7.287610679689 
23.423099433427 7.276156607075 
23.443640573125 7.265334313410 
23.464042521619 7.255128766283 
23.484320645881 7.245513744528 
23.504470843751 7.236455988694 
23.524516262009 7.227884241634 
23.544446881008 7.219753442450 
23.564275506486 7.212017924233 
23.584019112618 7.204631282235 
23.603658552085 7.197575794943 
23.623217575922 7.190821994517 
23.642690100905 7.184381466969 
23.662086471597 7.178276845149 
23.681409874372 7.172538579436 
23.700655034997 7.167186869866 
23.719826124123 7.162216651491 
23.738936150559 7.157617068852 
23.757970172518 7.153396508095 
23.776947691802 7.149534356845 
23.795860024064 7.146001544950 
23.814705417183 7.142759403539 
23.833509730229 7.139766972579 
23.852252288154 7.137015794640 
23.870959082595 7.134489740478 
23.889637351143 7.132188759962 
23.908292745927 7.130119405118 
23.926935589522 7.128289737304 
23.945586002818 7.126705903985 
23.964236867453 7.125379644829 
23.982916450338 7.124298117094 
24.001635838027 7.123446749522 
24.020377091907 7.122826908612 
24.039180288287 7.122422602674 
24.058040073733 7.122224755109 
24.076976628223 7.122216003295 
24.096002807208 7.122383361983 
24.115123268444 7.122720365671 
24.134342788351 7.123222781427 
24.153702457495 7.123878117277 
24.173171851178 7.124701158497 
24.192763473890 7.125714709492 
24.212507891244 7.126943230400 
24.232375157088 7.128422641030 
24.252401273999 7.130169592086 
24.272584773245 7.132206839486 
24.292923943072 7.134566241258 
24.313433431009 7.137285796470 
24.334119098165 7.140412131650 
24.354970565250 7.143993345573 
24.376017233014 7.148051697407 
24.397222745352 7.152582982499 
24.418614456269 7.157553234469 
24.440183167498 7.162922669794 
24.461918335149 7.168662534547 
24.483842586602 7.174752153983 
24.505917095302 7.181178231040 
24.528173004822 7.187930422355 
24.550549921875 7.194991673497 
24.573038431106 7.202325910751 
24.595636474934 7.209866525288 
24.618342243629 7.217544903915 
24.641152278689 7.225322706939 
24.664061335256 7.233200278117 
24.687071357474 7.241207946502 
24.710176013618 7.249386193273 
24.733326576791 7.257752368560 
24.756415272129 7.266275401458 
24.779447586423 7.274896268258 
24.802419920727 7.283554179289 
24.825342430591 7.292217082636 
24.848216472383 7.300847210259 
24.871047633630 7.309375348929 
24.893839938841 7.317756438959 
24.916595997369 7.326036295972 
24.939317396303 7.334279103959 
24.961983564049 7.342458057491 
24.984600607465 7.350506110762 
25.007158241650 7.358408807922 
25.029659847663 7.366171334938 
25.052103946480 7.373753937751 
25.074489145631 7.381127563259 
25.096815503382 7.388339044770 
25.119087074728 7.395469414956 
25.141300729003 7.402552969612 
25.163453744955 7.409555838761 
25.185547279457 7.416410252350 
25.207581534104 7.423060898569 
25.229558602365 7.429493758271 
25.251477239984 7.435723538760 
25.273335520404 7.441765997841 
25.295134693635 7.447646321547 
25.316876713809 7.453406533844 
25.338564915094 7.459070746484 
25.360193715216 7.464616738248 
25.381773085945 7.469997740756 
25.403291401185 7.475183313244 
25.424765552062 7.480156547473 
25.446176620680 7.484918061813 
25.467548369733 7.489465715840 
25.488863243272 7.493827874839 
25.510131461257 7.498045967547 
25.531368358623 7.502159821960 
25.552589610197 7.506179803411 
25.573776814554 7.510086836139 
25.594967077823 7.513844508933 
25.616147987616 7.517409555729 
25.637343632892 7.520741251524 
25.658551926775 7.523833844035 
25.679793079322 7.526666182740 
25.701107856236 7.529237384377 
25.722446184091 7.531587598682 
25.743846819276 7.533717958732 
25.765329537402 7.535645372824 
25.786933231914 7.537354441436 
25.808590370823 7.538860069647 
25.830323958993 7.540186672313 
25.852179013250 7.541313113397 
25.874157663678 7.542261388082 
25.896276770303 7.543053821134 
25.918459035232 7.543718857853 
25.940761640197 7.544243546796 
25.963241875810 7.544565240236 
25.985852003517 7.544648100481 
26.008594322242 7.544463249124 
26.031402448987 7.544044144381 
26.054326296529 7.543421725351 
26.077401369872 7.542611891088 
26.100557635530 7.541718155681 
26.123769227280 7.540868035577 
26.147021105481 7.540144018100 
26.170312973828 7.539567396966 
26.193641882241 7.539110326847 
26.217013226395 7.538755074299 
26.240427251671 7.538509591247 
26.263884677090 7.538388984146 
26.287395953176 7.538399217197 
26.310963873021 7.538520046738 
26.334594905673 7.538713630581 
26.358296076276 7.538934320001 
26.382072677726 7.539095673139 
26.405927941578 7.539110805384 
26.429881057863 7.538948032406 
26.453931383360 7.538625409534 
26.478063861242 7.538204941797 
26.502260162019 7.537756964351 
26.526506260748 7.537311944124 
26.550799343480 7.536861845724 
26.575140073532 7.536355770195 
26.599487773447 7.535769762324 
26.623839793215 7.535093983046 
26.648198264868 7.534309749914 
26.672564393735 7.533397619408 
26.696938446607 7.532356079565 
26.721323683519 7.531170217589 
26.745713074709 7.529804681833 
26.770105397955 7.528253602816 
26.794499581230 7.526514605558 
26.818898118457 7.524565386572 
26.843284195818 7.522407392886 
26.867662325899 7.520028154744 
26.892042763834 7.517405792188 
26.916428327367 7.514523252364 
26.940815668876 7.511371846104 
26.965173283409 7.507963607914 
26.989503633522 7.504276891967 
27.013819035373 7.500286323175 
27.038125676667 7.495979643915 
27.062434209323 7.491305672045 
27.086726451972 7.486228510862 
27.110999512288 7.480758499671 
27.135267905576 7.474899643801 
27.159539025783 7.468636998138 
27.183823202954 7.461974325816 
27.208079819802 7.454973593986 
27.232319468125 7.447668941785 
27.256554139724 7.440132002882 
27.280785448866 7.432477504628 
27.305032539693 7.424777906823 
27.329291272963 7.417086964022 
27.353437624787 7.409564166064 
27.377470055599 7.402282196523 
27.401438914299 7.395196286068 
27.425357146332 7.388242680843 
27.449256794272 7.381385915827 
27.473153331115 7.374633204054 
27.497067020162 7.367966591865 
27.521016221664 7.361355963121 
27.545009066808 7.354804018893 
27.568954622451 7.348376373343 
27.592864292143 7.342030192358 
27.616751922143 7.335717973361 
27.640619233111 7.329437092852 
27.664476987330 7.323156695428 
27.688329633800 7.316813486863 
27.712189106212 7.310394028866 
27.736054224825 7.303945221714 
27.759934177782 7.297444797305 
27.783836610359 7.290841410430 
27.807764694031 7.284173081906 
27.831722236703 7.277485713323 
27.855712721578 7.270734510381 
27.879744960829 7.263882466217 
27.903814457069 7.256968756621 
27.927924828816 7.249977141055 
27.952077282738 7.242867157091 
27.976271027566 7.235719338494 
28.000506954875 7.228639561696 
28.024777228868 7.221650757803 
28.049058553158 7.214816215859 
28.073346739018 7.208211518161 
28.097638358832 7.201798590208 
28.121936027372 7.195514122863 
28.146226760263 7.189369555784 
28.170495267290 7.183345926349 
28.194762383457 7.177404540787 
28.219008660642 7.171630194106 
28.243287972281 7.166071170199 
28.267595270816 7.160747923170 
28.291921527834 7.155681993466 
28.316282254184 7.150857504670 
28.340657977860 7.146244037358 
28.365063587387 7.141823003939 
28.389502797485 7.137596107350 
28.413968684808 7.133540424980 
28.438477725272 7.129604795881 
28.463019041094 7.125737842055 
28.487591482485 7.121853587285 
28.512195756304 7.117871619901 
28.536803382772 7.113768341996 
28.561413940017 7.109511503338 
28.586023415697 7.105067364217 
28.610602338667 7.100463274398 
28.635168231820 7.095740509695 
28.659735886755 7.090930956504 
28.684306726285 7.086072417300 
28.708863368851 7.081216581602 
28.733411105639 7.076368954718 
28.757966717265 7.071507597359 
28.782526018534 7.066636531087 
28.807098587548 7.061745318613 
28.831686931064 7.056826268844 
28.856250180273 7.051914409643 
28.880794237113 7.047000733970 
28.905332149525 7.042067050873 
28.929873772450 7.037113840216 
28.954429761831 7.032098099124 
28.979008433136 7.026954254834 
29.003596363005 7.021669662189 
29.028181227600 7.016246568326 
29.052770040595 7.010680552904 
29.077375907047 7.005001100502 
29.101973590969 6.999279879670 
29.126561284141 6.993558482963 
29.151141676531 6.987860169768 
29.175732823334 6.982205349928 
29.200323060777 6.976621198267 
29.224892760322 6.971095086341 
29.249446535991 6.965575017641 
29.273988596571 6.960040063989 
29.298524649125 6.954483990762 
29.323058539664 6.948866562927 
29.347587061624 6.943149566674 
29.372111295230 6.937328071663 
29.396636485508 6.931401920903 
29.421165957355 6.925380672086 
29.445698605057 6.919306124784 
29.470224498764 6.913223426223 
29.494749139517 6.907146179106 
29.519276421043 6.901082816883 
29.543797424947 6.895049748608 
29.568303364744 6.889064774112 
29.592795599604 6.883143006164 
29.617277637926 6.877288507123 
29.641750076692 6.871482378047 
29.666214238544 6.865686882829 
29.690663540759 6.859873529770 
29.715101473152 6.854023055932 
29.739528519498 6.848125769840 
29.763947139804 6.842181942748 
29.788358102353 6.836208111847 
29.812763963329 6.830216864279 
29.837165626978 6.824205506965 
29.861565580476 6.818170717286 
29.885964246783 6.812107148915 
29.910364893284 6.805991884579 
29.934767834690 6.799808086020 
29.959176486470 6.793550646185 
29.983590792282 6.787219118687 
30.008014824957 6.780822267148 
30.032448791371 6.774382045903 
30.056896449929 6.767911466927 
30.081355992390 6.761412445157 
30.105826788365 6.754874849235 
30.130311863165 6.748279093971 
30.154811798346 6.741606630478 
30.179329161404 6.734849431822 
30.203864542593 6.728016867247 
30.228420669906 6.721119764298 
30.252995254841 6.714168598866 
30.277554930431 6.707204381639 
30.302097415147 6.700267573844 
30.326623258717 6.693405326958 
30.351134320295 6.686665130519 
30.375631144249 6.680080386696 
30.400113154726 6.673664964737 
30.424583891532 6.667414105581 
30.449045370969 6.661303280851 
30.473501535228 6.655293995866 
30.497950795260 6.649359994334 
30.522400886743 6.643479765715 
30.546857753744 6.637625137904 
30.571320042421 6.631769028036 
30.595795845620 6.625893862070 
30.620283356108 6.620003802415 
30.644788415210 6.614105889997 
30.669321653967 6.608199975026 
30.693857951062 6.602298644630 
30.718387193645 6.596402753729 
30.742901005002 6.590505133171 
30.767381045773 6.584605351067 
30.791834487044 6.578692811406 
30.816267138684 6.572755756464 
30.840690539943 6.566789161498 
30.865117836686 6.560787784220 
30.889564891047 6.554731661846 
30.914043543579 6.548614551715 
30.938564188249 6.542441234922 
30.963102017403 6.536216040030 
30.987635801727 6.529942837435 
31.012165087899 6.523634396496 
31.036699044465 6.517295078929 
31.061223039132 6.510948963797 
31.085738992733 6.504631087944 
31.110250730291 6.498353865858 
31.134756754210 6.492110451124 
31.159256586674 6.485907685469 
31.183753757463 6.479755425741 
31.208250842771 6.473661523181 
31.232750607374 6.467648927186 
31.257252951443 6.461746624972 
31.281759271537 6.455957335779 
31.306271421939 6.450252695107 
31.330791180502 6.444593014340 
31.355317588940 6.438943814828 
31.379829187250 6.433298943859 
31.404338454261 6.427658864779 
31.428842428673 6.422037199839 
31.453351030650 6.416434527979 
31.477870080646 6.410845539645 
31.502384346929 6.405281152696 
31.526903251342 6.399758632677 
31.551427759106 6.394305137837 
31.575952651633 6.388948573459 
31.600478897605 6.383708426004 
31.625006869863 6.378587838830 
31.649534819005 6.373585838026 
31.674059197081 6.368704907591 
31.698578728353 6.363937001348 
31.723095695263 6.359271634014 
31.747609519467 6.354700577583 
31.772120240557 6.350214204233 
31.796630709682 6.345821848713 
31.821140186230 6.341541193607 
31.845649031844 6.337368528624 
31.870158986722 6.333292439627 
31.894668542729 6.329305564132 
31.919181411208 6.325400332537 
31.943697316335 6.321578305161 
31.968215363647 6.317841056577 
31.992737933720 6.314185867803 
32.017262912075 6.310618213586 
32.041793260482 6.307153761980 
32.066330238377 6.303826683434 
32.090872993572 6.300681111167 
32.115422496386 6.297744963891 
32.139977698083 6.295020053898 
32.164544330630 6.292486388518 
32.189104064459 6.290131058871 
32.213644203780 6.287951145797 
32.238162881278 6.285949832236 
32.262666965855 6.284131160540 
32.287154143999 6.282506901007 
32.311629382729 6.281090329145 
32.336093972519 6.279883993389 
32.360551061577 6.278863941278 
32.385001323520 6.277994221689 
32.409445845930 6.277249393882 
32.433888199519 6.276611304135 
32.458328194581 6.276055612542 
32.482767761620 6.275554997106 
32.507205359664 6.275099858593 
32.531644171007 6.274698268812 
32.556084025673 6.274364236125 
32.580525358945 6.274112009312 
32.604966220603 6.273955264047 
32.629408841984 6.273896618332 
32.653852583186 6.273927729488 
32.678296943252 6.274029839624 
32.702741549952 6.274166865443 
32.727187387591 6.274291468607 
32.751635570534 6.274364303804 
32.776085697206 6.274361052765 
32.800538357621 6.274274833676 
32.824995471139 6.274124121357 
32.849458496686 6.273949959307 
32.873925871416 6.273801341937 
32.898399112645 6.273716330501 
32.922879497925 6.273705811742 
32.947370597912 6.273744370122 
32.971874906882 6.273781893881 
32.996395596753 6.273765614620 
33.020925721456 6.273664388677 
33.045460355511 6.273473512966 
33.069999762377 6.273206333915 
33.094545032463 6.272886382434 
33.119095715094 6.272542047117 
33.143651122004 6.272197882277 
33.168210782223 6.271867549012 
33.192774073797 6.271555773138 
33.217341041604 6.271260066855 
33.241910988355 6.270970903462 
33.266483594070 6.270666552377 
33.291060077329 6.270305291625 
33.315640548434 6.269839626083 
33.340225456023 6.269242408056 
33.364815041370 6.268505108594 
33.389410063348 6.267621872030 
33.414010727015 6.266595810178 
33.438617120186 6.265447114335 
33.463230565705 6.264211520617 
33.487851045235 6.262931108220 
33.512478177750 6.261631939779 
