0.000000000000000000e+00 3.583741559999964466e-02
5.000000000000000104e-03 2.231697897564318550e-02
1.324999999999999963e-02 8.261736362948468961e-06
2.699999999999999969e-02 7.954320975834150187e-06
4.212500000000000272e-02 7.386505242449104159e-06
5.876250000000000223e-02 6.944890442106377221e-06
7.706375000000000031e-02 6.548315749207666969e-06
9.719512499999999333e-02 6.187065422125351297e-06
1.193396374999999981e-01 5.866171069222639042e-06
1.432264910209999909e-01 5.582079756594441934e-06
1.671502345620000107e-01 5.343617412172169634e-06
1.911079877000000093e-01 5.142620109766210440e-06
2.150971540349999878e-01 4.971345883049691027e-06
2.391152227189999868e-01 4.823646195462964319e-06
2.631598937060000143e-01 4.694934148259676935e-06
2.872294197529999815e-01 4.581709665142661014e-06
3.113223714360000005e-01 4.481327760914237059e-06
3.354370183320000143e-01 4.391804374585546270e-06
3.595719511120000211e-01 4.311517366858763326e-06
3.837259220570000129e-01 4.239231550048811432e-06
4.078979834229999879e-01 4.173944329375372119e-06
4.320871468790000169e-01 4.114830559581607097e-06
4.562924197020000183e-01 4.061196844283468214e-06
4.805127156880000250e-01 4.012461029686967542e-06
5.047473868230000216e-01 3.968088635650995354e-06
5.289959033159999935e-01 3.927695003833122420e-06
5.532573904290000177e-01 3.890935840736566169e-06
5.775311240079999964e-01 3.857471939272963015e-06
6.018164918459999457e-01 3.827004880321728390e-06
6.261130650559999511e-01 3.799311299431865888e-06
6.504203752249999582e-01 3.774212556257285013e-06
6.747378416989999739e-01 3.751451546537477334e-06
6.990648008180000428e-01 3.730902416025424130e-06
7.234009150500000374e-01 3.712406868370120948e-06
7.477459293879999969e-01 3.695808600635348093e-06
7.720993598559999782e-01 3.681019419852633767e-06
7.964607256550000347e-01 3.667908345164837434e-06
8.208296101600000005e-01 3.656373439838581833e-06
8.452057681629999708e-01 3.646313808637632256e-06
8.695890082349999606e-01 3.637660858249257251e-06
8.939788836190000199e-01 3.630328406764044595e-06
9.183749641749999748e-01 3.624238229854954864e-06
9.427770092339999852e-01 3.619332086940101481e-06
9.671842522779999785e-01 3.615538842517260597e-06
9.915932474469999480e-01 3.612804198596204614e-06
1.016003948458999995e+00 3.611060705948315754e-06
1.040416298798999994e+00 3.610275678916955568e-06
1.064830136732999977e+00 3.610430990502164921e-06
1.089245371852999966e+00 3.611476990378148360e-06
1.113661957649999978e+00 3.613368179366592340e-06
1.138079863326000085e+00 3.616063331784941682e-06
1.162499043588999914e+00 3.619529963673482445e-06
1.186919352882999990e+00 3.623749214046475150e-06
1.211340722509999912e+00 3.628692107934746534e-06
1.235763120579999930e+00 3.634314032935805552e-06
1.260186527396000011e+00 3.640594736548507506e-06
1.284610906851000101e+00 3.647542608406290571e-06
1.309036126550999990e+00 3.655097541815072521e-06
1.333462132173999892e+00 3.663210334855364719e-06
1.357888902333999948e+00 3.671939168414041288e-06
1.382316425525000003e+00 3.681223148834139957e-06
1.406744672697999965e+00 3.691009156874989770e-06
1.431173522621000060e+00 3.701359793150072627e-06
1.455602931088999963e+00 3.712205546215284232e-06
1.480032884212000077e+00 3.723502575267279268e-06
1.504463376674999964e+00 3.735312779424423994e-06
1.528894386681999951e+00 3.747603336638743468e-06
1.553325803414000061e+00 3.760314343932603880e-06
1.577757587647999893e+00 3.773458377570484794e-06
1.602189730586000005e+00 3.787052944402782489e-06
1.626622231705999955e+00 3.801057652779696399e-06
1.651055076296999991e+00 3.815459776516579906e-06
1.675488163457999891e+00 3.830261212324500754e-06
1.699921455678000015e+00 3.845434107465204695e-06
1.724354947259000070e+00 3.861016215601628889e-06
1.748788641453000059e+00 3.876967120621468552e-06
1.773222526487999939e+00 3.893252374052251650e-06
1.797656523716999910e+00 3.909895292889585242e-06
1.822090586544999891e+00 3.926910567775977413e-06
1.846524710556000093e+00 3.944252963460644707e-06
1.870958902022000103e+00 3.961922846259357462e-06
1.895393152852000052e+00 3.979945634534534486e-06
1.919827408506999955e+00 3.998264223548312203e-06
1.944261609061000096e+00 4.016895085129452351e-06
1.968695749617999979e+00 4.035873681663743811e-06
1.993129838907000018e+00 4.055138214305099005e-06
2.017563874063999840e+00 4.074671342903558574e-06
2.041997829576999823e+00 4.094540940052002950e-06
2.066431624617000029e+00 4.114704464163110447e-06
2.090865252502999816e+00 4.135154460024251611e-06
2.115298723741000142e+00 4.155869509921596121e-06
2.139732042347000096e+00 4.176871884152897763e-06
2.164165198279000002e+00 4.198148164125962586e-06
2.188598113229000219e+00 4.219698920342881392e-06
2.213030770871999842e+00 4.241537594423443380e-06
2.237463177357000177e+00 4.263620540900680314e-06
2.261895345579000072e+00 4.285949729692647842e-06
2.286327260571999975e+00 4.308570038890592119e-06
2.310758890386999997e+00 4.331443904638732047e-06
2.335190183168999845e+00 4.354568472138261795e-06
2.359621139276999902e+00 4.377937900580634195e-06
2.384051772988000195e+00 4.401552711060204148e-06
2.408482080443000051e+00 4.425434319204525098e-06
2.432912063605999986e+00 4.449548569650831132e-06
2.457341645551000209e+00 4.473916917717517284e-06
2.481770818664000178e+00 4.498490495926689764e-06
2.506199592265000220e+00 4.523329112017531148e-06
2.530627977571000109e+00 4.548413814578169305e-06
2.555055967046000021e+00 4.573705997306920253e-06
2.579483547065000160e+00 4.599251646936734043e-06
2.603910656686999836e+00 4.625029127019213321e-06
2.628337296324000150e+00 4.651031154669985441e-06
2.652763482081999857e+00 4.677257664517477671e-06
2.677189215290999957e+00 4.703709718140762748e-06
2.701614501004999891e+00 4.730370945183648190e-06
2.726039298267000088e+00 4.757286188603541091e-06
2.750463572719000105e+00 4.784430770294903741e-06
2.774887327540000115e+00 4.811758581214712505e-06
2.799310581032000034e+00 4.839331956842353796e-06
2.823733328108999796e+00 4.867110466655314677e-06
2.848155581917000134e+00 4.895119371922776337e-06
2.872577288272000207e+00 4.923341773375458112e-06
2.896998426544000083e+00 4.951771741172801973e-06
2.921419002201000037e+00 4.980446097742774655e-06
2.945839034775000087e+00 5.009325429847257694e-06
2.970258515985999992e+00 5.038389580831906433e-06
2.994677460627999999e+00 5.067684079017463430e-06
3.019095818009000176e+00 5.097191985233958254e-06
3.043513569031000010e+00 5.126907388215934218e-06
3.067930719213999957e+00 5.156846856829313912e-06
3.092347289225000129e+00 5.186991188515710361e-06
3.116763271358999887e+00 5.217340832837340242e-06
3.141178681911000137e+00 5.247899325276479351e-06
3.165593479696999779e+00 5.278691922170362134e-06
3.190007639016999796e+00 5.309652244107393768e-06
3.214421163233999845e+00 5.340836777182639435e-06
3.238834074056000212e+00 5.372246158859662989e-06
3.263246367833999795e+00 5.403840080649169816e-06
3.287658061749000105e+00 5.435642154796240953e-06
3.312069121886000111e+00 5.467657701246211253e-06
3.336479519866000221e+00 5.499890948789080907e-06
3.360888823041999984e+00 5.532311694481037445e-06
3.385295835712000212e+00 5.564929868499812331e-06
3.409700592715000145e+00 5.597734645081270264e-06
3.434103092303999905e+00 5.630746643397098407e-06
3.458503369889000201e+00 5.663957154291064776e-06
3.482901321261000049e+00 5.697370017117463827e-06
3.507296949746999903e+00 5.730998522149816615e-06
3.531690214710000220e+00 5.764818121274871761e-06
3.556081156228000140e+00 5.798846187222232865e-06
3.580469760466999940e+00 5.833079379955082113e-06
3.604856093355000013e+00 5.867524456213010924e-06
3.629240087030999984e+00 5.902175550807076324e-06
3.653621684836000139e+00 5.937004256892544297e-06
3.678000888021999870e+00 5.972045320262604594e-06
3.702377691466999909e+00 6.007295326288999434e-06
3.726752126075000060e+00 6.042750206614329261e-06
3.751124217940999817e+00 6.078393047509000717e-06
3.775493969201999978e+00 6.114257840459712321e-06
3.799861299932000058e+00 6.150343336059659792e-06
3.824226221928999969e+00 6.186602774828711083e-06
3.848588703293999824e+00 6.223093443460302913e-06
3.872948788970000056e+00 6.259771436061733366e-06
3.897306470203000028e+00 6.296634682980299407e-06
3.921661807711000147e+00 6.333729775845040020e-06
3.946014751168000156e+00 6.371050347791192577e-06
3.970365251430000075e+00 6.408548175543063824e-06
3.994713314193000020e+00 6.446259033546189244e-06
4.019058933835999881e+00 6.484177062274217296e-06
4.043402159229000148e+00 6.522301372700953333e-06
4.067742991120000262e+00 6.560634916288997845e-06
4.092081455254000133e+00 6.599162763532123022e-06
4.116417512795999656e+00 6.637932526907120664e-06
4.140751141702000204e+00 6.676900338740705465e-06
4.165082324189000040e+00 6.716060989572801585e-06
4.189411077375000403e+00 6.755426942765685015e-06
4.213737441950000218e+00 6.795016478749040563e-06
4.238061451211000197e+00 6.834838064592734374e-06
4.262383084960999824e+00 6.874838786634823772e-06
4.286702315127000062e+00 6.915056633847335971e-06
4.311019143610000270e+00 6.955512116779121290e-06
4.335333543326999717e+00 6.996159601628287876e-06
4.359645549675000176e+00 7.037032067939380810e-06
4.383955191756999881e+00 7.078107668882019128e-06
4.408262512403999800e+00 7.119376180448757594e-06
4.432567470790999664e+00 7.160906175649815274e-06
4.456870061036999786e+00 7.202631301067025946e-06
4.481170277820000436e+00 7.244573067456753922e-06
4.505468107507000219e+00 7.286744661701861830e-06
4.529763595610000415e+00 7.329099592883958560e-06
4.554056762995999819e+00 7.371701588974013685e-06
4.578347642615000268e+00 7.414537160314556723e-06
4.602636208093000114e+00 7.457569940174888781e-06
4.626922459582000435e+00 7.500819212837722422e-06
4.651206383628999852e+00 7.544305718857105559e-06
4.675487975718000122e+00 7.587999478068799441e-06
4.699767285633000391e+00 7.631916936654578764e-06
4.724044335067000056e+00 7.676082825291956092e-06
4.748319145831000121e+00 7.720461933216415124e-06
4.772591702508999667e+00 7.765055981169746968e-06
4.796862015651999656e+00 7.809886688561593391e-06
4.821130063833999557e+00 7.854935026267771428e-06
4.845395847910999976e+00 7.900210454783805530e-06
4.869659415914999734e+00 7.945728449927266633e-06
4.893920801237999996e+00 7.991473877694637803e-06
4.918180015269999927e+00 8.037433253576052432e-06
4.942437048536000077e+00 8.083645749258602366e-06
4.966691925642000349e+00 8.130073663101734753e-06
4.990944616569000125e+00 8.176741269591897822e-06
5.015195123047000436e+00 8.223657804766570286e-06
5.039443485425000091e+00 8.270772747517072959e-06
5.063689757794000101e+00 8.318133954524378784e-06
5.087933939980000098e+00 8.365752205369554297e-06
5.112176024955999765e+00 8.413620061872182241e-06
5.136416055804000180e+00 8.461701417262529576e-06
5.160653994249999599e+00 8.510026235921966807e-06
5.184889830400000399e+00 8.558580537793905043e-06
5.209123608066000166e+00 8.607390075554692711e-06
5.233355404379000042e+00 8.656443400866646552e-06
5.257585208606999849e+00 8.705735377284986180e-06
5.281813010858000368e+00 8.755278380879828983e-06
5.306038847634000355e+00 8.805049001510580195e-06
5.330262724227000426e+00 8.855084811916869326e-06
5.354484583520999763e+00 8.905375757585472926e-06
5.378704486044999733e+00 8.955914582502735066e-06
5.402922528013999859e+00 9.006674743753886490e-06
5.427138687371000358e+00 9.057700782974289683e-06
5.451352930635000149e+00 9.108978815444798461e-06
5.475565311719000405e+00 9.160517014219153570e-06
5.499775862968999895e+00 9.212296589141080212e-06
5.523984518876999594e+00 9.264334871959768310e-06
5.548191329227000423e+00 9.316647299874298546e-06
5.572396365516000039e+00 9.369195932116371395e-06
5.596599655344999924e+00 9.422024134776427927e-06
5.620801154852999915e+00 9.475108184030864362e-06
5.645000906891000092e+00 9.528427387586915523e-06
5.669198972482000443e+00 9.582025541391642748e-06
5.693395277597000259e+00 9.635887047448064822e-06
5.717589856783000357e+00 9.690009669561148954e-06
5.741782751139999696e+00 9.744404167098904450e-06
5.765974045991000274e+00 9.799068347661993064e-06
5.790163685858000342e+00 9.854014348167709951e-06
5.814351699630999626e+00 9.909199470346416902e-06
5.838538137153999941e+00 9.964649061334218287e-06
5.862723005241999630e+00 1.002040693839697151e-05
5.886906241521000283e+00 1.007641827764311730e-05
5.911087917198999619e+00 1.013269165405429735e-05
5.935268127852999953e+00 1.018926499015029949e-05
5.959446859529999863e+00 1.024610551958967664e-05
5.983624070282999696e+00 1.030323786223856874e-05
6.007799822984000393e+00 1.036063834895735829e-05
6.031974187777000118e+00 1.041830050502630491e-05
6.056147064377999989e+00 1.047624625952779549e-05
6.080318515559000048e+00 1.053450459440396106e-05
6.104488595424999886e+00 1.059305062197564959e-05
6.128657383075999832e+00 1.065185357005298737e-05
6.152824791579999619e+00 1.071095878657793547e-05
6.176990878645000294e+00 1.077037494391346033e-05
6.201155705611999913e+00 1.083005546460722446e-05
6.225319262464999781e+00 1.089000274507859452e-05
6.249481504390000275e+00 1.095028165938790770e-05
6.273642501229000246e+00 1.101086000376978669e-05
6.297802350668000315e+00 1.107171708513825891e-05
6.321961029301999879e+00 1.113288257883971953e-05
6.346118505411999955e+00 1.119433634052764035e-05
6.370274841710999780e+00 1.125609127817908015e-05
6.394430130731000084e+00 1.131814934884904208e-05
6.418584247333000370e+00 1.138051475521939422e-05
6.442737266457999823e+00 1.144318847294710024e-05
6.466889233614000254e+00 1.150616262801813287e-05
6.491040256240999895e+00 1.156945524238980795e-05
6.515190217454000177e+00 1.163303329692434749e-05
6.539339187136000042e+00 1.169693918991956559e-05
6.563487216204999974e+00 1.176117928930880522e-05
6.587634349013000268e+00 1.182570678771819190e-05
6.611780487349999902e+00 1.189053152212906804e-05
6.635925719518000143e+00 1.195569267200715937e-05
6.660070123314000057e+00 1.202120247782521060e-05
6.684213738401999727e+00 1.208702017840323066e-05
6.708356471073000371e+00 1.215313514005978924e-05
6.732498403933999676e+00 1.221956471533615845e-05
6.756639618926000068e+00 1.228636506348919097e-05
6.780780059739000443e+00 1.235347321822905932e-05
6.804919729506999637e+00 1.242090069873055125e-05
6.829058688123000209e+00 1.248866273376478497e-05
6.853197039860000395e+00 1.255674798263898152e-05
6.877334726558999911e+00 1.262520298867640164e-05
6.901471753057999869e+00 1.269395650578890956e-05
6.925608174042999998e+00 1.276306435130566772e-05
6.949744097174000323e+00 1.283251474609114612e-05
6.973879386688000004e+00 1.290229281513426742e-05
6.998014126016999903e+00 1.297243528648450367e-05
7.022148352729000287e+00 1.304288930514994489e-05
7.046282190924999966e+00 1.311370014415348576e-05
7.070415510892999578e+00 1.318488053547861001e-05
7.094548387159999692e+00 1.325640559917506511e-05
7.118680858905999997e+00 1.332826669886596418e-05
7.142813028922000207e+00 1.340049693430249829e-05
7.166944742852000338e+00 1.347307389714443382e-05
7.191076108047999682e+00 1.354600173940964043e-05
7.215207177138999839e+00 1.361930026259950248e-05
7.239338060177000322e+00 1.369294653107225628e-05
7.263468595544999573e+00 1.376698372465978054e-05
7.287598887092999966e+00 1.384137101944457473e-05
7.311728988735000101e+00 1.391610020437540833e-05
7.335858959784999911e+00 1.399123891957870161e-05
7.359988690445000259e+00 1.406673500221694383e-05
7.384118275777000306e+00 1.414258007312880571e-05
7.408247777375000176e+00 1.421884169889501354e-05
7.432377269926999652e+00 1.429545035821282750e-05
7.456506628336000198e+00 1.437244180235814125e-05
7.480635945411999721e+00 1.444982270744613439e-05
7.504765282578000019e+00 1.452758916743388990e-05
7.528894674989000002e+00 1.460574354686227612e-05
7.553024038124999784e+00 1.468426930665465779e-05
7.577153459967999716e+00 1.476318362717472888e-05
7.601283005437999840e+00 1.484249577742884009e-05
7.625412728284000075e+00 1.492221625062314045e-05
7.649542525518000069e+00 1.500231365293623261e-05
7.673672483679999878e+00 1.508281905822521857e-05
7.697802666547000072e+00 1.516372841687409558e-05
7.721933106400999947e+00 1.524502459313665553e-05
7.746063722875000224e+00 1.532675185521396042e-05
7.770194602906999926e+00 1.540886527271866107e-05
7.794325808342000173e+00 1.549137310603858244e-05
7.818457397976000145e+00 1.557432931375171044e-05
7.842589265125000431e+00 1.565768332886272138e-05
7.866721496564999860e+00 1.574146374920866876e-05
7.890854151559000051e+00 1.582564179140040118e-05
7.914987277523000131e+00 1.591024658298830315e-05
7.939120780269999678e+00 1.599528435013466401e-05
7.963254750684000349e+00 1.608074761348546070e-05
7.987389242200999995e+00 1.616664004981234213e-05
8.011524332020000472e+00 1.625293813259694192e-05
8.035659896410999536e+00 1.633969874471069973e-05
8.059796026877000585e+00 1.642690465986252631e-05
8.083932773366999669e+00 1.651451658125613253e-05
8.108070218942000196e+00 1.660257438392753751e-05
8.132208235212999625e+00 1.669111334328326218e-05
8.156346922841999358e+00 1.678005513222478640e-05
8.180486320730999239e+00 1.686945880384950350e-05
8.204626534771000124e+00 1.695932367172037482e-05
8.228767428888000168e+00 1.704961373850067002e-05
8.252909090777000856e+00 1.714039374137343427e-05
8.277051554448000559e+00 1.723163645960048846e-05
8.301194923874000153e+00 1.732331202338526182e-05
8.325339083063999723e+00 1.741545223248134669e-05
8.349484104047000699e+00 1.750808374943835263e-05
8.373630028670000058e+00 1.760117737912841732e-05
8.397776947702000783e+00 1.769475397035658401e-05
8.421924789807000877e+00 1.778879456112509566e-05
8.446073582648999434e+00 1.788331813165486083e-05
8.470223371712000571e+00 1.797832422541483649e-05
8.494374241007999871e+00 1.807380056177580456e-05
8.518526156361000190e+00 1.816978128172330541e-05
8.542679109464000220e+00 1.826625005148829512e-05
8.566833164891999530e+00 1.836322037827377272e-05
8.590988385339999311e+00 1.846066855255265298e-05
8.615144788905000794e+00 1.855862044026833590e-05
8.639302315309999258e+00 1.865709724200771775e-05
8.663461034102999392e+00 1.875607517310063209e-05
8.687620999783000286e+00 1.885555649510954401e-05
8.711782274300000850e+00 1.895554431898598284e-05
8.735944744463999712e+00 1.905605642280801360e-05
8.760108478413000554e+00 1.915708732245496458e-05
8.784273483269000593e+00 1.925862909060427669e-05
8.808439793166000342e+00 1.936070455588102151e-05
8.832607254833000354e+00 1.946331768281580035e-05
8.856775893745000516e+00 1.956644467484253651e-05
8.880945718759999608e+00 1.967012380610828903e-05
8.905116712066000417e+00 1.977434633433235484e-05
8.929288752464000112e+00 1.987909336964826645e-05
8.953461869137999685e+00 1.998439463997232285e-05
8.977636070992000228e+00 2.009023753275273672e-05
9.001811317222999875e+00 2.019662044268788576e-05
9.025987521557999216e+00 2.030358137609043949e-05
9.050164702586000587e+00 2.041108705514724849e-05
9.074342902583000026e+00 2.051916038582405184e-05
9.098522036941000479e+00 2.062781668450139867e-05
9.122702063542000417e+00 2.073700787585011670e-05
9.146883010648000578e+00 2.084678973130082476e-05
9.171064900721999535e+00 2.095718034560970197e-05
9.195247623211999510e+00 2.106812790002778683e-05
9.219431177374000086e+00 2.117963123342514082e-05
9.243615552593000828e+00 2.129175138112826592e-05
9.267800842894999391e+00 2.140449402784608453e-05
9.291986839779999841e+00 2.151779734698617373e-05
9.316173633856999814e+00 2.163169179933941577e-05
9.340361184764999436e+00 2.174622196561277858e-05
9.364549526880999508e+00 2.186136539089113419e-05
9.388738534572999228e+00 2.197710284312517651e-05
9.412928238170000128e+00 2.209345185204426227e-05
9.437118657366999841e+00 2.221044969360615344e-05
9.461309785299999220e+00 2.232805698541346544e-05
9.485501502855999689e+00 2.244628984360094132e-05
9.509693857999000244e+00 2.256520269956690402e-05
9.533886883112000277e+00 2.268473852515481701e-05
9.558080482604999872e+00 2.280489070663153245e-05
9.582274614889000119e+00 2.292570224774862799e-05
9.606469313625000339e+00 2.304720447204731048e-05
9.630664645222999809e+00 2.316934363123682937e-05
9.654860410016999239e+00 2.329213848780819617e-05
9.679056677825000676e+00 2.341563463093888049e-05
9.703253458400000753e+00 2.353978716143373490e-05
9.727450740857999989e+00 2.366462117670981374e-05
9.751648399457000238e+00 2.379013359253518439e-05
9.775846473509000489e+00 2.391634269867569398e-05
9.800045052044000116e+00 2.404328018381663172e-05
9.824243944232000203e+00 2.417088539247000043e-05
9.848443194351000685e+00 2.429920672839829782e-05
9.872642806512999414e+00 2.442826813046241368e-05
9.896842775628000410e+00 2.455802933588187265e-05
9.921043023531000316e+00 2.468850575454307808e-05
9.945243516215999335e+00 2.481971598776763061e-05
9.969444340771000057e+00 2.495168899646195716e-05
9.993645408094000260e+00 2.508439678993273068e-05
1.001784665990100009e+01 2.521785947764893890e-05
1.004204812743000019e+01 2.535207323923255367e-05
1.006624980069599928e+01 2.548704522527753133e-05
1.009045158050200008e+01 2.562280433988191322e-05
1.011465351754599951e+01 2.575932760102387921e-05
1.013885563832099912e+01 2.589664721137074018e-05
1.016305777573700020e+01 2.603474399544418279e-05
1.018725999309799946e+01 2.617363765936890226e-05
1.021146231940999982e+01 2.631336702486024512e-05
1.023566463070599930e+01 2.645387375592171656e-05
1.025986691289699948e+01 2.659521318399675024e-05
1.028406916862799925e+01 2.673740165579597272e-05
1.030827146640299929e+01 2.688040287775872163e-05
1.033247365171700061e+01 2.702424967757999317e-05
1.035667573420399989e+01 2.716896153746041319e-05
1.038087774709000044e+01 2.731452438299864221e-05
1.040507957990200083e+01 2.746095552175730004e-05
1.042928127070200084e+01 2.760825972784671333e-05
1.045348277681699933e+01 2.775644618659203067e-05
1.047768408178800037e+01 2.790556554966090971e-05
1.050188513013100078e+01 2.805555509659397011e-05
1.052608590562400082e+01 2.820643576119006855e-05
1.055028646109600032e+01 2.835827042987599747e-05
1.057448667297500045e+01 2.851104973666175493e-05
1.059868650517000077e+01 2.866475811794982800e-05
1.062288603669600029e+01 2.881939350745798563e-05
1.064708513187800065e+01 2.897499194590481784e-05
1.067128384362099958e+01 2.913159309407935813e-05
1.069548214405999964e+01 2.928915703986818717e-05
1.071967991338100035e+01 2.944769995169103029e-05
1.074387716563600037e+01 2.960726874673804201e-05
1.076807391056600061e+01 2.976784601858305481e-05
1.079227012254600027e+01 2.992943411717247126e-05
1.081646574090100010e+01 3.009205986913416183e-05
1.084066079786900083e+01 3.025575959713979341e-05
1.086485520876099997e+01 3.042049467892742222e-05
1.088904887112200015e+01 3.058629934910080686e-05
1.091324184391899976e+01 3.075321151635935417e-05
1.093743422756899975e+01 3.092120703245473533e-05
1.096162576212200079e+01 3.109031271048362874e-05
1.098581647288400021e+01 3.126052749098863520e-05
1.101000645970199976e+01 3.143190283811017193e-05
1.103419550930600046e+01 3.160441220652732521e-05
1.105838363394600066e+01 3.177808178408122948e-05
1.108257093182700004e+01 3.195295108847730404e-05
1.110675726213600001e+01 3.212900427598435534e-05
1.113094261995400025e+01 3.230627237031704751e-05
1.115512697687900001e+01 3.248473009349452052e-05
1.117931021308199924e+01 3.266442840912943109e-05
1.120349234779999925e+01 3.284541609173707605e-05
1.122767346674299915e+01 3.302767320994707206e-05
1.125185343597300047e+01 3.321119525000505859e-05
1.127603213692600015e+01 3.339601314580002413e-05
1.130020963402099987e+01 3.358214080521576512e-05
1.132438585122799957e+01 3.376962786210149726e-05
1.134856072224400059e+01 3.395849206941447369e-05
1.137273426595599979e+01 3.414870981514309036e-05
1.139690645100900035e+01 3.434029214800885530e-05
1.142107722291200034e+01 3.453331512181501118e-05
1.144524656204199964e+01 3.472775246147650433e-05
1.146941436470599918e+01 3.492363535401308476e-05
1.149358054255900008e+01 3.512100814952608910e-05
1.151774516158599937e+01 3.531986602837569936e-05
1.154190819818900060e+01 3.552024543998558148e-05
1.156606958372599969e+01 3.572211518995544859e-05
1.159022919901799931e+01 3.592557122496059486e-05
1.161438704422499946e+01 3.613061192162696412e-05
1.163854300545800058e+01 3.633721639858012733e-05
1.166269713927299989e+01 3.654546499623696662e-05
1.168684939283200031e+01 3.675535831493885962e-05
1.171099960502600013e+01 3.696690660927171018e-05
1.173514784657599996e+01 3.718016054873433420e-05
1.175929405571399933e+01 3.739515564340208060e-05
1.178343815119700011e+01 3.761189636211945364e-05
1.180758001505100019e+01 3.783037777570159898e-05
1.183171970649200055e+01 3.805065632797656911e-05
1.185585704114600070e+01 3.827277921820394725e-05
1.187999209597800032e+01 3.849676616139372632e-05
1.190412479729499928e+01 3.872263644696187740e-05
1.192825504322700070e+01 3.895040520722159542e-05
1.195238271888599968e+01 3.918010033519748781e-05
1.197650789525500059e+01 3.941179000709010654e-05
1.200063035298500047e+01 3.964548857796555795e-05
1.202475014653800045e+01 3.988119717594325661e-05
1.204886723578099961e+01 4.011900129875014951e-05
1.207298137454900022e+01 4.035889280742812159e-05
1.209709265889000029e+01 4.060089569746968939e-05
1.212120106665100039e+01 4.084510534037767585e-05
1.214530645888300064e+01 4.109150674299864723e-05
1.216940868787500030e+01 4.134012795625337483e-05
1.219350782840399994e+01 4.159104341649923903e-05
1.221760358006499914e+01 4.184427125658616382e-05
1.224169604553100044e+01 4.209983765742898683e-05
1.226578523481100014e+01 4.235779956578932502e-05
1.228987094883300024e+01 4.261818377421771741e-05
1.231395307671800055e+01 4.288103360866031370e-05
1.233803165655499967e+01 4.314640732437658306e-05
1.236210637963199943e+01 4.341433688938978576e-05
1.238617731945599942e+01 4.368485113681947531e-05
1.241024455465699994e+01 4.395796883402296916e-05
1.243430768532699915e+01 4.423378501343662141e-05
1.245836673386300042e+01 4.451235967356929234e-05
1.248242180759200082e+01 4.479366956852821565e-05
1.250647257607099938e+01 4.507781012942760129e-05
1.253051913544599927e+01 4.536482243073065656e-05
1.255456131860099944e+01 4.565472614821887979e-05
1.257859896209400041e+01 4.594762032831470192e-05
1.260263191219399914e+01 4.624350306274841777e-05
1.262666033715700031e+01 4.654245682589012057e-05
1.265068387631399993e+01 4.684454037680561313e-05
1.267470257323999938e+01 4.714976459035908279e-05
1.269871636424199934e+01 4.745823266604498467e-05
1.272272516953900023e+01 4.776996318491823993e-05
1.274672859895700050e+01 4.808502801353384617e-05
1.277072677748500062e+01 4.840349386939046236e-05
1.279471959152900062e+01 4.872535803913396351e-05
1.281870678035699918e+01 4.905073575799155319e-05
1.284268830824900043e+01 4.937971075821875590e-05
1.286666428766000081e+01 4.971228228629462809e-05
1.289063428654599974e+01 5.004850674515772316e-05
1.291459844468299956e+01 5.038851841066531315e-05
1.293855653474000000e+01 5.073228686326555829e-05
1.296250833256300083e+01 5.107992414373260505e-05
1.298645363554500065e+01 5.143150183312976187e-05
1.301039270551600069e+01 5.178702013887073871e-05
1.303432505977199973e+01 5.214662008952956765e-05
1.305825071466099985e+01 5.251035156730831635e-05
1.308216957828200044e+01 5.287823865692128992e-05
1.310608161034400077e+01 5.325037139102203491e-05
1.312998629171000076e+01 5.362679960579049324e-05
1.315388374948300054e+01 5.400760112448943224e-05
1.317777407860499927e+01 5.439287211186756240e-05
1.320165670015400039e+01 5.478261920110514909e-05
1.322553154416599952e+01 5.517694406033829432e-05
1.324939886906799913e+01 5.557595298644599826e-05
1.327325808972899956e+01 5.597962339477570188e-05
1.329710932316599958e+01 5.638807597255557423e-05
1.332095239909300055e+01 5.680141643583651203e-05
1.334478736613299965e+01 5.721962967366373725e-05
1.336861353759000082e+01 5.764283556483128197e-05
1.339243114721799977e+01 5.807109338088267068e-05
1.341624017156100024e+01 5.850443443132615954e-05
1.344004011905200002e+01 5.894299150569196793e-05
1.346383112101599977e+01 5.939399456851579968e-05
1.348761301286000069e+01 5.985277964555333989e-05
1.351138549222499918e+01 6.031067329211597255e-05
1.353514837008800065e+01 6.077177766992902065e-05
1.355890169993000072e+01 6.123750291734105585e-05
1.358264536761999963e+01 6.170843253080457490e-05
1.360637891947300027e+01 6.218477560539495874e-05
1.363010262204499945e+01 6.266668869929431583e-05
1.365381627301199963e+01 6.315425627787047877e-05
1.367751945984199935e+01 6.364756840242973349e-05
1.370121205463900083e+01 6.414673149430072505e-05
1.372489422334800047e+01 6.465182814536241389e-05
1.374856534229600058e+01 6.516287975056869665e-05
1.377222541377300047e+01 6.567998662353504693e-05
1.379587467908299914e+01 6.620320447412555477e-05
1.381951273043100059e+01 6.673255318515746879e-05
1.384313934878700003e+01 6.726817454576062400e-05
1.386675443481300007e+01 6.781005480065646087e-05
1.389035818941299993e+01 6.835825772999747129e-05
1.391394991246099977e+01 6.891284180554960431e-05
1.393752976925999931e+01 6.947384435950824618e-05
1.396109803812299965e+01 7.004132343193942276e-05
1.398465399345800009e+01 7.061528101461460078e-05
1.400819778706100038e+01 7.119580236023077195e-05
1.403172971701500060e+01 7.178293164777879199e-05
1.405524900645900033e+01 7.237665436778538039e-05
1.407875620988400023e+01 7.297707076176563115e-05
1.410225124029500066e+01 7.358419317088666788e-05
1.412573352427500062e+01 7.419801371727042605e-05
1.414920336877299967e+01 7.481865020973551433e-05
1.417266069831100062e+01 7.544613496741530486e-05
1.419610525529999911e+01 7.608050473614650418e-05
1.421953695410499918e+01 7.672181538743191691e-05
1.424295643916100040e+01 7.737010617474877493e-05
1.426636283692299934e+01 7.802544984063713778e-05
1.428975673601700080e+01 7.868794299050629231e-05
1.431313830302799950e+01 7.935756642432651592e-05
1.433650658121199939e+01 8.003435673244134311e-05
1.435986270277500054e+01 8.071842530985914442e-05
1.438320585588000000e+01 8.140974763755686394e-05
1.440653620333699969e+01 8.210833181806868886e-05
1.442985434443400017e+01 8.281425337936094663e-05
1.445315954449899998e+01 8.352749414538139408e-05
1.447645251914899944e+01 8.424809807133270872e-05
1.449973347068199914e+01 8.497601205040100864e-05
1.452300172975900061e+01 8.571125170467288527e-05
1.454625803711500076e+01 8.645390290734622767e-05
1.456950199263200041e+01 8.720388608411542208e-05
1.459273368654799974e+01 8.796129999487180598e-05
1.461595390653599935e+01 8.872619513576986486e-05
1.463916211981799975e+01 8.949856016753439034e-05
1.466235897488600060e+01 9.027852823364664861e-05
1.468554488286000037e+01 9.106610138651098803e-05
1.470871875585399913e+01 9.186126801723700527e-05
1.473188204474399932e+01 9.266415237210281542e-05
1.475503415302200061e+01 9.347471655473897211e-05
1.477817520468300039e+01 9.429296424491211755e-05
1.480130621877300001e+01 9.511886910520805504e-05
1.482442638538599944e+01 9.595235555005224206e-05
1.484753671721500012e+01 9.679337915665775071e-05
1.487063723506100033e+01 9.764180924432677776e-05
1.489372831378799944e+01 9.849761205080642852e-05
1.491681062385499956e+01 9.936064410362385497e-05
1.493988300252200041e+01 1.002306855422583037e-04
1.496294675989999945e+01 1.011077391398995608e-04
1.498600221517999920e+01 1.019916812622543255e-04
1.500904907514800080e+01 1.028824215429528018e-04
1.503208888618300065e+01 1.037798890425732266e-04
1.505512037602800035e+01 1.046838969162135549e-04
1.507814487467699927e+01 1.055944220655981482e-04
1.510116324938399934e+01 1.065112840246148731e-04
1.512417460299799998e+01 1.074342994988099095e-04
1.514718078578700045e+01 1.083633165031418162e-04
1.517018048576800027e+01 1.092979773217632932e-04
1.519317495721299949e+01 1.102381621683345037e-04
1.521616563715699932e+01 1.111836455931099866e-04
1.523915122292699920e+01 1.121340666481237137e-04
1.526213325906300078e+01 1.130892533655945375e-04
1.528511146680400046e+01 1.140489754328629436e-04
1.530808669995900040e+01 1.150132050069514831e-04
1.533106043798400009e+01 1.159818502170943325e-04
1.535403132626599998e+01 1.169548860718630230e-04
1.537700092365700044e+01 1.179326811851542852e-04
1.539997025693699939e+01 1.189154241500600272e-04
1.542293812223000060e+01 1.199032844238873900e-04
1.544590650878100035e+01 1.208965965471846862e-04
1.546887558827100051e+01 1.218955342304764775e-04
1.549184536409200064e+01 1.229003878343577609e-04
1.551481760367100016e+01 1.239113687164300416e-04
1.553779115368899966e+01 1.249285482133424862e-04
1.556076720869100072e+01 1.259521752955948288e-04
1.558374769578399999e+01 1.269821996839448467e-04
1.560673088876099968e+01 1.280183223836001008e-04
1.562971799776100035e+01 1.290605396110011335e-04
1.565271074539299967e+01 1.301087209058490496e-04
1.567570732067800066e+01 1.311625668561319552e-04
1.569871006235599964e+01 1.322219616926168916e-04
1.572171927700200023e+01 1.332865190235776810e-04
1.574473407950200077e+01 1.343560206413080250e-04
1.576775696332000010e+01 1.354304277375194450e-04
1.579078589809500066e+01 1.365095486328450364e-04
1.581382256600799963e+01 1.375936696716847593e-04
1.583686895162099972e+01 1.386829371218116806e-04
1.585992290019800066e+01 1.397776981223254654e-04
1.588298700866200086e+01 1.408788120531977855e-04
1.590605908008400071e+01 1.419869789611289638e-04
1.592914013525400030e+01 1.431034141011866111e-04
1.595223281408999938e+01 1.442289586581745606e-04
1.597533468375199917e+01 1.453642925947156946e-04
1.599844816473000009e+01 1.465106031077828498e-04
1.602157185773300085e+01 1.476688240987538336e-04
1.604470539324600153e+01 1.488402418547881681e-04
1.606785200027200133e+01 1.500258835230742832e-04
1.609100896093699973e+01 1.512260392241186822e-04
1.611417796699199911e+01 1.524413303585994575e-04
1.613735995443600046e+01 1.536720742041356087e-04
1.616055205609600165e+01 1.549185514661242404e-04
1.618375833057200097e+01 1.561813209154242269e-04
1.620697578811800099e+01 1.574600791765064700e-04
1.623020469532099952e+01 1.587549589322236033e-04
1.625344766984899891e+01 1.600659371885398605e-04
1.627670151892800021e+01 1.613927898648861731e-04
1.629996889888899858e+01 1.627359136086066612e-04
1.632325099866099904e+01 1.640948475959815652e-04
1.634654432623100107e+01 1.654687479676132970e-04
1.636985228667100145e+01 1.668568714869185217e-04
1.639317262907400163e+01 1.682576849035016147e-04
1.641650420752900175e+01 1.696701499666483594e-04
1.643985125851600060e+01 1.710929149481042267e-04
1.646321113685700155e+01 1.725235491777453813e-04
1.648658401127099893e+01 1.739601477992902708e-04
1.650997128506000067e+01 1.754011563802182331e-04
1.653337173008399930e+01 1.768454998997428759e-04
1.655678439213199837e+01 1.782931788578380407e-04
1.658020956155599990e+01 1.797450058342699511e-04
1.660364767566100141e+01 1.812024692463105814e-04
1.662709889974100008e+01 1.826679157290829936e-04
1.665056362211900165e+01 1.841443262987983828e-04
1.667404109049400063e+01 1.856350962793882915e-04
1.669753256378900019e+01 1.871435795619573656e-04
1.672103777697400062e+01 1.886722761187301740e-04
1.674455654269900151e+01 1.902233322782775633e-04
1.676809011150000117e+01 1.917988797979300883e-04
1.679164011742599882e+01 1.934004303538682760e-04
1.681520531929299977e+01 1.950287663687277863e-04
1.683878658103299841e+01 1.966841377938899891e-04
1.686238424655299895e+01 1.983657986108601837e-04
1.688599867443300084e+01 2.000722912634984862e-04
1.690963076223700057e+01 2.018013953833485807e-04
1.693328123658800166e+01 2.035500037884549972e-04
1.695695057881599865e+01 2.053139049849963020e-04
1.698063910089900119e+01 2.070881357306041039e-04
1.700434521917799913e+01 2.088680673736078252e-04
1.702807203906600009e+01 2.106502262031744615e-04
1.705181946808999882e+01 2.124315565906392594e-04
1.707558635622699938e+01 2.142106581395841964e-04
1.709937572013799922e+01 2.159876531931984815e-04
1.712318545588900065e+01 2.177633272610953342e-04
1.714701365507900022e+01 2.195388652217008694e-04
1.717084727814500056e+01 2.213164110500175303e-04
1.719468458195699867e+01 2.231009450995398360e-04
1.721852162775600092e+01 2.248977992493986233e-04
1.724236365675200133e+01 2.267127672895543017e-04
1.726621276226699919e+01 2.285490514780866148e-04
1.729006454185099884e+01 2.304091104443245800e-04
1.731392379664499970e+01 2.322961925292800619e-04
1.733779519896599908e+01 2.342105674224687344e-04
1.736167168997999966e+01 2.361506478686602162e-04
1.738555705677299912e+01 2.381161830578309871e-04
1.740945681899799879e+01 2.401043382130960829e-04
1.743336770386499879e+01 2.421098731815164403e-04
1.745729123557400086e+01 2.441283315907038197e-04
1.748123396773799954e+01 2.461535182558200266e-04
1.750519159434000116e+01 2.481774252710149424e-04
1.752916678226799974e+01 2.501944634818228236e-04
1.755316716549500100e+01 2.521976759847122823e-04
1.757718648825199992e+01 2.541781003496294085e-04
1.760122010110400126e+01 2.561277082629486519e-04
1.762525077914200011e+01 2.580415923380707148e-04
1.764928034592099948e+01 2.599208785406797312e-04
1.767330909825099994e+01 2.617666426547176099e-04
1.769733906968599868e+01 2.635807343285688389e-04
1.772137045027900015e+01 2.653663581886861293e-04
1.774540565323000152e+01 2.671281548553615468e-04
1.776944447179100095e+01 2.688709501041785925e-04
1.779348725934899988e+01 2.705990588077344548e-04
1.781753123899699887e+01 2.723162299427490181e-04
1.784157615363499971e+01 2.740270889179933405e-04
1.786562384658800084e+01 2.757358849191979115e-04
1.788967457150799945e+01 2.774443368900131280e-04
1.791372337325600128e+01 2.791523478828503071e-04
1.793777060145000135e+01 2.808599858053479454e-04
1.796181731884700028e+01 2.825669011576038251e-04
1.798586413178200161e+01 2.842725587932609221e-04
1.800991185351299961e+01 2.859757523917888988e-04
1.803396193330599928e+01 2.876733594067076372e-04
1.805801077067300042e+01 2.893615245899720714e-04
1.808205692288600019e+01 2.910389174672173523e-04
1.810610218273199834e+01 2.927051863301067636e-04
1.813014618385999910e+01 2.943589139547556706e-04
1.815419045151099908e+01 2.959982222786362058e-04
1.817823542153299954e+01 2.976221432982759053e-04
1.820228229294099975e+01 2.992317277741745381e-04
1.822633234625899945e+01 3.008283825569663030e-04
1.825038515639500147e+01 3.024121581714775474e-04
1.827443889271700073e+01 3.039824182471064407e-04
1.829849322512200160e+01 3.055394383969530880e-04
1.832254979979499865e+01 3.070839957910461251e-04
1.834660899851499849e+01 3.086158608376256144e-04
1.837066676030200085e+01 3.101344565176745701e-04
1.839472213560300062e+01 3.116409857637904377e-04
1.841877635573399985e+01 3.131372709095362936e-04
1.844282571080299959e+01 3.146254966017106715e-04
1.846686611153300106e+01 3.161104555675217295e-04
1.849089870654900025e+01 3.175970921081062190e-04
1.851492286940199961e+01 3.190881132667998344e-04
1.853894028950400141e+01 3.205851747592350452e-04
1.856295194829100126e+01 3.220914325934512846e-04
1.858695730571700011e+01 3.236054215399095080e-04
1.861095886267399990e+01 3.251247412312310023e-04
1.863495727863600138e+01 3.266510275106786448e-04
1.865895306349699823e+01 3.281841004077862257e-04
1.868294876911799918e+01 3.297222768056433059e-04
1.870694514978400136e+01 3.312607927437897170e-04
1.873094233227000061e+01 3.327912361665002344e-04
1.875493548246599929e+01 3.343043649667921426e-04
1.877892577483800096e+01 3.357935237817306364e-04
1.880291228200600173e+01 3.372541632800740252e-04
1.882689408642799833e+01 3.386855128434917137e-04
1.885087184074700062e+01 3.400911094804071012e-04
1.887484598392600077e+01 3.414791618270300220e-04
1.889881859688799892e+01 3.428606408527765602e-04
1.892277906463899839e+01 3.442495372289730896e-04
1.894672803550599838e+01 3.456631493678609759e-04
1.897066690710099834e+01 3.471154702774468669e-04
1.899459673841899843e+01 3.486151365084596827e-04
1.901851207031399937e+01 3.501647222475847408e-04
1.904240326185999876e+01 3.517640780494979240e-04
1.906627305505299930e+01 3.534099920169909634e-04
1.909012237146099977e+01 3.550923597552964025e-04
1.911395257553400029e+01 3.567966054078966563e-04
1.913776766191200096e+01 3.585049680169410144e-04
1.916156866882599985e+01 3.601993784581029759e-04
1.918535828864699866e+01 3.618657324704145140e-04
1.920914030934699923e+01 3.634937313584716114e-04
1.923291870400199954e+01 3.650719282033454177e-04
1.925667909705099845e+01 3.665931104568063720e-04
1.928042349167199987e+01 3.680615724258282399e-04
1.930415595024700082e+01 3.694839521206685884e-04
1.932788002844199937e+01 3.708667114500084129e-04
1.935160037854100068e+01 3.722125362441241038e-04
1.937530225310100107e+01 3.735246279123262706e-04
1.939897858823099952e+01 3.748159375892801083e-04
1.942263498587900017e+01 3.761026930525683629e-04
1.944627631230899922e+01 3.773964569126107230e-04
1.946989239240100034e+01 3.787039318197875457e-04
1.949346561216599838e+01 3.800357821424643233e-04
1.951700000748000008e+01 3.814055722866661067e-04
1.954050319822399828e+01 3.828204200828923785e-04
1.956398306944199916e+01 3.842795032241711124e-04
1.958744524184999847e+01 3.857739724479188016e-04
1.961089232477700151e+01 3.872868933919114800e-04
1.963431085387599850e+01 3.888050379278370204e-04
1.965771111053199860e+01 3.903257988671350555e-04
1.968110204786900042e+01 3.918479100671798908e-04
1.970449084522499916e+01 3.933738636438632147e-04
1.972788561577100097e+01 3.949026797007938391e-04
1.975127737152499918e+01 3.964229495395611355e-04
1.977464425734899933e+01 3.979296280910761562e-04
1.979799603076200043e+01 3.994240118288791335e-04
1.982133346418699915e+01 4.008896087844578799e-04
1.984462556670100142e+01 4.023142030195349644e-04
1.986788160627299860e+01 4.037044127838950195e-04
1.989111228389900177e+01 4.050670635166918007e-04
1.991432296303199934e+01 4.064149474866759928e-04
1.993752052449800161e+01 4.077689623299314298e-04
1.996070929384499948e+01 4.091525648159139036e-04
1.998389678223999866e+01 4.105818912494513338e-04
2.000708420351699957e+01 4.120583010188365704e-04
2.003026898472399964e+01 4.135736203872026891e-04
2.005345098157399875e+01 4.151182742236705372e-04
2.007663558946099869e+01 4.166763403158994230e-04
2.009979199274599893e+01 4.182336632616642921e-04
2.012289257347600113e+01 4.198043633951458104e-04
2.014594367469199909e+01 4.214181580394572358e-04
2.016895420668500094e+01 4.230954408773193124e-04
2.019192643812699828e+01 4.248470806456469055e-04
2.021486832087200014e+01 4.266666061559225179e-04
2.023777868663999868e+01 4.285337905908276519e-04
2.026066740899999985e+01 4.304223986462016273e-04
2.028353759718000049e+01 4.322970194682635879e-04
2.030640018813100056e+01 4.341212606558845577e-04
2.032925314953699925e+01 4.358685323059047667e-04
2.035209993944300066e+01 4.375290218117690571e-04
2.037492221288799854e+01 4.391083033695175608e-04
2.039770300561700012e+01 4.406419663627662007e-04
2.042044598539600031e+01 4.421800678711889461e-04
2.044315768796199961e+01 4.437475175670078389e-04
2.046582002198099914e+01 4.453465236287153673e-04
2.048843949260400166e+01 4.469714898480669487e-04
2.051101705562700062e+01 4.486054545555538740e-04
2.053356682938899880e+01 4.502340047823766831e-04
2.055610698306700002e+01 4.518482599343831281e-04
2.057863993549799986e+01 4.534583363518212402e-04
2.060118566334400114e+01 4.550768396218154922e-04
2.062372732469999903e+01 4.567126386155768297e-04
2.064626896147499835e+01 4.583869701107759161e-04
2.066882261307399915e+01 4.600696224916484673e-04
2.069131777871200129e+01 4.617120207444907337e-04
2.071375790017599883e+01 4.632987936999933241e-04
2.073613827482099836e+01 4.648100512849015270e-04
2.075846852479400084e+01 4.662298224104213101e-04
2.078076825945699824e+01 4.675327718757389390e-04
2.080303441140199894e+01 4.687097702924223372e-04
2.082528795675899858e+01 4.697780281352021358e-04
2.084754943054599963e+01 4.707346737063828864e-04
2.086979361282400092e+01 4.716001035029079294e-04
2.089204605371299905e+01 4.724202748771736283e-04
2.091428960768099898e+01 4.731936503405430360e-04
2.093646900535100031e+01 4.739346390797015049e-04
2.095860085322599886e+01 4.747047531903592034e-04
2.098071085539200098e+01 4.755493567273596980e-04
2.100282178607200123e+01 4.764500118398345670e-04
2.102488605956099832e+01 4.773828775568779588e-04
2.104691292901599908e+01 4.783641015673846596e-04
2.106892046022399967e+01 4.793909189289508391e-04
2.109093367958200105e+01 4.803483139685376540e-04
2.111299617051399835e+01 4.812882050109406414e-04
2.113507502619500045e+01 4.822854192348490334e-04
2.115716410937600145e+01 4.832426896399182438e-04
2.117929255054999871e+01 4.841260217948937226e-04
2.120146466642299998e+01 4.848653300880558068e-04
2.122361697699599858e+01 4.854023721929173404e-04
2.124575043716199829e+01 4.857311143030960563e-04
2.126786026235500060e+01 4.858621018396325295e-04
2.128993462489300015e+01 4.858432869967778140e-04
2.131200316220699875e+01 4.857230174701581034e-04
2.133407120301200166e+01 4.855619898031448504e-04
2.135619979409100111e+01 4.854054098522380366e-04
2.137835849003500144e+01 4.852538572885744367e-04
2.140051721614900160e+01 4.851347732353652434e-04
2.142267734801900048e+01 4.851365662851057740e-04
2.144492438982999971e+01 4.852774612378846328e-04
2.146720118881399841e+01 4.854742591280749079e-04
2.148947199212100045e+01 4.856736109932621660e-04
2.151172283946799979e+01 4.858759648345547318e-04
2.153399074984899997e+01 4.860837011989388120e-04
2.155629383786699904e+01 4.862738112077670950e-04
2.157867783796499950e+01 4.863852319615357940e-04
2.160110035300600018e+01 4.863485936434567116e-04
2.162353367709399876e+01 4.861376668074496267e-04
2.164595386162200086e+01 4.857774744074388508e-04
2.166841688404500132e+01 4.853054622439962836e-04
2.169092704763300006e+01 4.847557681643405842e-04
2.171351802937400066e+01 4.841032063351344132e-04
2.173609047388200111e+01 4.833397574541378793e-04
2.175867661099799832e+01 4.825446682868226971e-04
2.178131695237199850e+01 4.817563136355111847e-04
2.180402693416699833e+01 4.809767244254199714e-04
2.182682493488099951e+01 4.801952415309175461e-04
2.184973457543799924e+01 4.793691132298779451e-04
2.187273292763699928e+01 4.784256963538785186e-04
2.189576194702799938e+01 4.773267333585903024e-04
2.191879254954400125e+01 4.761224184673512583e-04
2.194186233520600027e+01 4.748744828355621890e-04
2.196495783586500039e+01 4.736304399912859764e-04
2.198807911463200071e+01 4.724341250073839848e-04
2.201120769668100152e+01 4.713008892598930617e-04
2.203432147534899954e+01 4.702622099455945376e-04
2.205744528361699963e+01 4.693243931712556111e-04
2.208056701138400157e+01 4.684769319975065193e-04
2.210374341744099880e+01 4.676532078994599662e-04
2.212694341086699978e+01 4.667728083569033966e-04
2.215020089769500089e+01 4.657869969955453007e-04
2.217348339929500156e+01 4.646558213634357777e-04
2.219677882827599902e+01 4.633951669801612155e-04
2.222009268830699824e+01 4.620431715820479753e-04
2.224344482500200115e+01 4.605974922685283305e-04
2.226681142238599875e+01 4.590791345527482159e-04
2.229024090864200147e+01 4.575116290501216347e-04
2.231370600289999828e+01 4.558977810134972317e-04
2.233719804197500025e+01 4.542963392345560568e-04
2.236075666574799925e+01 4.527238617033906443e-04
2.238436800032799923e+01 4.511682170233975719e-04
2.240806603733799918e+01 4.496254397408042548e-04
2.243186089437000064e+01 4.480390571535129447e-04
2.245568243394099994e+01 4.464034134005808049e-04
2.247952454831800040e+01 4.447790177612755418e-04
2.250338753618800069e+01 4.431776308943413288e-04
2.252726697437800141e+01 4.415584413009786594e-04
2.255118107592999976e+01 4.398637960185912930e-04
2.257513744254400123e+01 4.380624888699611902e-04
2.259913839532499935e+01 4.361847022015634401e-04
2.262317940044599851e+01 4.342915493501589021e-04
2.264723449482600159e+01 4.324287337630282574e-04
2.267128689052000112e+01 4.306124805696111540e-04
2.269533683871900109e+01 4.288413001437047672e-04
2.271937844184699884e+01 4.271594243861285417e-04
2.274342729757400150e+01 4.255820792052819601e-04
2.276740903290799878e+01 4.240749835499874726e-04
2.279131361455199922e+01 4.226140172238441800e-04
2.281516096828000073e+01 4.211518525039184579e-04
2.283896539956700167e+01 4.196673210827677738e-04
2.286274465529600164e+01 4.181726207109264719e-04
2.288644773342300098e+01 4.166849558335290358e-04
2.291005177875500110e+01 4.152217135962812011e-04
2.293356497885800138e+01 4.137768701174535969e-04
2.295699919068799844e+01 4.123293625389897301e-04
2.298036761552100060e+01 4.108459651931894931e-04
2.300365328128599884e+01 4.092810659713682882e-04
2.302682576277399917e+01 4.076386565983902309e-04
2.304989821852100107e+01 4.059502442969692383e-04
2.307287539198999937e+01 4.042356660986663177e-04
2.309576860816099853e+01 4.025464883810851301e-04
2.311858194800500144e+01 4.009439819041023647e-04
2.314131042819199990e+01 3.994125064538437916e-04
2.316389980902500056e+01 3.979223286244201459e-04
2.318634821556999981e+01 3.964867923874548978e-04
2.320866830848600060e+01 3.951118934493399754e-04
2.323085262737300027e+01 3.938261867004534981e-04
2.325291308595199880e+01 3.926268836404078928e-04
2.327481581757000129e+01 3.914481679162636540e-04
2.329653195587700054e+01 3.902604810868783090e-04
2.331805833675599970e+01 3.890961563090931268e-04
2.333940007549799844e+01 3.880097521286209180e-04
2.336057341476800175e+01 3.870234110343510978e-04
2.338157090402100025e+01 3.861563409226053257e-04
2.340241199087800084e+01 3.854488238349831290e-04
2.342309943342700151e+01 3.849249323257114010e-04
2.344364057312499838e+01 3.845771171666135298e-04
2.346404252161899961e+01 3.843840021758376194e-04
2.348432064588099877e+01 3.843200529362165063e-04
2.350447084375100104e+01 3.843648826072379411e-04
2.352451626200900137e+01 3.844786257680535865e-04
2.354444688100799965e+01 3.846191416241092481e-04
2.356427550648599833e+01 3.847942424186057944e-04
2.358401911261800166e+01 3.849956757673168970e-04
2.360365855208500108e+01 3.852085398251546317e-04
2.362321757592199845e+01 3.854022398153270144e-04
2.364269010090499989e+01 3.855271196707520239e-04
2.366208647159700007e+01 3.855668397594788068e-04
2.368140987437200096e+01 3.855269628938514260e-04
2.370065503499699844e+01 3.854441391801990816e-04
2.371982612412299929e+01 3.853748473769951378e-04
2.373893615055899886e+01 3.853464948564971492e-04
2.375797017251800014e+01 3.853842082248440056e-04
2.377694769180200041e+01 3.854972156979514153e-04
2.379586002406400169e+01 3.856450074965020068e-04
2.381470541718299927e+01 3.857999683269537064e-04
2.383350973022900021e+01 3.859229053863708243e-04
2.385225228815399845e+01 3.860023362185024021e-04
2.387095908259500021e+01 3.860685688071072001e-04
2.388963735114300135e+01 3.861369713796523645e-04
2.390829274592699960e+01 3.862322208833229419e-04
2.392693558952199950e+01 3.863931078103083816e-04
2.394558600281800054e+01 3.866383587132101981e-04
2.396423686745299975e+01 3.869879422697397597e-04
2.398291645033799924e+01 3.874639684196771864e-04
2.400163583802699918e+01 3.880345935447102805e-04
2.402037709190700099e+01 3.886968419647763890e-04
2.403918028828699960e+01 3.894611539824081132e-04
2.405804007373300024e+01 3.903141917412788911e-04
2.407697662822300089e+01 3.912565398513871543e-04
2.409600280720799859e+01 3.922728212231148346e-04
2.411512326844399823e+01 3.933412762008844975e-04
2.413434278835099889e+01 3.944657377090420589e-04
2.415370245749500100e+01 3.956100224058393521e-04
2.417317185117800094e+01 3.967139420810095922e-04
2.419276347389000037e+01 3.977860634902010686e-04
2.421250789124400171e+01 3.988048765191803697e-04
2.423237515708800061e+01 3.997627443949698851e-04
2.425240127399899848e+01 4.006799695008636270e-04
2.427258477324500063e+01 4.015336194148592269e-04
2.429292394307200098e+01 4.023166284404042095e-04
2.431343343100899901e+01 4.030350406338239350e-04
2.433411909816500085e+01 4.036948012959530531e-04
2.435497056524999948e+01 4.043549588515279059e-04
2.437601723301400014e+01 4.050648717124449134e-04
2.439722274535199986e+01 4.058433086906381251e-04
2.441861445626900107e+01 4.066883045197236123e-04
2.444018316749799880e+01 4.075359757912897234e-04
2.446191833514900082e+01 4.083493107003862256e-04
2.448384258660200175e+01 4.090751743457694389e-04
2.450591709530199935e+01 4.096878920009226657e-04
2.452817300482200125e+01 4.101921267797373487e-04
2.455054992187499963e+01 4.106065371905248565e-04
2.457303843110599928e+01 4.110085724265399583e-04
2.459563647493400040e+01 4.114447866347454739e-04
2.461834224362900159e+01 4.119364667274796432e-04
2.464115227868899893e+01 4.125020029238725449e-04
2.466406133525600097e+01 4.131557035992774302e-04
2.468707135747400017e+01 4.138961782130525196e-04
2.471017601361799976e+01 4.147077811022917867e-04
2.473332657679100066e+01 4.155611271257628257e-04
2.475641527212900073e+01 4.164808660636167069e-04
2.477944758642300016e+01 4.174717096483585650e-04
2.480241992072700086e+01 4.184282701973051624e-04
2.482534243059100021e+01 4.192633559709418650e-04
2.484821647238300102e+01 4.199711359803487204e-04
2.487104763362999904e+01 4.205701068102992595e-04
2.489383993884100121e+01 4.210533540809829130e-04
2.491659599736900077e+01 4.214699836425066931e-04
2.493931739630300015e+01 4.219539872932351527e-04
2.496198356404899954e+01 4.226282415742997687e-04
2.498460060746500133e+01 4.234900693733125950e-04
2.500715824165000001e+01 4.244522661476558562e-04
2.502965984766300167e+01 4.254653140819090605e-04
2.505210394647999905e+01 4.265121540763753410e-04
2.507448914563099862e+01 4.275648136991811832e-04
2.509681550338200040e+01 4.285891377986717778e-04
2.511908707472800018e+01 4.295942305523178448e-04
2.514130072900299950e+01 4.306608140302140312e-04
2.516345374495499954e+01 4.318890148643651349e-04
2.518554727945700122e+01 4.332943973222875677e-04
2.520758153410400126e+01 4.347935824279392067e-04
2.522955860236499959e+01 4.362954290244498733e-04
2.525147723998399840e+01 4.377649342267312315e-04
2.527333552040400022e+01 4.391932279611156361e-04
2.529513469363499922e+01 4.405625061122338021e-04
2.531687671380899829e+01 4.418789082323447328e-04
2.533856491509400044e+01 4.431820081040609063e-04
2.536019371521599908e+01 4.445020586057751746e-04
2.538177308594499948e+01 4.457961074657415318e-04
2.540329140118500106e+01 4.469760532777222110e-04
2.542476555206199862e+01 4.479489964130328543e-04
2.544617662067999930e+01 4.486794576761071415e-04
2.546754836973299874e+01 4.491875276424123816e-04
2.548886324327200015e+01 4.495238429704732767e-04
2.551013146125700004e+01 4.498124334625394714e-04
2.553136835862299847e+01 4.502011970430760371e-04
2.555258961019699981e+01 4.507828655982572914e-04
2.557377681455400165e+01 4.515874174227771007e-04
2.559496707782300007e+01 4.525660320940301279e-04
2.561614798761599943e+01 4.535996068963114771e-04
2.563734363289200147e+01 4.545826780940886167e-04
2.565855192677500085e+01 4.554779707162445040e-04
2.567979307932199973e+01 4.563323079797773087e-04
2.570110785623599980e+01 4.571226850192408944e-04
2.572244618409100170e+01 4.578496886338958107e-04
2.574384681927600127e+01 4.585892294214941414e-04
2.576532953740199972e+01 4.594163205669308907e-04
2.578693323191399855e+01 4.603174338894060842e-04
2.580859037082300134e+01 4.612629612426398366e-04
2.583032395899299871e+01 4.623684609901579953e-04
2.585217901325000156e+01 4.636770871529026375e-04
2.587415766367800174e+01 4.651531417431486277e-04
2.589627677030300035e+01 4.666836153366794144e-04
2.591845903523200079e+01 4.682011248101081158e-04
2.594076164019699959e+01 4.697883244049911059e-04
2.596324187580999876e+01 4.713609123324338161e-04
2.598585200351699953e+01 4.727573750434734099e-04
2.600859432224200063e+01 4.738448264050518785e-04
2.603140244898699862e+01 4.746049455974684348e-04
2.605432629652899834e+01 4.751962905106622338e-04
2.607740136987199975e+01 4.756166180065121165e-04
2.610055763552999863e+01 4.758093044151346989e-04
2.612376922728000039e+01 4.758616487114103303e-04
2.614702110548099867e+01 4.759419419110097623e-04
2.617031297382800048e+01 4.762284057633103568e-04
2.619364188224099976e+01 4.767633459803355834e-04
2.621701322639500020e+01 4.774626138784778396e-04
2.624042725167100087e+01 4.781938245445116280e-04
2.626388467709000096e+01 4.788232284701315596e-04
2.628739595317599864e+01 4.792928297924816121e-04
2.631096387302099870e+01 4.796041434486025086e-04
2.633459490567300065e+01 4.798084864674983618e-04
2.635829607627600168e+01 4.800078649791511987e-04
2.638207267772600062e+01 4.802769364640807810e-04
2.640592794157799972e+01 4.806417865788436389e-04
2.642988105786299968e+01 4.810869614360577013e-04
2.645393138336000050e+01 4.815721495363626658e-04
2.647806386124199918e+01 4.820773015059250707e-04
2.650226016201899881e+01 4.826108054380362153e-04
2.652650626074800044e+01 4.831888379886477205e-04
2.655079934348000137e+01 4.837818968291291571e-04
2.657514007353200114e+01 4.842554478777095334e-04
2.659948777344699877e+01 4.844952219241454986e-04
2.662383979321500149e+01 4.845222191409439779e-04
2.664819826486800025e+01 4.844129236147283013e-04
2.667256439373500143e+01 4.842314653645677421e-04
2.669693844660699966e+01 4.839958922813468217e-04
2.672132368351899956e+01 4.836783686453743989e-04
2.674571307470899839e+01 4.832396273724788908e-04
2.677010539795499966e+01 4.826981419705446874e-04
2.679449958122999931e+01 4.821561900280928940e-04
2.681889811845699967e+01 4.817012330270595234e-04
2.684328419581800063e+01 4.813598538425103643e-04
2.686766232589900127e+01 4.811199224653354132e-04
2.689204276383399872e+01 4.809202583474057749e-04
2.691642832736700086e+01 4.806724039971208809e-04
2.694081566887599877e+01 4.802926521636271943e-04
2.696517328340900121e+01 4.797831464026978640e-04
2.698950363352199844e+01 4.792182969861640191e-04
2.701381903537300033e+01 4.786458674023000878e-04
2.703812567666700062e+01 4.780772997384311073e-04
2.706243420932300126e+01 4.774508366494007784e-04
2.708672645197200168e+01 4.766843060634263444e-04
2.711099951228800009e+01 4.758009911521424748e-04
2.713526790557600066e+01 4.748891943284315876e-04
2.715953902578300116e+01 4.740112483671611869e-04
2.718382320295399879e+01 4.731422107795070931e-04
2.720807981980199841e+01 4.722501552847048673e-04
2.723231946812499871e+01 4.713330561737641487e-04
2.725655413972399899e+01 4.703608236862268804e-04
2.728078544886599843e+01 4.693455463922567160e-04
2.730503253969299848e+01 4.683265001081469265e-04
2.732929127296300109e+01 4.671958184916699501e-04
2.735343762478699858e+01 4.658784679568678906e-04
2.737747005559900160e+01 4.645158781716053468e-04
2.740143891429899980e+01 4.632299014351688119e-04
2.742535714633200072e+01 4.620282687829669276e-04
2.744925679427199938e+01 4.608776324019486239e-04
2.747315333111500024e+01 4.597878281502563460e-04
2.749706702016199955e+01 4.588114927963482656e-04
2.752101622166399864e+01 4.579554612995526629e-04
2.754500906680799943e+01 4.571088452686137443e-04
2.756895462245099893e+01 4.562246489644095830e-04
2.759286429214299829e+01 4.553567941032263407e-04
2.761675192214299912e+01 4.544856413946907463e-04
2.764061923311099989e+01 4.535861017203865800e-04
2.766447698733000138e+01 4.526635897406732466e-04
2.768832963379999867e+01 4.516884696762521034e-04
2.771218910621200138e+01 4.506044376149097612e-04
2.773605422482500060e+01 4.494470643993649724e-04
2.775993417778200012e+01 4.483183991721886429e-04
2.778383661035899976e+01 4.472416751301703250e-04
2.780776469403100037e+01 4.462132374155838204e-04
2.783172223670300127e+01 4.452927030527788817e-04
2.785571272157800138e+01 4.445179830538717718e-04
2.787974496082900089e+01 4.438428433679231970e-04
2.790381445706900010e+01 4.432516913336607576e-04
2.792792482881599980e+01 4.427675096689507586e-04
2.795207728273799930e+01 4.423132997993606350e-04
2.797627102756599982e+01 4.417782329479164743e-04
2.800050695487500008e+01 4.411462552142498606e-04
2.802477722886800038e+01 4.404082594161128745e-04
2.804905855315800167e+01 4.395619808538264793e-04
2.807334673901799960e+01 4.387288789981564794e-04
2.809763835883200045e+01 4.380373204776433996e-04
2.812193602737200138e+01 4.374628843623689874e-04
2.814622676026300141e+01 4.369200999448780956e-04
2.817049526729000064e+01 4.363607348849356227e-04
2.819476238345700025e+01 4.356863843488412353e-04
2.821900866064200031e+01 4.348838642735938852e-04
2.824328797228099930e+01 4.340713630171870148e-04
2.826759527081599899e+01 4.333415572850139903e-04
2.829192152783399905e+01 4.327862348724579081e-04
2.831628225418399936e+01 4.324465683128205363e-04
2.834065797786000118e+01 4.322645643028088743e-04
2.836506358738699873e+01 4.321276876335879060e-04
2.838950279748500094e+01 4.319380858201366793e-04
2.841396868480800109e+01 4.316847990323104188e-04
2.843847772527200135e+01 4.314035790892135555e-04
2.846301904109400027e+01 4.311453927999739908e-04
2.848759148248500139e+01 4.309597024362109958e-04
2.851219575630399916e+01 4.308342337616668182e-04
2.853680338277199979e+01 4.307484673517751215e-04
2.856141394001700107e+01 4.306841476078103318e-04
2.858602341569699945e+01 4.305389829743971409e-04
2.861060233866700031e+01 4.302193240581117474e-04
2.863516823181999982e+01 4.297251438591863869e-04
2.865973588675500139e+01 4.290823210451024045e-04
2.868430672628500133e+01 4.283134487084485340e-04
2.870886336885099865e+01 4.274960005623444702e-04
2.873341110563900003e+01 4.267504768998160161e-04
2.875796671726499909e+01 4.261346255890286015e-04
2.878252601853399995e+01 4.256547189612038592e-04
2.880709858754800123e+01 4.252866573171424822e-04
2.883168693106399871e+01 4.249362113960859647e-04
2.885625018027300115e+01 4.245449167982057181e-04
2.888079423711300109e+01 4.241204991675763579e-04
2.890533214952500174e+01 4.236443718628433996e-04
2.892987377245000147e+01 4.231033900487331440e-04
2.895442976183100114e+01 4.225053945458672714e-04
2.897900843313599850e+01 4.218148399143270642e-04
2.900359636300499844e+01 4.209714207526455798e-04
2.902818122760000108e+01 4.199717661983440775e-04
2.905277004059500001e+01 4.188762562913984151e-04
2.907737590704699926e+01 4.177539972871220620e-04
2.910197359096899916e+01 4.166865653460258951e-04
2.912656128414100110e+01 4.157407259070066514e-04
2.915114167653100097e+01 4.149069123920621181e-04
2.917573282333399831e+01 4.141040267917688272e-04
2.920032306077699857e+01 4.132481615770288406e-04
2.922489276032199967e+01 4.123165860583452190e-04
2.924944653599100164e+01 4.113038731145543048e-04
2.927398859657100161e+01 4.102098252890513746e-04
2.929852464912499954e+01 4.090741555249858955e-04
2.932305853966400022e+01 4.079305279529897360e-04
2.934758706162400088e+01 4.067673815140000152e-04
2.937211129522999897e+01 4.055636871428019746e-04
2.939663648550800090e+01 4.043069027287543799e-04
2.942116595735500084e+01 4.029840437174986995e-04
2.944569860505700021e+01 4.016021255795634935e-04
2.947022449876400074e+01 4.002183362239505188e-04
2.949474913951700117e+01 3.989077782990410408e-04
2.951927642104299920e+01 3.977114125939252534e-04
2.954379742494700167e+01 3.966344663820698291e-04
2.956830336474400056e+01 3.956640322677575290e-04
2.959279559960399908e+01 3.947800981433610169e-04
2.961727763792600143e+01 3.939583569485039828e-04
2.964175007669199857e+01 3.931703529642229856e-04
2.966621423854400064e+01 3.923773013568920918e-04
2.969066354075900094e+01 3.915472095269660461e-04
2.971510147315200001e+01 3.906668865223374902e-04
2.973952851949799836e+01 3.897326663928881384e-04
2.976394713980399942e+01 3.887456359290634967e-04
2.978835810235300130e+01 3.877141784929674716e-04
2.981276396332900092e+01 3.866569072187874315e-04
2.983716562697799901e+01 3.855927177406316079e-04
2.986156558047600029e+01 3.845340447011462285e-04
2.988596424678300068e+01 3.834902173266206238e-04
2.991036489328400094e+01 3.824615801874954417e-04
2.993476783468999969e+01 3.814408336173835982e-04
2.995917648646999965e+01 3.804230359924146826e-04
2.998359079228200130e+01 3.794077245339286838e-04
3.000801482495700157e+01 3.783999815054632965e-04
3.003244879137099943e+01 3.774179399110495531e-04
3.005689644992899900e+01 3.764847374625672049e-04
3.008135599239000157e+01 3.756141685108148115e-04
3.010582678836500037e+01 3.748075728931373938e-04
3.013031186316500154e+01 3.740428591549221676e-04
3.015481179834599956e+01 3.732852470286226565e-04
3.017932916140399868e+01 3.725117814231378513e-04
3.020386454259299924e+01 3.717246412732830990e-04
3.022842066990600074e+01 3.709399185660186928e-04
3.025299525484100016e+01 3.701410709767581544e-04
3.027755493043099833e+01 3.693035527996754177e-04
3.030209741514699928e+01 3.684207006494343581e-04
3.032662325871699949e+01 3.674884828355145876e-04
3.035113432029499947e+01 3.665232226856648848e-04
3.037563114424899879e+01 3.655659284893464302e-04
3.040011315472600018e+01 3.646717380819397558e-04
3.042458389153199860e+01 3.638833186772979416e-04
3.044904537096899944e+01 3.632050184283497915e-04
3.047350153522799943e+01 3.625971190845526959e-04
3.049795079525999952e+01 3.620118655583306577e-04
3.052240088674300011e+01 3.614308571937490744e-04
3.054685775374399981e+01 3.608627286691726234e-04
3.057132004242100010e+01 3.603412987970556450e-04
3.059579584561999965e+01 3.599007559309109323e-04
3.062028335610800056e+01 3.595558336719515227e-04
3.064478841521000163e+01 3.593031710127141337e-04
3.066932165396699972e+01 3.590947281407766379e-04
3.069385795106200021e+01 3.588833351651557740e-04
3.071838719364500037e+01 3.586715219383653256e-04
3.074290100500200040e+01 3.584669995695908824e-04
3.076738104577299993e+01 3.582768381214950404e-04
3.079183448704399950e+01 3.580985772304192782e-04
3.081626713868400103e+01 3.578959175810062410e-04
3.084069053994300091e+01 3.576274427729587697e-04
3.086511783668600017e+01 3.572846292559580259e-04
3.088956489104700154e+01 3.568910110481227256e-04
3.091404354357900175e+01 3.564956628380803430e-04
3.093856418824899990e+01 3.561462298198797625e-04
3.096310201740299917e+01 3.558470904124513530e-04
3.098763580172699861e+01 3.555582324659554614e-04
3.101216508789899962e+01 3.552169567810703281e-04
3.103669904446499928e+01 3.547485588509423555e-04
3.106122303913199900e+01 3.541211396026167860e-04
3.108573899273299901e+01 3.533930602222983626e-04
3.111025073029099985e+01 3.526538005416012976e-04
3.113475675420999877e+01 3.519516456607161138e-04
3.115925658667400100e+01 3.512784882174055292e-04
3.118375375746299838e+01 3.505961576976315396e-04
3.120825084277100103e+01 3.498728601567353217e-04
3.123275060737400111e+01 3.491133433206328445e-04
3.125725295144300020e+01 3.483656035228819008e-04
3.128175927153699831e+01 3.476880140613880900e-04
3.130627142193900170e+01 3.471007451259285493e-04
3.133079118050200051e+01 3.465739207713394677e-04
3.135531758894000021e+01 3.460360596790439656e-04
3.137982918724999948e+01 3.454312239321445763e-04
3.140433845426100135e+01 3.447438211454048216e-04
3.142884242867300060e+01 3.439957411205752172e-04
3.145335103065000126e+01 3.432384412870669423e-04
3.147787008064599945e+01 3.424975660892141168e-04
3.150238434692899858e+01 3.417892812871111199e-04
3.152690325134199867e+01 3.411254823552068946e-04
3.155142775910600150e+01 3.404912017569494752e-04
3.157595265163299914e+01 3.398788552952770404e-04
3.160047889760500084e+01 3.393059056116415361e-04
3.162500686986300025e+01 3.387917608651125757e-04
3.164953481900500165e+01 3.383415310023599534e-04
3.167405919708100015e+01 3.379484307934834840e-04
3.169857872835299872e+01 3.375960099676833743e-04
3.172309569526300166e+01 3.372626186728990005e-04
3.174760951946700160e+01 3.369321608750297341e-04
3.177212024055700113e+01 3.365989655466537171e-04
3.179663070968199889e+01 3.362701544121223613e-04
3.182114018623000007e+01 3.359697167571063935e-04
3.184564903184400109e+01 3.357264167391573470e-04
3.187015898672200009e+01 3.355524894654180411e-04
3.189466854272900065e+01 3.354415959081166504e-04
3.191918141120800101e+01 3.353719043973651557e-04
3.194369731633500109e+01 3.353124378251150749e-04
3.196821536364700123e+01 3.352321670201196093e-04
3.199273793372000085e+01 3.350945547911068001e-04
3.201726291207499742e+01 3.348685977297698071e-04
3.204179326048200238e+01 3.345493554987015060e-04
3.206633023837699881e+01 3.341675937267516426e-04
3.209087299357199896e+01 3.337861226164171068e-04
3.211542249638600310e+01 3.334695872983513645e-04
3.213997769808300120e+01 3.332580105697743986e-04
3.216454433063000096e+01 3.331316658225076080e-04
3.218910406445900207e+01 3.330178971466101617e-04
3.221364420377999949e+01 3.328479470682741120e-04
3.223816288127800078e+01 3.325864106193001215e-04
3.226266696585499716e+01 3.322286312806398546e-04
3.228715414399899686e+01 3.318046522528685202e-04
3.231162938272900220e+01 3.313797607788646288e-04
3.233609397251900219e+01 3.310263695744016790e-04
3.236055106157699868e+01 3.307803707471467696e-04
3.238500132352000094e+01 3.306084347646380040e-04
3.240944584593000144e+01 3.304280175885416409e-04
3.243388819951899649e+01 3.301550079595053956e-04
3.245832819458100005e+01 3.297471404581299079e-04
3.248276776162000345e+01 3.292158997959860906e-04
3.250720535966399893e+01 3.286208197793854418e-04
3.253164417100700234e+01 3.280500649034227834e-04
3.255608402567300175e+01 3.275804914431255108e-04
3.258052535894500323e+01 3.272431791295599916e-04
3.260496622060300353e+01 3.270223049387968703e-04
3.262940884198400227e+01 3.268769505057399043e-04
3.265385258318600137e+01 3.267649107704078803e-04
3.267829694325200052e+01 3.266629891267415833e-04
3.270274154995200178e+01 3.265628555688500009e-04
3.272718738759100177e+01 3.264522141728304285e-04
3.275163557053399899e+01 3.263077900921879278e-04
3.277608569720599974e+01 3.261077038367415069e-04
3.280053835762100078e+01 3.258475352927227308e-04
3.282499547113899752e+01 3.255471500485929951e-04
3.284945849668599749e+01 3.252433702530013976e-04
3.287392587141599876e+01 3.249818793437902857e-04
3.289839911264500216e+01 3.248106410244508348e-04
3.292287949792500257e+01 3.247646799027744985e-04
3.294737059791199840e+01 3.248379937457630535e-04
3.297187490688200029e+01 3.249624138686411099e-04
3.299639559675299694e+01 3.250159311938980366e-04
3.302092572145600258e+01 3.248788652679452543e-04
3.304546035551099692e+01 3.245060536863607088e-04
3.306999976237700167e+01 3.239478521150227419e-04
3.309454503246300305e+01 3.233201626038968062e-04
3.311909571509399797e+01 3.227522399199256580e-04
3.314365112200400176e+01 3.223337213805389681e-04
3.316821078222299946e+01 3.220810450042604044e-04
3.319277407379699696e+01 3.219471164911632318e-04
3.321734104160400136e+01 3.218643938649550212e-04
3.324191098835500213e+01 3.217890076718912850e-04
3.326648359407000299e+01 3.217146765231322365e-04
3.329106007732899997e+01 3.216411495113789777e-04
3.331564054843399703e+01 3.215447524998456350e-04
3.334022545602299914e+01 3.213969457350614417e-04
3.336481504137000087e+01 3.211918755183731000e-04
3.338941006334800221e+01 3.209367726937607736e-04
3.341401072701499686e+01 3.206329516213978956e-04
3.343861712018600230e+01 3.202797097450889004e-04
3.346323056570499688e+01 3.198899703812114873e-04
3.348785104523499712e+01 3.195012273224882285e-04
3.351247817774999760e+01 3.193134643350026280e-04
