     time       kinetic-energy 
 0.000000000000 0.026612089337 
 0.005000000000 0.026432902259 
 0.013250000000 0.026432834126 
 0.027000000000 0.026432720454 
 0.042125000000 0.026432605348 
 0.058762500000 0.026432486551 
 0.077063750000 0.026432363385 
 0.097195125000 0.026432235580 
 0.119339637500 0.026432102504 
 0.143226491021 0.026431966071 
 0.167150234562 0.026431835631 
 0.191107987700 0.026431710218 
 0.215097154035 0.026431589064 
 0.239115222719 0.026431471562 
 0.263159893706 0.026431357230 
 0.287229419753 0.026431245672 
 0.311322371436 0.026431136566 
 0.335437018332 0.026431029640 
 0.359571951112 0.026430924665 
 0.383725922057 0.026430821443 
 0.407897983423 0.026430719801 
 0.432087146879 0.026430619587 
 0.456292419702 0.026430520667 
 0.480512715688 0.026430422922 
 0.504747386823 0.026430326244 
 0.528995903316 0.026430230537 
 0.553257390429 0.026430135712 
 0.577531124008 0.026430041690 
 0.601816491846 0.026429948397 
 0.626113065056 0.026429855767 
 0.650420375225 0.026429763736 
 0.674737841699 0.026429672247 
 0.699064800818 0.026429581249 
 0.723400915050 0.026429490690 
 0.747745929388 0.026429400525 
 0.772099359856 0.026429310710 
 0.796460725655 0.026429221205 
 0.820829610160 0.026429131972 
 0.845205768163 0.026429042975 
 0.869589008235 0.026428954180 
 0.893978883619 0.026428865555 
 0.918374964175 0.026428777071 
 0.942777009234 0.026428688699 
 0.967184252278 0.026428600414 
 0.991593247447 0.026428512202 
 1.016003948459 0.026428424038 
 1.040416298799 0.026428335899 
 1.064830136733 0.026428247762 
 1.089245371853 0.026428159605 
 1.113661957650 0.026428071407 
 1.138079863326 0.026427983148 
 1.162499043589 0.026427894809 
 1.186919352883 0.026427806372 
 1.211340722510 0.026427717819 
 1.235763120580 0.026427629133 
 1.260186527396 0.026427540298 
 1.284610906851 0.026427451298 
 1.309036126551 0.026427362117 
 1.333462132174 0.026427272742 
 1.357888902334 0.026427183159 
 1.382316425525 0.026427093352 
 1.406744672698 0.026427003310 
 1.431173522621 0.026426913020 
 1.455602931089 0.026426822468 
 1.480032884212 0.026426731644 
 1.504463376675 0.026426640536 
 1.528894386682 0.026426549131 
 1.553325803414 0.026426457419 
 1.577757587648 0.026426365390 
 1.602189730586 0.026426273033 
 1.626622231706 0.026426180337 
 1.651055076297 0.026426087293 
 1.675488163458 0.026425993891 
 1.699921455678 0.026425900122 
 1.724354947259 0.026425805977 
 1.748788641453 0.026425711445 
 1.773222526488 0.026425616519 
 1.797656523717 0.026425521190 
 1.822090586545 0.026425425450 
 1.846524710556 0.026425329289 
 1.870958902022 0.026425232701 
 1.895393152852 0.026425135676 
 1.919827408507 0.026425038207 
 1.944261609061 0.026424940287 
 1.968695749618 0.026424841908 
 1.993129838907 0.026424743061 
 2.017563874064 0.026424643741 
 2.041997829577 0.026424543940 
 2.066431624617 0.026424443650 
 2.090865252503 0.026424342865 
 2.115298723741 0.026424241577 
 2.139732042347 0.026424139781 
 2.164165198279 0.026424037468 
 2.188598113229 0.026423934634 
 2.213030770872 0.026423831270 
 2.237463177357 0.026423727371 
 2.261895345579 0.026423622930 
 2.286327260572 0.026423517942 
 2.310758890387 0.026423412398 
 2.335190183169 0.026423306295 
 2.359621139277 0.026423199624 
 2.384051772988 0.026423092382 
 2.408482080443 0.026422984560 
 2.432912063606 0.026422876154 
 2.457341645551 0.026422767157 
 2.481770818664 0.026422657564 
 2.506199592265 0.026422547370 
 2.530627977571 0.026422436567 
 2.555055967046 0.026422325151 
 2.579483547065 0.026422213116 
 2.603910656687 0.026422100456 
 2.628337296324 0.026421987166 
 2.652763482082 0.026421873240 
 2.677189215291 0.026421758673 
 2.701614501005 0.026421643459 
 2.726039298267 0.026421527594 
 2.750463572719 0.026421411070 
 2.774887327540 0.026421293884 
 2.799310581032 0.026421176030 
 2.823733328109 0.026421057502 
 2.848155581917 0.026420938296 
 2.872577288272 0.026420818405 
 2.896998426544 0.026420697826 
 2.921419002201 0.026420576552 
 2.945839034775 0.026420454578 
 2.970258515986 0.026420331899 
 2.994677460628 0.026420208511 
 3.019095818009 0.026420084407 
 3.043513569031 0.026419959584 
 3.067930719214 0.026419834035 
 3.092347289225 0.026419707756 
 3.116763271359 0.026419580741 
 3.141178681911 0.026419452986 
 3.165593479697 0.026419324485 
 3.190007639017 0.026419195233 
 3.214421163234 0.026419065227 
 3.238834074056 0.026418934459 
 3.263246367834 0.026418802926 
 3.287658061749 0.026418670622 
 3.312069121886 0.026418537543 
 3.336479519866 0.026418403683 
 3.360888823042 0.026418269040 
 3.385295835712 0.026418133616 
 3.409700592715 0.026417997406 
 3.434103092304 0.026417860406 
 3.458503369889 0.026417722610 
 3.482901321261 0.026417584015 
 3.507296949747 0.026417444615 
 3.531690214710 0.026417304406 
 3.556081156228 0.026417163383 
 3.580469760467 0.026417021541 
 3.604856093355 0.026416878875 
 3.629240087031 0.026416735380 
 3.653621684836 0.026416591052 
 3.678000888022 0.026416445887 
 3.702377691467 0.026416299879 
 3.726752126075 0.026416153024 
 3.751124217941 0.026416005316 
 3.775493969202 0.026415856752 
 3.799861299932 0.026415707325 
 3.824226221929 0.026415557032 
 3.848588703294 0.026415405868 
 3.872948788970 0.026415253827 
 3.897306470203 0.026415100906 
 3.921661807711 0.026414947099 
 3.946014751168 0.026414792401 
 3.970365251430 0.026414636807 
 3.994713314193 0.026414480314 
 4.019058933836 0.026414322915 
 4.043402159229 0.026414164607 
 4.067742991120 0.026414005383 
 4.092081455254 0.026413845240 
 4.116417512796 0.026413684172 
 4.140751141702 0.026413522174 
 4.165082324189 0.026413359242 
 4.189411077375 0.026413195371 
 4.213737441950 0.026413030556 
 4.238061451211 0.026412864791 
 4.262383084961 0.026412698071 
 4.286702315127 0.026412530393 
 4.311019143610 0.026412361750 
 4.335333543327 0.026412192138 
 4.359645549675 0.026412021552 
 4.383955191757 0.026411849986 
 4.408262512404 0.026411677436 
 4.432567470791 0.026411503897 
 4.456870061037 0.026411329362 
 4.481170277820 0.026411153829 
 4.505468107507 0.026410977290 
 4.529763595610 0.026410799742 
 4.554056762996 0.026410621179 
 4.578347642615 0.026410441595 
 4.602636208093 0.026410260985 
 4.626922459582 0.026410079345 
 4.651206383629 0.026409896669 
 4.675487975718 0.026409712952 
 4.699767285633 0.026409528189 
 4.724044335067 0.026409342374 
 4.748319145831 0.026409155501 
 4.772591702509 0.026408967566 
 4.796862015652 0.026408778563 
 4.821130063834 0.026408588487 
 4.845395847911 0.026408397333 
 4.869659415915 0.026408205095 
 4.893920801238 0.026408011767 
 4.918180015270 0.026407817344 
 4.942437048536 0.026407621821 
 4.966691925642 0.026407425191 
 4.990944616569 0.026407227451 
 5.015195123047 0.026407028593 
 5.039443485425 0.026406828613 
 5.063689757794 0.026406627505 
 5.087933939980 0.026406425263 
 5.112176024956 0.026406221881 
 5.136416055804 0.026406017353 
 5.160653994250 0.026405811675 
 5.184889830400 0.026405604840 
 5.209123608066 0.026405396844 
 5.233355404379 0.026405187678 
 5.257585208607 0.026404977339 
 5.281813010858 0.026404765819 
 5.306038847634 0.026404553114 
 5.330262724227 0.026404339217 
 5.354484583521 0.026404124123 
 5.378704486045 0.026403907825 
 5.402922528014 0.026403690317 
 5.427138687371 0.026403471594 
 5.451352930635 0.026403251649 
 5.475565311719 0.026403030477 
 5.499775862969 0.026402808070 
 5.523984518877 0.026402584425 
 5.548191329227 0.026402359533 
 5.572396365516 0.026402133389 
 5.596599655345 0.026401905986 
 5.620801154853 0.026401677318 
 5.645000906891 0.026401447379 
 5.669198972482 0.026401216163 
 5.693395277597 0.026400983663 
 5.717589856783 0.026400749874 
 5.741782751140 0.026400514788 
 5.765974045991 0.026400278399 
 5.790163685858 0.026400040700 
 5.814351699631 0.026399801685 
 5.838538137154 0.026399561348 
 5.862723005242 0.026399319682 
 5.886906241521 0.026399076680 
 5.911087917199 0.026398832337 
 5.935268127853 0.026398586644 
 5.959446859530 0.026398339595 
 5.983624070283 0.026398091184 
 6.007799822984 0.026397841403 
 6.031974187777 0.026397590246 
 6.056147064378 0.026397337707 
 6.080318515559 0.026397083779 
 6.104488595425 0.026396828453 
 6.128657383076 0.026396571723 
 6.152824791580 0.026396313583 
 6.176990878645 0.026396054025 
 6.201155705612 0.026395793041 
 6.225319262465 0.026395530626 
 6.249481504390 0.026395266773 
 6.273642501229 0.026395001473 
 6.297802350668 0.026394734719 
 6.321961029302 0.026394466504 
 6.346118505412 0.026394196821 
 6.370274841711 0.026393925663 
 6.394430130731 0.026393653021 
 6.418584247333 0.026393378890 
 6.442737266458 0.026393103261 
 6.466889233614 0.026392826127 
 6.491040256241 0.026392547479 
 6.515190217454 0.026392267311 
 6.539339187136 0.026391985616 
 6.563487216205 0.026391702384 
 6.587634349013 0.026391417608 
 6.611780487350 0.026391131282 
 6.635925719518 0.026390843398 
 6.660070123314 0.026390553946 
 6.684213738402 0.026390262918 
 6.708356471073 0.026389970308 
 6.732498403934 0.026389676108 
 6.756639618926 0.026389380309 
 6.780780059739 0.026389082902 
 6.804919729507 0.026388783882 
 6.829058688123 0.026388483238 
 6.853197039860 0.026388180963 
 6.877334726559 0.026387877048 
 6.901471753058 0.026387571485 
 6.925608174043 0.026387264267 
 6.949744097174 0.026386955382 
 6.973879386688 0.026386644826 
 6.998014126017 0.026386332588 
 7.022148352729 0.026386018660 
 7.046282190925 0.026385703033 
 7.070415510893 0.026385385699 
 7.094548387160 0.026385066649 
 7.118680858906 0.026384745874 
 7.142813028922 0.026384423365 
 7.166944742852 0.026384099114 
 7.191076108048 0.026383773113 
 7.215207177139 0.026383445351 
 7.239338060177 0.026383115819 
 7.263468595545 0.026382784510 
 7.287598887093 0.026382451413 
 7.311728988735 0.026382116520 
 7.335858959785 0.026381779821 
 7.359988690445 0.026381441307 
 7.384118275777 0.026381100970 
 7.408247777375 0.026380758799 
 7.432377269927 0.026380414783 
 7.456506628336 0.026380068917 
 7.480635945412 0.026379721188 
 7.504765282578 0.026379371588 
 7.528894674989 0.026379020105 
 7.553024038125 0.026378666733 
 7.577153459968 0.026378311460 
 7.601283005438 0.026377954277 
 7.625412728284 0.026377595172 
 7.649542525518 0.026377234138 
 7.673672483680 0.026376871164 
 7.697802666547 0.026376506239 
 7.721933106401 0.026376139353 
 7.746063722875 0.026375770498 
 7.770194602907 0.026375399661 
 7.794325808342 0.026375026834 
 7.818457397976 0.026374652004 
 7.842589265125 0.026374275163 
 7.866721496565 0.026373896300 
 7.890854151559 0.026373515403 
 7.914987277523 0.026373132463 
 7.939120780270 0.026372747469 
 7.963254750684 0.026372360411 
 7.987389242201 0.026371971276 
 8.011524332020 0.026371580054 
 8.035659896411 0.026371186736 
 8.059796026877 0.026370791309 
 8.083932773367 0.026370393762 
 8.108070218942 0.026369994084 
 8.132208235213 0.026369592265 
 8.156346922842 0.026369188292 
 8.180486320731 0.026368782156 
 8.204626534771 0.026368373841 
 8.228767428888 0.026367963341 
 8.252909090777 0.026367550642 
 8.277051554448 0.026367135732 
 8.301194923874 0.026366718598 
 8.325339083064 0.026366299232 
 8.349484104047 0.026365877620 
 8.373630028670 0.026365453750 
 8.397776947702 0.026365027609 
 8.421924789807 0.026364599186 
 8.446073582649 0.026364168470 
 8.470223371712 0.026363735447 
 8.494374241008 0.026363300105 
 8.518526156361 0.026362862432 
 8.542679109464 0.026362422416 
 8.566833164892 0.026361980044 
 8.590988385340 0.026361535302 
 8.615144788905 0.026361088179 
 8.639302315310 0.026360638662 
 8.663461034103 0.026360186738 
 8.687620999783 0.026359732393 
 8.711782274300 0.026359275614 
 8.735944744464 0.026358816390 
 8.760108478413 0.026358354707 
 8.784273483269 0.026357890552 
 8.808439793166 0.026357423912 
 8.832607254833 0.026356954776 
 8.856775893745 0.026356483131 
 8.880945718760 0.026356008964 
 8.905116712066 0.026355532261 
 8.929288752464 0.026355053012 
 8.953461869138 0.026354571203 
 8.977636070992 0.026354086820 
 9.001811317223 0.026353599851 
 9.025987521558 0.026353110284 
 9.050164702586 0.026352618104 
 9.074342902583 0.026352123298 
 9.098522036941 0.026351625852 
 9.122702063542 0.026351125754 
 9.146883010648 0.026350622990 
 9.171064900722 0.026350117544 
 9.195247623212 0.026349609404 
 9.219431177374 0.026349098557 
 9.243615552593 0.026348584989 
 9.267800842895 0.026348068682 
 9.291986839780 0.026347549626 
 9.316173633857 0.026347027806 
 9.340361184765 0.026346503207 
 9.364549526881 0.026345975813 
 9.388738534573 0.026345445612 
 9.412928238170 0.026344912589 
 9.437118657367 0.026344376728 
 9.461309785300 0.026343838013 
 9.485501502856 0.026343296433 
 9.509693857999 0.026342751970 
 9.533886883112 0.026342204607 
 9.558080482605 0.026341654332 
 9.582274614889 0.026341101130 
 9.606469313625 0.026340544984 
 9.630664645223 0.026339985875 
 9.654860410017 0.026339423794 
 9.679056677825 0.026338858721 
 9.703253458400 0.026338290640 
 9.727450740858 0.026337719535 
 9.751648399457 0.026337145392 
 9.775846473509 0.026336568194 
 9.800045052044 0.026335987921 
 9.824243944232 0.026335404560 
 9.848443194351 0.026334818095 
 9.872642806513 0.026334228506 
 9.896842775628 0.026333635777 
 9.921043023531 0.026333039892 
 9.945243516216 0.026332440835 
 9.969444340771 0.026331838585 
 9.993645408094 0.026331233126 
10.017846659901 0.026330624442 
10.042048127430 0.026330012513 
10.066249800696 0.026329397322 
10.090451580502 0.026328778852 
10.114653517546 0.026328157083 
10.138855638321 0.026327531996 
10.163057775737 0.026326903575 
10.187259993098 0.026326271801 
10.211462319410 0.026325636652 
10.235664630706 0.026324998112 
10.259866912897 0.026324356163 
10.284069168628 0.026323710783 
10.308271466403 0.026323061951 
10.332473651717 0.026322409651 
10.356675734204 0.026321753862 
10.380877747090 0.026321094562 
10.405079579902 0.026320431734 
10.429281270702 0.026319765355 
10.453482776817 0.026319095406 
10.477684081788 0.026318421865 
10.501885130131 0.026317744711 
10.526085905624 0.026317063925 
10.550286461096 0.026316379482 
10.574486672975 0.026315691363 
10.598686505170 0.026314999546 
10.622886036696 0.026314304007 
10.647085131878 0.026313604727 
10.671283843621 0.026312901681 
10.695482144060 0.026312194845 
10.719679913381 0.026311484201 
10.743877165636 0.026310769723 
10.768073910566 0.026310051387 
10.792270122546 0.026309329169 
10.816465740901 0.026308603047 
10.840660797869 0.026307872994 
10.864855208761 0.026307138987 
10.889048871122 0.026306401005 
10.913241843919 0.026305659019 
10.937434227569 0.026304913000 
10.961625762122 0.026304162930 
10.985816472884 0.026303408781 
11.010006459702 0.026302650524 
11.034195509306 0.026301888136 
11.058383633946 0.026301121592 
11.082570931827 0.026300350858 
11.106757262136 0.026299575912 
11.130942619954 0.026298796724 
11.155126976879 0.026298013267 
11.179310213082 0.026297225516 
11.203492347800 0.026296433440 
11.227673466743 0.026295637005 
11.251853435973 0.026294836186 
11.276032136926 0.026294030956 
11.300209634021 0.026293221282 
11.324385851228 0.026292407135 
11.348560722244 0.026291588484 
11.372734265956 0.026290765296 
11.396906451009 0.026289937540 
11.421077222912 0.026289105185 
11.445246562042 0.026288268196 
11.469414364706 0.026287426545 
11.493580542559 0.026286580198 
11.517745161586 0.026285729119 
11.541908198189 0.026284873272 
11.566069583726 0.026284012624 
11.590229199018 0.026283147144 
11.614387044225 0.026282276792 
11.638543005458 0.026281401537 
11.662697139273 0.026280521338 
11.686849392832 0.026279636158 
11.710999605026 0.026278745964 
11.735147846576 0.026277850714 
11.759294055714 0.026276950369 
11.783438151197 0.026276044891 
11.807580015051 0.026275134243 
11.831719706492 0.026274218382 
11.855857041146 0.026273297271 
11.879992095978 0.026272370864 
11.904124797295 0.026271439119 
11.928255043227 0.026270501996 
11.952382718886 0.026269559454 
11.976507895255 0.026268611445 
12.000630352985 0.026267657929 
12.024750146538 0.026266698858 
12.048867235781 0.026265734185 
12.072981374549 0.026264763870 
12.097092658890 0.026263787861 
12.121201066651 0.026262806108 
12.145306458883 0.026261818564 
12.169408687875 0.026260825185 
12.193507828404 0.026259825914 
12.217603580065 0.026258820710 
12.241696045531 0.026257809514 
12.265785234811 0.026256792271 
12.289870948833 0.026255768932 
12.313953076718 0.026254739446 
12.338031656555 0.026253703752 
12.362106379632 0.026252661805 
12.386177319456 0.026251613541 
12.410244554657 0.026250558897 
12.434307685327 0.026249497829 
12.458366733863 0.026248430272 
12.482421807592 0.026247356157 
12.506472576071 0.026246275436 
12.530519135446 0.026245188036 
12.554561318601 0.026244093900 
12.578598962094 0.026242992966 
12.602631912194 0.026241885172 
12.626660337157 0.026240770441 
12.650683876314 0.026239648717 
12.674702573240 0.026238519926 
12.698716364242 0.026237383998 
12.722725169539 0.026236240860 
12.746728598957 0.026235090457 
12.770726777485 0.026233932703 
12.794719591529 0.026232767527 
12.818706780357 0.026231594862 
12.842688308249 0.026230414628 
12.866664287660 0.026229226736 
12.890634286546 0.026228031126 
12.914598444683 0.026226827705 
12.938556534740 0.026225616397 
12.962508332563 0.026224397129 
12.986453635545 0.026223169819 
13.010392705516 0.026221934366 
13.034325059772 0.026220690703 
13.058250714661 0.026219438735 
13.082169578282 0.026218178373 
13.106081610344 0.026216909524 
13.129986291710 0.026215632118 
13.153883749483 0.026214346051 
13.177774078605 0.026213051217 
13.201656700154 0.026211747546 
13.225531544166 0.026210434941 
13.249398869068 0.026209113282 
13.273258089729 0.026207782496 
13.297109323166 0.026206442472 
13.320952399093 0.026205093109 
13.344787366133 0.026203734295 
13.368613537590 0.026202365960 
13.392431147218 0.026200987976 
13.416240171561 0.026199600233 
13.440040119052 0.026198202644 
13.463831121016 0.026196795084 
13.487613012860 0.026195377104 
13.511385492225 0.026193948827 
13.535148370088 0.026192510219 
13.558901699930 0.026191061187 
13.582645367620 0.026189601626 
13.606378919473 0.026188131447 
13.630102622045 0.026186650512 
13.653816273012 0.026185158710 
13.677519459842 0.026183655942 
13.701212054639 0.026182142089 
13.724894223348 0.026180617011 
13.748565342296 0.026179080618 
13.772225413773 0.026177532780 
13.795874679083 0.026175973347 
13.819512730431 0.026174402214 
13.843139348787 0.026172819261 
13.866754434813 0.026171224357 
13.890358189413 0.026169617355 
13.913949912461 0.026167998163 
13.937529769260 0.026166366634 
13.961098038123 0.026164722608 
13.984653993458 0.026163065998 
14.008197787061 0.026161396653 
14.031729717015 0.026159714411 
14.055249006459 0.026158019186 
14.078756209884 0.026156310798 
14.102251240295 0.026154589108 
14.125733524275 0.026152854018 
14.149203368773 0.026151105361 
14.172660698311 0.026149342998 
14.196105255300 0.026147566803 
14.219536954105 0.026145776637 
14.242956439161 0.026143972303 
14.266362836923 0.026142153722 
14.289756736017 0.026140320697 
14.313138303028 0.026138473065 
14.336506581212 0.026136610752 
14.359862702775 0.026134733516 
14.383205855880 0.026132841269 
14.406536203337 0.026130933847 
14.429854344434 0.026129011048 
14.453159544499 0.026127072779 
14.476452519149 0.026125118828 
14.499733470682 0.026123149023 
14.523001729759 0.026121163271 
14.546258037115 0.026119161353 
14.569501992632 0.026117143151 
14.592733686548 0.026115108505 
14.615953906536 0.026113057189 
14.639162119818 0.026110989096 
14.662358974886 0.026108904011 
14.685544882860 0.026106801737 
14.708718755854 0.026104682216 
14.731882044744 0.026102545155 
14.755034153022 0.026100390448 
14.778175204683 0.026098217924 
14.801306218773 0.026096027326 
14.824426385386 0.026093818573 
14.847536717215 0.026091591409 
14.870637235061 0.026089345677 
14.893728313788 0.026087081186 
14.916810623855 0.026084797716 
14.939883002522 0.026082495235 
14.962946759900 0.026080173467 
14.986002215180 0.026077832233 
15.009049075148 0.026075471422 
15.032088886183 0.026073090731 
15.055120376028 0.026070690155 
15.078144874677 0.026068269417 
15.101163249384 0.026065828290 
15.124174602998 0.026063366738 
15.147180785787 0.026060884433 
15.170180485768 0.026058381394 
15.193174957213 0.026055857368 
15.216165637157 0.026053312079 
15.239151222927 0.026050745564 
15.262133259063 0.026048157546 
15.285111466804 0.026045547958 
15.308086699959 0.026042916606 
15.331060437984 0.026040263221 
15.354031326266 0.026037587866 
15.377000923657 0.026034890258 
15.399970256937 0.026032170165 
15.422938122230 0.026029427618 
15.445906508781 0.026026662257 
15.468875588271 0.026023873934 
15.491845364092 0.026021062515 
15.514817603671 0.026018227640 
15.537791153689 0.026015369308 
15.560767208691 0.026012487220 
15.583747695784 0.026009580977 
15.606730888761 0.026006650648 
15.629717997761 0.026003695932 
15.652710745393 0.026000716457 
15.675707320678 0.025997712316 
15.698710062356 0.025994683062 
15.721719277002 0.025991628518 
15.744734079502 0.025988548675 
15.767756963320 0.025985443069 
15.790785898095 0.025982311851 
15.813822566008 0.025979154666 
15.836868951621 0.025975971104 
15.859922900198 0.025972761328 
15.882987008662 0.025969524817 
15.906059080084 0.025966261709 
15.929140135254 0.025962971664 
15.952232814090 0.025959654077 
15.975334683752 0.025956309062 
15.998448164730 0.025952936002 
16.021571857733 0.025949534814 
16.044705393246 0.025946105240 
16.067852000272 0.025942646451 
16.091008960937 0.025939158494 
16.114177966992 0.025935640744 
16.137359954436 0.025932092671 
16.160552056096 0.025928514329 
16.183758330572 0.025924904684 
16.206975788118 0.025921263795 
16.230204695321 0.025917591221 
16.253447669849 0.025913886135 
16.276701518928 0.025910148649 
16.299968898889 0.025906377926 
16.323250998661 0.025902573357 
16.346544326231 0.025898735123 
16.369852286671 0.025894862280 
16.393172629074 0.025890954853 
16.416504207529 0.025887012720 
16.439851258516 0.025883034861 
16.463211136857 0.025879021477 
16.486584011271 0.025874972342 
16.509971285060 0.025870887054 
16.533371730084 0.025866765703 
16.556784392132 0.025862608349 
16.580209561556 0.025858414819 
16.603647675661 0.025854184889 
16.627098899741 0.025849918336 
16.650563622119 0.025845614831 
16.674041090494 0.025841274179 
16.697532563789 0.025836895726 
16.721037776974 0.025832479030 
16.744556542699 0.025828023584 
16.768090111500 0.025823528555 
16.791640117426 0.025818992981 
16.815205319293 0.025814416429 
16.838786581033 0.025809798038 
16.862384246553 0.025805137055 
16.885998674433 0.025800432745 
16.909630762237 0.025795684306 
16.933281236588 0.025790891026 
16.956950578816 0.025786052324 
16.980639100899 0.025781167764 
17.004345219178 0.025776237425 
17.028072039066 0.025771260501 
17.051819468090 0.025766236927 
17.075586356227 0.025761166926 
17.099375720138 0.025756049831 
17.123185455889 0.025750886072 
17.147013655079 0.025745676003 
17.170847278145 0.025740422440 
17.194684581957 0.025735125638 
17.218521627756 0.025729786248 
17.242363656752 0.025724402710 
17.266212762267 0.025718974046 
17.290064541851 0.025713500713 
17.313923796645 0.025707980975 
17.337795198966 0.025702413040 
17.361671689980 0.025696797904 
17.385557056773 0.025691134029 
17.409456818998 0.025685419463 
17.433367703865 0.025679654463 
17.457291235574 0.025673838253 
17.481233967738 0.025667968913 
17.505191594340 0.025662047381 
17.529166782268 0.025656073035 
17.553167165495 0.025650044108 
17.577186488252 0.025643962539 
17.601220101104 0.025637830076 
17.625250779142 0.025631651948 
17.649280345921 0.025625428536 
17.673309098251 0.025619160589 
17.697339069686 0.025612848363 
17.721370450279 0.025606492540 
17.745405653230 0.025600093102 
17.769444471791 0.025593650609 
17.793487259349 0.025587165348 
17.817531238997 0.025580638373 
17.841576153635 0.025574069960 
17.865623846588 0.025567459691 
17.889674571508 0.025560807495 
17.913723373256 0.025554114753 
17.937770601450 0.025547381378 
17.961817318847 0.025540607089 
17.985864131782 0.025533791738 
18.009911853513 0.025526935131 
18.033961933306 0.025520036929 
18.058010770673 0.025513098356 
18.082056922886 0.025506120094 
18.106102182732 0.025499101885 
18.130146183860 0.025492044120 
18.154190451511 0.025484946674 
18.178235421533 0.025477809790 
18.202282292941 0.025470633474 
18.226332346259 0.025463417659 
18.250385156395 0.025456162763 
18.274438892717 0.025448869653 
18.298493225122 0.025441538755 
18.322549799795 0.025434169870 
18.346608998515 0.025426763167 
18.370666760302 0.025419320215 
18.394722135603 0.025411841629 
18.418776355734 0.025404327295 
18.442825710803 0.025396778614 
18.466866111533 0.025389197045 
18.490898706549 0.025381582249 
18.514922869402 0.025373934371 
18.538940289504 0.025366252761 
18.562951948291 0.025358536969 
18.586957305717 0.025350786901 
18.610958862674 0.025343001677 
18.634957278636 0.025335180927 
18.658953063497 0.025327324326 
18.682948769118 0.025319430883 
18.706945149784 0.025311500265 
18.730942332270 0.025303532496 
18.754935482466 0.025295529509 
18.778925774838 0.025287491426 
18.802912282006 0.025279419216 
18.826894086428 0.025271313920 
18.850871840747 0.025263176014 
18.874845983926 0.025255005911 
18.898818596888 0.025246803198 
18.922779064639 0.025238571561 
18.946728035506 0.025230310412 
18.970666907101 0.025222018513 
18.994596738419 0.025213694458 
19.018512070314 0.025205338987 
19.042403261860 0.025196954338 
19.066273055053 0.025188538423 
19.090122371461 0.025180089962 
19.113952575534 0.025171607822 
19.137767661912 0.025163090310 
19.161568668826 0.025154537240 
19.185358288647 0.025145948215 
19.209140309347 0.025137322706 
19.232918704002 0.025128660308 
19.256679097051 0.025119967657 
19.280423491672 0.025111245404 
19.304155950247 0.025102493269 
19.327880028442 0.025093710987 
19.351600378541 0.025084897715 
19.375302253101 0.025076059865 
19.398978588231 0.025067200820 
19.422634985879 0.025058318828 
19.446276312309 0.025049412038 
19.469892392401 0.025040484083 
19.493465612166 0.025031541321 
19.517000007480 0.025022581556 
19.540503198224 0.025013600967 
19.563983069442 0.025004595514 
19.587445241850 0.024995562128 
19.610892324777 0.024986499167 
19.634310853876 0.024977411734 
19.657711110532 0.024968295815 
19.681102047869 0.024959147938 
19.704490845225 0.024949965277 
19.727885615771 0.024940744496 
19.751277371525 0.024931489157 
19.774644257349 0.024922208335 
19.797996030762 0.024912898441 
19.821333464187 0.024903559566 
19.844625566701 0.024894205210 
19.867881606273 0.024884832638 
19.891112283899 0.024875438352 
19.914322963032 0.024866020801 
19.937520524498 0.024856577367 
19.960709293845 0.024847105907 
19.983896782240 0.024837602404 
20.007084203517 0.024828065209 
20.030268984724 0.024818494357 
20.053450981574 0.024808889137 
20.076635589461 0.024799246728 
20.099791992746 0.024789579978 
20.122892573476 0.024779900587 
20.145943674692 0.024770205379 
20.168954206685 0.024760489445 
20.191926438127 0.024750750347 
20.214868320872 0.024740983022 
20.237778686640 0.024731186782 
20.260667409000 0.024721356606 
20.283537597180 0.024711491157 
20.306400188131 0.024701586476 
20.329253149537 0.024691645081 
20.352099939443 0.024681667403 
20.374922212888 0.024671663580 
20.397703005617 0.024661642782 
20.420445985396 0.024651603953 
20.443157687962 0.024641543676 
20.465820021981 0.024631469415 
20.488439492604 0.024621377651 
20.511017055627 0.024611267698 
20.533566829389 0.024601133327 
20.556106983067 0.024590966695 
20.578639935498 0.024580767134 
20.601185663344 0.024570525371 
20.623727324700 0.024560248914 
20.646268961475 0.024549935259 
20.668822613074 0.024539577801 
20.691317778712 0.024529209764 
20.713757900176 0.024518830728 
20.736138274821 0.024508444575 
20.758468524794 0.024498048854 
20.780768259457 0.024487636787 
20.803034411402 0.024477212883 
20.825287956759 0.024466769984 
20.847549430546 0.024456300697 
20.869793612824 0.024445819644 
20.892046053713 0.024435316078 
20.914289607681 0.024424798841 
20.936469005351 0.024414295467 
20.958600853226 0.024403798242 
20.980710855392 0.024393293668 
21.002821786072 0.024382769005 
21.024886059561 0.024372246434 
21.046912929016 0.024361720684 
21.068920460224 0.024351181977 
21.090933679582 0.024340617530 
21.112996170514 0.024330010241 
21.135075026195 0.024319372804 
21.157164109376 0.024308708678 
21.179292550550 0.024298004972 
21.201464666423 0.024287261589 
21.223616976996 0.024276513607 
21.245750437162 0.024265765179 
21.267860262355 0.024255023272 
21.289934624893 0.024244297758 
21.312003162207 0.024233576740 
21.334071203012 0.024222859606 
21.356199794091 0.024212116545 
21.378358490035 0.024201362322 
21.400517216149 0.024190611345 
21.422677348019 0.024179861703 
21.444924389830 0.024169067793 
21.467201188814 0.024158255281 
21.489471992121 0.024147441080 
21.511722839468 0.024136632294 
21.533990749849 0.024125810482 
21.556293837867 0.024114967051 
21.578677837965 0.024104080307 
21.601100353006 0.024093173822 
21.623533677094 0.024082264734 
21.645953861622 0.024071368838 
21.668416884045 0.024060461501 
21.690927047633 0.024049543130 
21.713518029374 0.024038598507 
21.736090473882 0.024027679357 
21.758676610998 0.024016771580 
21.781316952372 0.024005855604 
21.804026934167 0.023994923830 
21.826824934881 0.023983967392 
21.849734575438 0.023972975326 
21.872732927637 0.023961960595 
21.895761947028 0.023950954680 
21.918792549544 0.023939975108 
21.941862335206 0.023929005300 
21.964957835865 0.023918052424 
21.988079114632 0.023907115658 
22.011207696681 0.023896202420 
22.034321475349 0.023885321576 
22.057445283617 0.023874458640 
22.080567011384 0.023863617416 
22.103743417441 0.023852769076 
22.126943410867 0.023841929364 
22.150200897695 0.023831084040 
22.173483399295 0.023820251669 
22.196778828276 0.023809441349 
22.220092688307 0.023798653174 
22.243444825002 0.023787879697 
22.266811422386 0.023777134664 
22.290240908642 0.023766396688 
22.313706002900 0.023755679905 
22.337198041975 0.023744989079 
22.360756665748 0.023734305066 
22.384368000328 0.023723634196 
22.408066037338 0.023712960715 
22.431860894370 0.023702280332 
22.455682433941 0.023691626753 
22.479524548318 0.023681003148 
22.503387536188 0.023670408558 
22.527266974378 0.023659844799 
22.551181075930 0.023649304974 
22.575137442544 0.023638788387 
22.599138395325 0.023628296754 
22.623179400446 0.023617833296 
22.647234494826 0.023607409051 
22.671286890520 0.023597030230 
22.695336838719 0.023586695577 
22.719378441847 0.023576406572 
22.743427297574 0.023566153296 
22.767409032908 0.023555965510 
22.791313614552 0.023545845793 
22.815160968280 0.023535784790 
22.838965399567 0.023525777092 
22.862744655296 0.023515815434 
22.886447733423 0.023505921166 
22.910051778755 0.023496103121 
22.933564978858 0.023486356931 
22.956999190688 0.023476677254 
22.980367615521 0.023467058734 
23.003653281286 0.023457509484 
23.026825762774 0.023448044111 
23.049898218521 0.023438658093 
23.072875391990 0.023429350090 
23.095768608161 0.023420115501 
23.118581948005 0.023410950944 
23.141310428192 0.023401855651 
23.163899809025 0.023392850213 
23.186348215570 0.023383933903 
23.208668308486 0.023375099914 
23.230852627373 0.023366349498 
23.252913085952 0.023357675010 
23.274815817570 0.023349088183 
23.296531955877 0.023340600262 
23.318058336756 0.023332212111 
23.339400075498 0.023323920231 
23.360573414768 0.023315715672 
23.381570904021 0.023307598968 
23.402411990878 0.023299559316 
23.423099433427 0.023291591750 
23.443640573125 0.023283689344 
23.464042521619 0.023275845938 
23.484320645881 0.023268052560 
23.504470843751 0.023260308522 
23.524516262009 0.023252602787 
23.544446881008 0.023244938605 
23.564275506486 0.023237310636 
23.584019112618 0.023229711455 
23.603658552085 0.023222148355 
23.623217575922 0.023214611890 
23.642690100905 0.023207105523 
23.662086471597 0.023199626883 
23.681409874372 0.023192176462 
23.700655034997 0.023184757656 
23.719826124123 0.023177369137 
23.738936150559 0.023170005074 
23.757970172518 0.023162670461 
23.776947691802 0.023155356031 
23.795860024064 0.023148064038 
23.814705417183 0.023140794963 
23.833509730229 0.023133538789 
23.852252288154 0.023126304771 
23.870959082595 0.023119083254 
23.889637351143 0.023111871575 
23.908292745927 0.023104667348 
23.926935589522 0.023097465795 
23.945586002818 0.023090257489 
23.964236867453 0.023083043690 
23.982916450338 0.023075811044 
24.001635838027 0.023068552915 
24.020377091907 0.023061275006 
24.039180288287 0.023053959461 
24.058040073733 0.023046606692 
24.076976628223 0.023039206944 
24.096002807208 0.023031753436 
24.115123268444 0.023024242955 
24.134342788351 0.023016672631 
24.153702457495 0.023009024624 
24.173171851178 0.023001311341 
24.192763473890 0.022993528442 
24.212507891244 0.022985663850 
24.232375157088 0.022977730990 
24.252401273999 0.022969715812 
24.272584773245 0.022961619662 
24.292923943072 0.022953444471 
24.313433431009 0.022945185440 
24.334119098165 0.022936841259 
24.354970565250 0.022928417010 
24.376017233014 0.022919899406 
24.397222745352 0.022911302020 
24.418614456269 0.022902611454 
24.440183167498 0.022893830366 
24.461918335149 0.022884963427 
24.483842586602 0.022876001922 
24.505917095302 0.022866964528 
24.528173004822 0.022857840183 
24.550549921875 0.022848656441 
24.573038431106 0.022839418102 
24.595636474934 0.022830125436 
24.618342243629 0.022820778035 
24.641152278689 0.022811375762 
24.664061335256 0.022801918758 
24.687071357474 0.022792403962 
24.710176013618 0.022782831995 
24.733326576791 0.022773221524 
24.756415272129 0.022763616810 
24.779447586423 0.022754013061 
24.802419920727 0.022744411231 
24.825342430591 0.022734809406 
24.848216472383 0.022725210452 
24.871047633630 0.022715614568 
24.893839938841 0.022706022607 
24.916595997369 0.022696436292 
24.939317396303 0.022686855238 
24.961983564049 0.022677284858 
24.984600607465 0.022667717313 
25.007158241650 0.022658153886 
25.029659847663 0.022648591872 
25.052103946480 0.022639031107 
25.074489145631 0.022629471694 
25.096815503382 0.022619914080 
25.119087074728 0.022610357561 
25.141300729003 0.022600803542 
25.163453744955 0.022591250643 
25.185547279457 0.022581694022 
25.207581534104 0.022572130407 
25.229558602365 0.022562558268 
25.251477239984 0.022552978998 
25.273335520404 0.022543394356 
25.295134693635 0.022533805023 
25.316876713809 0.022524211815 
25.338564915094 0.022514614194 
25.360193715216 0.022505014577 
25.381773085945 0.022495408139 
25.403291401185 0.022485801873 
25.424765552062 0.022476191585 
25.446176620680 0.022466591535 
25.467548369733 0.022456995838 
25.488863243272 0.022447417259 
25.510131461257 0.022437853736 
25.531368358623 0.022428297939 
25.552589610197 0.022418739034 
25.573776814554 0.022409180957 
25.594967077823 0.022399601900 
25.616147987616 0.022390005213 
25.637343632892 0.022380379896 
25.658551926775 0.022370729105 
25.679793079322 0.022361045080 
25.701107856236 0.022351309397 
25.722446184091 0.022341547361 
25.743846819276 0.022331741331 
25.765329537402 0.022321881455 
25.786933231914 0.022311946621 
25.808590370823 0.022301967691 
25.830323958993 0.022291932010 
25.852179013250 0.022281813529 
25.874157663678 0.022271607153 
25.896276770303 0.022261301100 
25.918459035232 0.022250932334 
25.940761640197 0.022240473049 
25.963241875810 0.022229893587 
25.985852003517 0.022219219019 
26.008594322242 0.022208452713 
26.031402448987 0.022197635118 
26.054326296529 0.022186748018 
26.077401369872 0.022175776519 
26.100557635530 0.022164759601 
26.123769227280 0.022153714256 
26.147021105481 0.022142649417 
26.170312973828 0.022131562129 
26.193641882241 0.022120447263 
26.217013226395 0.022109297133 
26.240427251671 0.022098108966 
26.263884677090 0.022086883464 
26.287395953176 0.022075619231 
26.310963873021 0.022064318721 
26.334594905673 0.022052982403 
26.358296076276 0.022041608316 
26.382072677726 0.022030192682 
26.405927941578 0.022018731805 
26.429881057863 0.022007213936 
26.453931383360 0.021995637929 
26.478063861242 0.021984010399 
26.502260162019 0.021972339689 
26.526506260748 0.021960631546 
26.550799343480 0.021948886070 
26.575140073532 0.021937103360 
26.599487773447 0.021925308430 
26.623839793215 0.021913508578 
26.648198264868 0.021901707115 
26.672564393735 0.021889905753 
26.696938446607 0.021878105587 
26.721323683519 0.021866306460 
26.745713074709 0.021854514356 
26.770105397955 0.021842733204 
26.794499581230 0.021830965201 
26.818898118457 0.021819207494 
26.843284195818 0.021807465587 
26.867662325899 0.021795734360 
26.892042763834 0.021784006869 
26.916428327367 0.021772281803 
26.940815668876 0.021760563080 
26.965173283409 0.021748869945 
26.989503633522 0.021737203400 
27.013819035373 0.021725558002 
27.038125676667 0.021713930655 
27.062434209323 0.021702316192 
27.086726451972 0.021690726163 
27.110999512288 0.021679165858 
27.135267905576 0.021667630087 
27.159539025783 0.021656114970 
27.183823202954 0.021644614341 
27.208079819802 0.021633148247 
27.232319468125 0.021621711957 
27.256554139724 0.021610300693 
27.280785448866 0.021598915455 
27.305032539693 0.021587547588 
27.329291272963 0.021576198904 
27.353437624787 0.021564932795 
27.377470055599 0.021553753288 
27.401438914299 0.021542635349 
27.425357146332 0.021531570493 
27.449256794272 0.021520542115 
27.473153331115 0.021509542297 
27.497067020162 0.021498559573 
27.521016221664 0.021487582285 
27.545009066808 0.021476604286 
27.568954622451 0.021465669176 
27.592864292143 0.021454771521 
27.616751922143 0.021443904332 
27.640619233111 0.021433067568 
27.664476987330 0.021422256897 
27.688329633800 0.021411470802 
27.712189106212 0.021400705890 
27.736054224825 0.021389965896 
27.759934177782 0.021379247025 
27.783836610359 0.021368544198 
27.807764694031 0.021357855252 
27.831722236703 0.021347177027 
27.855712721578 0.021336504373 
27.879744960829 0.021325830092 
27.903814457069 0.021315154786 
27.927924828816 0.021304474306 
27.952077282738 0.021293785593 
27.976271027566 0.021283090159 
28.000506954875 0.021272390443 
28.024777228868 0.021261691853 
28.049058553158 0.021251007927 
28.073346739018 0.021240342549 
28.097638358832 0.021229694566 
28.121936027372 0.021219058631 
28.146226760263 0.021208438940 
28.170495267290 0.021197842111 
28.194762383457 0.021187259899 
28.219008660642 0.021176705470 
28.243287972281 0.021166156931 
28.267595270816 0.021155615436 
28.291921527834 0.021145082003 
28.316282254184 0.021134544395 
28.340657977860 0.021124006096 
28.365063587387 0.021113457957 
28.389502797485 0.021102898902 
28.413968684808 0.021092333989 
28.438477725272 0.021081757182 
28.463019041094 0.021071173499 
28.487591482485 0.021060582019 
28.512195756304 0.021049980321 
28.536803382772 0.021039379848 
28.561413940017 0.021028779664 
28.586023415697 0.021018181560 
28.610602338667 0.021007602134 
28.635168231820 0.020997038505 
28.659735886755 0.020986488214 
28.684306726285 0.020975954048 
28.708863368851 0.020965446241 
28.733411105639 0.020954962115 
28.757966717265 0.020944491369 
28.782526018534 0.020934032552 
28.807098587548 0.020923578162 
28.831686931064 0.020913125077 
28.856250180273 0.020902691861 
28.880794237113 0.020892276812 
28.905332149525 0.020881875189 
28.929873772450 0.020871484545 
28.954429761831 0.020861101831 
28.979008433136 0.020850724900 
29.003596363005 0.020840362636 
29.028181227600 0.020830024556 
29.052770040595 0.020819711084 
29.077375907047 0.020809418092 
29.101973590969 0.020799156095 
29.126561284141 0.020788923196 
29.151141676531 0.020778714913 
29.175732823334 0.020768521593 
29.200323060777 0.020758348703 
29.224892760322 0.020748206321 
29.249446535991 0.020738094264 
29.273988596571 0.020728013001 
29.298524649125 0.020717961933 
29.323058539664 0.020707939753 
29.347587061624 0.020697947871 
29.372111295230 0.020687986687 
29.396636485508 0.020678055207 
29.421165957355 0.020668153554 
29.445698605057 0.020658283960 
29.470224498764 0.020648451530 
29.494749139517 0.020638653035 
29.519276421043 0.020628884340 
29.543797424947 0.020619145965 
29.568303364744 0.020609438549 
29.592795599604 0.020599759137 
29.617277637926 0.020590104472 
29.641750076692 0.020580473104 
29.666214238544 0.020570864045 
29.690663540759 0.020561280559 
29.715101473152 0.020551722375 
29.739528519498 0.020542190620 
29.763947139804 0.020532685615 
29.788358102353 0.020523208325 
29.812763963329 0.020513758635 
29.837165626978 0.020504336554 
29.861565580476 0.020494941085 
29.885964246783 0.020485571822 
29.910364893284 0.020476227028 
29.934767834690 0.020466906327 
29.959176486470 0.020457608299 
29.983590792282 0.020448332955 
30.008014824957 0.020439078666 
30.032448791371 0.020429845099 
30.056896449929 0.020420629877 
30.081355992390 0.020411432295 
30.105826788365 0.020402250958 
30.130311863165 0.020393083275 
30.154811798346 0.020383928476 
30.179329161404 0.020374785854 
30.203864542593 0.020365655765 
30.228420669906 0.020356537347 
30.252995254841 0.020347431237 
30.277554930431 0.020338350727 
30.302097415147 0.020329297620 
30.326623258717 0.020320272924 
30.351134320295 0.020311277108 
30.375631144249 0.020302310382 
30.400113154726 0.020293372101 
30.424583891532 0.020284458689 
30.449045370969 0.020275566477 
30.473501535228 0.020266691552 
30.497950795260 0.020257833507 
30.522400886743 0.020248989407 
30.546857753744 0.020240157027 
30.571320042421 0.020231336310 
30.595795845620 0.020222522618 
30.620283356108 0.020213714381 
30.644788415210 0.020204907059 
30.669321653967 0.020196094771 
30.693857951062 0.020187286448 
30.718387193645 0.020178485965 
30.742901005002 0.020169696098 
30.767381045773 0.020160923279 
30.791834487044 0.020152164360 
30.816267138684 0.020143417235 
30.840690539943 0.020134678976 
30.865117836686 0.020125946886 
30.889564891047 0.020117216929 
30.914043543579 0.020108485754 
30.938564188249 0.020099748908 
30.963102017403 0.020091013769 
30.987635801727 0.020082286916 
31.012165087899 0.020073568989 
31.036699044465 0.020064858822 
31.061223039132 0.020056165746 
31.085738992733 0.020047492734 
31.110250730291 0.020038839697 
31.134756754210 0.020030206430 
31.159256586674 0.020021592001 
31.183753757463 0.020012994835 
31.208250842771 0.020004414803 
31.232750607374 0.019995852169 
31.257252951443 0.019987307515 
31.281759271537 0.019978779239 
31.306271421939 0.019970264384 
31.330791180502 0.019961760231 
31.355317588940 0.019953266265 
31.379829187250 0.019944791304 
31.404338454261 0.019936332926 
31.428842428673 0.019927894288 
31.453351030650 0.019919472812 
31.477870080646 0.019911066121 
31.502384346929 0.019902679017 
31.526903251342 0.019894307112 
31.551427759106 0.019885949063 
31.575952651633 0.019877606223 
31.600478897605 0.019869277619 
31.625006869863 0.019860961838 
31.649534819005 0.019852657877 
31.674059197081 0.019844365397 
31.698578728353 0.019836083563 
31.723095695263 0.019827810870 
31.747609519467 0.019819547309 
31.772120240557 0.019811292923 
31.796630709682 0.019803046827 
31.821140186230 0.019794808978 
31.845649031844 0.019786578155 
31.870158986722 0.019778352072 
31.894668542729 0.019770129536 
31.919181411208 0.019761907912 
31.943697316335 0.019753686663 
31.968215363647 0.019745466218 
31.992737933720 0.019737246671 
32.017262912075 0.019729030652 
32.041793260482 0.019720819584 
32.066330238377 0.019712615212 
32.090872993572 0.019704418730 
32.115422496386 0.019696228900 
32.139977698083 0.019688043806 
32.164544330630 0.019679858657 
32.189104064459 0.019671678257 
32.213644203780 0.019663507518 
32.238162881278 0.019655349126 
32.262666965855 0.019647203209 
32.287154143999 0.019639072819 
32.311629382729 0.019630957246 
32.336093972519 0.019622855146 
32.360551061577 0.019614762878 
32.385001323520 0.019606677553 
32.409445845930 0.019598597849 
32.433888199519 0.019590523959 
32.458328194581 0.019582459096 
32.482767761620 0.019574406063 
32.507205359664 0.019566367955 
32.531644171007 0.019558344258 
32.556084025673 0.019550333306 
32.580525358945 0.019542331735 
32.604966220603 0.019534336941 
32.629408841984 0.019526345746 
32.653852583186 0.019518357116 
32.678296943252 0.019510370830 
32.702741549952 0.019502386900 
32.727187387591 0.019494405027 
32.751635570534 0.019486425339 
32.776085697206 0.019478449128 
32.800538357621 0.019470477764 
32.824995471139 0.019462512000 
32.849458496686 0.019454551954 
32.873925871416 0.019446597713 
32.898399112645 0.019438647142 
32.922879497925 0.019430697055 
32.947370597912 0.019422742933 
32.971874906882 0.019414781483 
32.996395596753 0.019406811649 
33.020925721456 0.019398839187 
33.045460355511 0.019390871547 
33.069999762377 0.019382914366 
33.094545032463 0.019374970675 
33.119095715094 0.019367040658 
33.143651122004 0.019359121577 
33.168210782223 0.019351209217 
33.192774073797 0.019343300006 
33.217341041604 0.019335391872 
33.241910988355 0.019327484583 
33.266483594070 0.019319578339 
33.291060077329 0.019311672600 
33.315640548434 0.019303767440 
33.340225456023 0.019295863731 
33.364815041370 0.019287962909 
33.389410063348 0.019280066036 
33.414010727015 0.019272174206 
33.438617120186 0.019264288634 
33.463230565705 0.019256410093 
33.487851045235 0.019248539198 
33.512478177750 0.019240675423 
