    time           T_x           T_y           T_z      
 0.0050000000 -0.0033851924 -7.0618844281 -0.0008222798 
 0.0132500000 -0.0036611223  4.3262821938 -0.0008222792 
 0.0270000000 -0.0036287739  0.0408705298 -0.0008223294 
 0.0421250000 -0.0034986981 -0.0075367358 -0.0008223863 
 0.0587625000 -0.0034631437 -0.0028072937 -0.0008224480 
 0.0770637500 -0.0033887077 -0.0025224354 -0.0008225161 
 0.0971951250 -0.0033050653 -0.0026166164 -0.0008225843 
 0.1193396375 -0.0032219883 -0.0026835176 -0.0008226497 
 0.1432264910 -0.0031339569 -0.0027727924 -0.0008227091 
 0.1671502346 -0.0030487111 -0.0028684478 -0.0008227592 
 0.1911079877 -0.0029607598 -0.0029734810 -0.0008228014 
 0.2150971540 -0.0028743381 -0.0030814448 -0.0008228369 
 0.2391152227 -0.0027881573 -0.0031927788 -0.0008228664 
 0.2631598937 -0.0027020761 -0.0033068611 -0.0008228909 
 0.2872294198 -0.0026157588 -0.0034231852 -0.0008229109 
 0.3113223714 -0.0025288898 -0.0035412642 -0.0008229273 
 0.3354370183 -0.0024412324 -0.0036606736 -0.0008229407 
 0.3595719511 -0.0023526295 -0.0037810711 -0.0008229515 
 0.3837259221 -0.0022629496 -0.0039021692 -0.0008229602 
 0.4078979834 -0.0021720593 -0.0040237075 -0.0008229672 
 0.4320871469 -0.0020798392 -0.0041454493 -0.0008229729 
 0.4562924197 -0.0019861974 -0.0042671886 -0.0008229774 
 0.4805127157 -0.0018910677 -0.0043887486 -0.0008229811 
 0.5047473868 -0.0017943948 -0.0045099746 -0.0008229841 
 0.5289959033 -0.0016961280 -0.0046307241 -0.0008229866 
 0.5532573904 -0.0015962258 -0.0047508648 -0.0008229886 
 0.5775311240 -0.0014946577 -0.0048702798 -0.0008229903 
 0.6018164918 -0.0013914003 -0.0049888636 -0.0008229918 
 0.6261130651 -0.0012864358 -0.0051065209 -0.0008229931 
 0.6504203752 -0.0011797500 -0.0052231615 -0.0008229943 
 0.6747378417 -0.0010713340 -0.0053387016 -0.0008229955 
 0.6990648008 -0.0009611836 -0.0054530630 -0.0008229966 
 0.7234009151 -0.0008492978 -0.0055661757 -0.0008229977 
 0.7477459294 -0.0007356767 -0.0056779723 -0.0008229988 
 0.7720993599 -0.0006203247 -0.0057883887 -0.0008230000 
 0.7964607257 -0.0005032494 -0.0058973655 -0.0008230013 
 0.8208296102 -0.0003844600 -0.0060048461 -0.0008230027 
 0.8452057682 -0.0002639671 -0.0061107781 -0.0008230042 
 0.8695890082 -0.0001417824 -0.0062151110 -0.0008230058 
 0.8939788836 -0.0000179206 -0.0063177955 -0.0008230076 
 0.9183749642  0.0001076011 -0.0064187862 -0.0008230095 
 0.9427770092  0.0002347656 -0.0065180400 -0.0008230116 
 0.9671842523  0.0003635532 -0.0066155110 -0.0008230138 
 0.9915932474  0.0004939302 -0.0067111412 -0.0008230162 
 1.0160039485  0.0006258638 -0.0068049141 -0.0008230189 
 1.0404162988  0.0007593434 -0.0068967781 -0.0008230217 
 1.0648301367  0.0008943429 -0.0069867039 -0.0008230247 
 1.0892453719  0.0010308390 -0.0070746588 -0.0008230280 
 1.1136619576  0.0011688077 -0.0071606117 -0.0008230315 
 1.1380798633  0.0013082245 -0.0072445328 -0.0008230352 
 1.1624990436  0.0014490640 -0.0073263931 -0.0008230392 
 1.1869193529  0.0015912995 -0.0074061647 -0.0008230433 
 1.2113407225  0.0017349040 -0.0074838213 -0.0008230478 
 1.2357631206  0.0018798504 -0.0075593371 -0.0008230525 
 1.2601865274  0.0020261110 -0.0076326874 -0.0008230574 
 1.2846109069  0.0021736575 -0.0077038485 -0.0008230627 
 1.3090361266  0.0023224608 -0.0077727970 -0.0008230681 
 1.3334621322  0.0024724912 -0.0078395111 -0.0008230739 
 1.3578889023  0.0026237192 -0.0079039696 -0.0008230799 
 1.3823164255  0.0027761151 -0.0079661519 -0.0008230862 
 1.4067446727  0.0029296483 -0.0080260382 -0.0008230928 
 1.4311735226  0.0030842877 -0.0080836091 -0.0008230997 
 1.4556029311  0.0032400017 -0.0081388469 -0.0008231069 
 1.4800328842  0.0033967593 -0.0081917338 -0.0008231143 
 1.5044633767  0.0035545287 -0.0082422529 -0.0008231221 
 1.5288943867  0.0037132781 -0.0082903879 -0.0008231301 
 1.5533258034  0.0038729746 -0.0083361231 -0.0008231384 
 1.5777575876  0.0040335854 -0.0083794438 -0.0008231471 
 1.6021897306  0.0041950780 -0.0084203358 -0.0008231560 
 1.6266222317  0.0043574195 -0.0084587852 -0.0008231652 
 1.6510550763  0.0045205767 -0.0084947792 -0.0008231748 
 1.6754881635  0.0046845159 -0.0085283050 -0.0008231846 
 1.6999214557  0.0048492030 -0.0085593511 -0.0008231948 
 1.7243549473  0.0050146046 -0.0085879063 -0.0008232053 
 1.7487886415  0.0051806868 -0.0086139598 -0.0008232161 
 1.7732225265  0.0053474156 -0.0086375016 -0.0008232271 
 1.7976565237  0.0055147566 -0.0086585220 -0.0008232385 
 1.8220905865  0.0056826749 -0.0086770124 -0.0008232502 
 1.8465247106  0.0058511363 -0.0086929643 -0.0008232623 
 1.8709589020  0.0060201064 -0.0087063699 -0.0008232746 
 1.8953931529  0.0061895506 -0.0087172220 -0.0008232873 
 1.9198274085  0.0063594339 -0.0087255137 -0.0008233002 
 1.9442616091  0.0065297212 -0.0087312390 -0.0008233135 
 1.9686957496  0.0067003775 -0.0087343924 -0.0008233271 
 1.9931298389  0.0068713682 -0.0087349687 -0.0008233410 
 2.0175638741  0.0070426583 -0.0087329632 -0.0008233553 
 2.0419978296  0.0072142128 -0.0087283720 -0.0008233698 
 2.0664316246  0.0073859960 -0.0087211915 -0.0008233847 
 2.0908652525  0.0075579729 -0.0087114189 -0.0008233998 
 2.1152987237  0.0077301087 -0.0086990516 -0.0008234153 
 2.1397320423  0.0079023682 -0.0086840876 -0.0008234311 
 2.1641651983  0.0080747165 -0.0086665254 -0.0008234473 
 2.1885981132  0.0082471179 -0.0086463639 -0.0008234637 
 2.2130307709  0.0084195373 -0.0086236031 -0.0008234805 
 2.2374631774  0.0085919399 -0.0085982428 -0.0008234976 
 2.2618953456  0.0087642907 -0.0085702834 -0.0008235150 
 2.2863272606  0.0089365547 -0.0085397259 -0.0008235327 
 2.3107588904  0.0091086969 -0.0085065718 -0.0008235507 
 2.3351901832  0.0092806820 -0.0084708232 -0.0008235690 
 2.3596211393  0.0094524753 -0.0084324826 -0.0008235877 
 2.3840517730  0.0096240423 -0.0083915529 -0.0008236067 
 2.4084820804  0.0097953483 -0.0083480372 -0.0008236260 
 2.4329120636  0.0099663587 -0.0083019396 -0.0008236456 
 2.4573416456  0.0101370386 -0.0082532642 -0.0008236655 
 2.4817708187  0.0103073536 -0.0082020163 -0.0008236857 
 2.5061995923  0.0104772693 -0.0081482007 -0.0008237062 
 2.5306279776  0.0106467519 -0.0080918232 -0.0008237271 
 2.5550559670  0.0108157671 -0.0080328898 -0.0008237483 
 2.5794835471  0.0109842809 -0.0079714071 -0.0008237698 
 2.6039106567  0.0111522591 -0.0079073822 -0.0008237916 
 2.6283372963  0.0113196679 -0.0078408228 -0.0008238137 
 2.6527634821  0.0114864740 -0.0077717365 -0.0008238361 
 2.6771892153  0.0116526438 -0.0077001317 -0.0008238588 
 2.7016145010  0.0118181442 -0.0076260169 -0.0008238819 
 2.7260392983  0.0119829417 -0.0075494015 -0.0008239052 
 2.7504635727  0.0121470031 -0.0074702952 -0.0008239289 
 2.7748873275  0.0123102956 -0.0073887080 -0.0008239529 
 2.7993105810  0.0124727866 -0.0073046502 -0.0008239772 
 2.8237333281  0.0126344436 -0.0072181326 -0.0008240017 
 2.8481555819  0.0127952344 -0.0071291663 -0.0008240267 
 2.8725772883  0.0129551264 -0.0070377630 -0.0008240519 
 2.8969984265  0.0131140874 -0.0069439351 -0.0008240774 
 2.9214190022  0.0132720858 -0.0068476948 -0.0008241032 
 2.9458390348  0.0134290901 -0.0067490548 -0.0008241294 
 2.9702585160  0.0135850688 -0.0066480284 -0.0008241558 
 2.9946774606  0.0137399908 -0.0065446290 -0.0008241826 
 3.0190958180  0.0138938247 -0.0064388706 -0.0008242097 
 3.0435135690  0.0140465396 -0.0063307679 -0.0008242370 
 3.0679307192  0.0141981050 -0.0062203355 -0.0008242647 
 3.0923472892  0.0143484906 -0.0061075883 -0.0008242927 
 3.1167632714  0.0144976662 -0.0059925418 -0.0008243210 
 3.1411786819  0.0146456019 -0.0058752116 -0.0008243496 
 3.1655934797  0.0147922678 -0.0057556141 -0.0008243786 
 3.1900076390  0.0149376342 -0.0056337659 -0.0008244078 
 3.2144211632  0.0150816719 -0.0055096839 -0.0008244373 
 3.2388340741  0.0152243520 -0.0053833852 -0.0008244672 
 3.2632463678  0.0153656458 -0.0052548872 -0.0008244973 
 3.2876580617  0.0155055247 -0.0051242078 -0.0008245278 
 3.3120691219  0.0156439602 -0.0049913653 -0.0008245586 
 3.3364795199  0.0157809243 -0.0048563785 -0.0008245896 
 3.3608888230  0.0159163865 -0.0047192680 -0.0008246210 
 3.3852958357  0.0160503128 -0.0045800595 -0.0008246527 
 3.4097005927  0.0161826773 -0.0044387757 -0.0008246847 
 3.4341030923  0.0163134527 -0.0042954348 -0.0008247170 
 3.4585033699  0.0164426126 -0.0041500573 -0.0008247496 
 3.4829013213  0.0165701306 -0.0040026645 -0.0008247825 
 3.5072969497  0.0166959807 -0.0038532779 -0.0008248157 
 3.5316902147  0.0168201373 -0.0037019189 -0.0008248493 
 3.5560811562  0.0169425753 -0.0035486091 -0.0008248831 
 3.5804697605  0.0170632697 -0.0033933706 -0.0008249172 
 3.6048560934  0.0171821961 -0.0032362253 -0.0008249517 
 3.6292400870  0.0172993297 -0.0030771959 -0.0008249864 
 3.6536216848  0.0174146462 -0.0029163058 -0.0008250215 
 3.6780008880  0.0175281220 -0.0027535783 -0.0008250569 
 3.7023776915  0.0176397334 -0.0025890365 -0.0008250926 
 3.7267521261  0.0177494576 -0.0024227041 -0.0008251286 
 3.7511242179  0.0178572717 -0.0022546046 -0.0008251648 
 3.7754939692  0.0179631531 -0.0020847622 -0.0008252015 
 3.7998612999  0.0180670794 -0.0019132017 -0.0008252384 
 3.8242262219  0.0181690287 -0.0017399478 -0.0008252756 
 3.8485887033  0.0182689792 -0.0015650256 -0.0008253131 
 3.8729487890  0.0183669099 -0.0013884599 -0.0008253510 
 3.8973064702  0.0184627997 -0.0012102760 -0.0008253892 
 3.9216618077  0.0185566284 -0.0010304992 -0.0008254276 
 3.9460147512  0.0186483753 -0.0008491553 -0.0008254664 
 3.9703652514  0.0187380202 -0.0006662709 -0.0008255055 
 3.9947133142  0.0188255437 -0.0004818723 -0.0008255449 
 4.0190589338  0.0189109264 -0.0002959858 -0.0008255847 
 4.0434021592  0.0189941494 -0.0001086377 -0.0008256247 
 4.0677429911  0.0190751941  0.0000801451 -0.0008256651 
 4.0920814553  0.0191540422  0.0002703359 -0.0008257057 
 4.1164175128  0.0192306756  0.0004619071 -0.0008257467 
 4.1407511417  0.0193050767  0.0006548311 -0.0008257880 
 4.1650823242  0.0193772280  0.0008490802 -0.0008258297 
 4.1894110774  0.0194471127  0.0010446266 -0.0008258716 
 4.2137374419  0.0195147143  0.0012414428 -0.0008259139 
 4.2380614512  0.0195800166  0.0014395009 -0.0008259564 
 4.2623830850  0.0196430034  0.0016387724 -0.0008259994 
 4.2867023151  0.0197036593  0.0018392288 -0.0008260426 
 4.3110191436  0.0197619690  0.0020408412 -0.0008260861 
 4.3353335433  0.0198179174  0.0022435807 -0.0008261300 
 4.3596455497  0.0198714903  0.0024474186 -0.0008261742 
 4.3839551918  0.0199226734  0.0026523262 -0.0008262187 
 4.4082625124  0.0199714530  0.0028582745 -0.0008262636 
 4.4325674708  0.0200178154  0.0030652339 -0.0008263088 
 4.4568700610  0.0200617476  0.0032731746 -0.0008263543 
 4.4811702778  0.0201032367  0.0034820672 -0.0008264001 
 4.5054681075  0.0201422704  0.0036918817 -0.0008264463 
 4.5297635956  0.0201788365  0.0039025885 -0.0008264928 
 4.5540567630  0.0202129235  0.0041141578 -0.0008265396 
 4.5783476426  0.0202445200  0.0043265598 -0.0008265867 
 4.6026362081  0.0202736148  0.0045397641 -0.0008266342 
 4.6269224596  0.0203001975  0.0047537403 -0.0008266821 
 4.6512063836  0.0203242576  0.0049684577 -0.0008267302 
 4.6754879757  0.0203457853  0.0051838858 -0.0008267787 
 4.6997672856  0.0203647711  0.0053999944 -0.0008268276 
 4.7240443351  0.0203812057  0.0056167529 -0.0008268767 
 4.7483191458  0.0203950803  0.0058341308 -0.0008269262 
 4.7725917025  0.0204063863  0.0060520968 -0.0008269761 
 4.7968620157  0.0204151157  0.0062706202 -0.0008270263 
 4.8211300638  0.0204212607  0.0064896697 -0.0008270768 
 4.8453958479  0.0204248139  0.0067092141 -0.0008271277 
 4.8696594159  0.0204257682  0.0069292226 -0.0008271790 
 4.8939208012  0.0204241170  0.0071496643 -0.0008272305 
 4.9181800153  0.0204198539  0.0073705080 -0.0008272825 
 4.9424370485  0.0204129730  0.0075917220 -0.0008273347 
 4.9666919256  0.0204034686  0.0078132753 -0.0008273874 
 4.9909446166  0.0203913355  0.0080351361 -0.0008274403 
 5.0151951230  0.0203765689  0.0082572728 -0.0008274937 
 5.0394434854  0.0203591643  0.0084796541 -0.0008275473 
 5.0636897578  0.0203391174  0.0087022490 -0.0008276014 
 5.0879339400  0.0203164243  0.0089250258 -0.0008276558 
 5.1121760250  0.0202910818  0.0091479528 -0.0008277105 
 5.1364160558  0.0202630868  0.0093709986 -0.0008277656 
 5.1606539943  0.0202324363  0.0095941313 -0.0008278211 
 5.1848898304  0.0201991284  0.0098173188 -0.0008278769 
 5.2091236081  0.0201631608  0.0100405298 -0.0008279331 
 5.2333554044  0.0201245319  0.0102637333 -0.0008279897 
 5.2575852086  0.0200832403  0.0104868974 -0.0008280466 
 5.2818130109  0.0200392852  0.0107099902 -0.0008281039 
 5.3060388476  0.0199926660  0.0109329802 -0.0008281616 
 5.3302627242  0.0199433825  0.0111558357 -0.0008282196 
 5.3544845835  0.0198914349  0.0113785245 -0.0008282780 
 5.3787044860  0.0198368238  0.0116010152 -0.0008283368 
 5.4029225280  0.0197795498  0.0118232771 -0.0008283960 
 5.4271386874  0.0197196140  0.0120452781 -0.0008284555 
 5.4513529306  0.0196570182  0.0122669863 -0.0008285154 
 5.4755653117  0.0195917644  0.0124883705 -0.0008285757 
 5.4997758630  0.0195238547  0.0127093992 -0.0008286363 
 5.5239845189  0.0194532917  0.0129300404 -0.0008286974 
 5.5481913292  0.0193800788  0.0131502628 -0.0008287588 
 5.5723963655  0.0193042188  0.0133700355 -0.0008288206 
 5.5965996553  0.0192257154  0.0135893273 -0.0008288828 
 5.6208011549  0.0191445727  0.0138081064 -0.0008289454 
 5.6450009069  0.0190607953  0.0140263417 -0.0008290084 
 5.6691989725  0.0189743875  0.0142440023 -0.0008290717 
 5.6933952776  0.0188853547  0.0144610565 -0.0008291355 
 5.7175898568  0.0187937024  0.0146774731 -0.0008291997 
 5.7417827511  0.0186994362  0.0148932214 -0.0008292642 
 5.7659740460  0.0186025620  0.0151082711 -0.0008293292 
 5.7901636859  0.0185030863  0.0153225907 -0.0008293945 
 5.8143516996  0.0184010161  0.0155361494 -0.0008294602 
 5.8385381372  0.0182963584  0.0157489169 -0.0008295264 
 5.8627230052  0.0181891204  0.0159608622 -0.0008295929 
 5.8869062415  0.0180793105  0.0161719544 -0.0008296599 
 5.9110879172  0.0179669367  0.0163821631 -0.0008297273 
 5.9352681279  0.0178520070  0.0165914589 -0.0008297950 
 5.9594468595  0.0177345302  0.0167998111 -0.0008298632 
 5.9836240703  0.0176145158  0.0170071891 -0.0008299318 
 6.0077998230  0.0174919734  0.0172135631 -0.0008300008 
 6.0319741878  0.0173669122  0.0174189036 -0.0008300702 
 6.0561470644  0.0172393429  0.0176231797 -0.0008301401 
 6.0803185156  0.0171092761  0.0178263620 -0.0008302103 
 6.1044885954  0.0169767222  0.0180284212 -0.0008302810 
 6.1286573831  0.0168416920  0.0182293283 -0.0008303521 
 6.1528247916  0.0167041973  0.0184290529 -0.0008304236 
 6.1769908786  0.0165642501  0.0186275661 -0.0008304956 
 6.2011557056  0.0164218620  0.0188248392 -0.0008305680 
 6.2253192625  0.0162770455  0.0190208427 -0.0008306408 
 6.2494815044  0.0161298139  0.0192155473 -0.0008307140 
 6.2736425012  0.0159801800  0.0194089248 -0.0008307877 
 6.2978023507  0.0158281566  0.0196009469 -0.0008308618 
 6.3219610293  0.0156737574  0.0197915850 -0.0008309364 
 6.3461185054  0.0155169970  0.0199808103 -0.0008310114 
 6.3702748417  0.0153578895  0.0201685949 -0.0008310868 
 6.3944301307  0.0151964489  0.0203549114 -0.0008311627 
 6.4185842473  0.0150326908  0.0205397308 -0.0008312390 
 6.4427372665  0.0148666306  0.0207230257 -0.0008313157 
 6.4668892336  0.0146982835  0.0209047688 -0.0008313930 
 6.4910402562  0.0145276646  0.0210849334 -0.0008314706 
 6.5151902175  0.0143547909  0.0212634911 -0.0008315487 
 6.5393391871  0.0141796789  0.0214404153 -0.0008316273 
 6.5634872162  0.0140023448  0.0216156793 -0.0008317063 
 6.5876343490  0.0138228055  0.0217892565 -0.0008317858 
 6.6117804873  0.0136410791  0.0219611196 -0.0008318658 
 6.6359257195  0.0134571831  0.0221312426 -0.0008319462 
 6.6600701233  0.0132711347  0.0222995998 -0.0008320271 
 6.6842137384  0.0130829520  0.0224661653 -0.0008321084 
 6.7083564711  0.0128926542  0.0226309124 -0.0008321902 
 6.7324984039  0.0127002601  0.0227938160 -0.0008322725 
 6.7566396189  0.0125057879  0.0229548510 -0.0008323553 
 6.7807800597  0.0123092575  0.0231139917 -0.0008324385 
 6.8049197295  0.0121106889  0.0232712129 -0.0008325222 
 6.8290586881  0.0119101016  0.0234264901 -0.0008326064 
 6.8531970399  0.0117075152  0.0235797992 -0.0008326911 
 6.8773347266  0.0115029505  0.0237311150 -0.0008327762 
 6.9014717531  0.0112964287  0.0238804135 -0.0008328619 
 6.9256081740  0.0110879704  0.0240276708 -0.0008329480 
 6.9497440972  0.0108775962  0.0241728635 -0.0008330346 
 6.9738793867  0.0106653286  0.0243159671 -0.0008331218 
 6.9980141260  0.0104511895  0.0244569588 -0.0008332094 
 7.0221483527  0.0102352004  0.0245958154 -0.0008332975 
 7.0462821909  0.0100173829  0.0247325145 -0.0008333861 
 7.0704155109  0.0097977606  0.0248670326 -0.0008334752 
 7.0945483872  0.0095763564  0.0249993476 -0.0008335649 
 7.1186808589  0.0093531928  0.0251294374 -0.0008336550 
 7.1428130289  0.0091282926  0.0252572803 -0.0008337457 
 7.1669447429  0.0089016807  0.0253828535 -0.0008338368 
 7.1910761080  0.0086733808  0.0255061362 -0.0008339285 
 7.2152071771  0.0084434162  0.0256271072 -0.0008340207 
 7.2393380602  0.0082118106  0.0257457458 -0.0008341134 
 7.2634685955  0.0079785898  0.0258620301 -0.0008342067 
 7.2875988871  0.0077437788  0.0259759405 -0.0008343004 
 7.3117289887  0.0075074016  0.0260874564 -0.0008343947 
 7.3358589598  0.0072694834  0.0261965580 -0.0008344896 
 7.3599886904  0.0070300507  0.0263032249 -0.0008345849 
 7.3841182758  0.0067891291  0.0264074381 -0.0008346808 
 7.4082477774  0.0065467438  0.0265091782 -0.0008347773 
 7.4323772699  0.0063029205  0.0266084266 -0.0008348743 
 7.4565066283  0.0060576870  0.0267051637 -0.0008349718 
 7.4806359454  0.0058110697  0.0267993717 -0.0008350699 
 7.5047652826  0.0055630946  0.0268910322 -0.0008351685 
 7.5288946750  0.0053137889  0.0269801273 -0.0008352677 
 7.5530240381  0.0050631808  0.0270666389 -0.0008353675 
 7.5771534600  0.0048112975  0.0271505501 -0.0008354678 
 7.6012830054  0.0045581659  0.0272318438 -0.0008355687 
 7.6254127283  0.0043038138  0.0273105031 -0.0008356701 
 7.6495425255  0.0040482705  0.0273865109 -0.0008357721 
 7.6736724837  0.0037915640  0.0274598516 -0.0008358747 
 7.6978026665  0.0035337221  0.0275305090 -0.0008359779 
 7.7219331064  0.0032747735  0.0275984674 -0.0008360816 
 7.7460637229  0.0030147482  0.0276637111 -0.0008361860 
 7.7701946029  0.0027536748  0.0277262253 -0.0008362909 
 7.7943258083  0.0024915821  0.0277859950 -0.0008363964 
 7.8184573980  0.0022284992  0.0278430059 -0.0008365025 
 7.8425892651  0.0019644571  0.0278972433 -0.0008366092 
 7.8667214966  0.0016994853  0.0279486936 -0.0008367165 
 7.8908541516  0.0014336132  0.0279973431 -0.0008368244 
 7.9149872775  0.0011668708  0.0280431784 -0.0008369329 
 7.9391207803  0.0008992898  0.0280861863 -0.0008370420 
 7.9632547507  0.0006309002  0.0281263543 -0.0008371517 
 7.9873892422  0.0003617322  0.0281636700 -0.0008372621 
 8.0115243320  0.0000918163  0.0281981212 -0.0008373731 
 8.0356598964 -0.0001788150  0.0282296958 -0.0008374847 
 8.0597960269 -0.0004501309  0.0282583828 -0.0008375969 
 8.0839327734 -0.0007221004  0.0282841707 -0.0008377098 
 8.1080702189 -0.0009946927  0.0283070488 -0.0008378233 
 8.1322082352 -0.0012678745  0.0283270063 -0.0008379374 
 8.1563469228 -0.0015416143  0.0283440334 -0.0008380522 
 8.1804863207 -0.0018158806  0.0283581199 -0.0008381676 
 8.2046265348 -0.0020906420  0.0283692564 -0.0008382837 
 8.2287674289 -0.0023658647  0.0283774332 -0.0008384005 
 8.2529090908 -0.0026415165  0.0283826421 -0.0008385179 
 8.2770515544 -0.0029175652  0.0283848741 -0.0008386359 
 8.3011949239 -0.0031939788  0.0283841210 -0.0008387547 
 8.3253390831 -0.0034707231  0.0283803747 -0.0008388741 
 8.3494841040 -0.0037477653  0.0283736280 -0.0008389942 
 8.3736300287 -0.0040250727  0.0283638735 -0.0008391150 
 8.3977769477 -0.0043026127  0.0283511042 -0.0008392364 
 8.4219247898 -0.0045803510  0.0283353134 -0.0008393586 
 8.4460735826 -0.0048582539  0.0283164953 -0.0008394814 
 8.4702233717 -0.0051362881  0.0282946438 -0.0008396050 
 8.4943742410 -0.0054144205  0.0282697533 -0.0008397292 
 8.5185261564 -0.0056926169  0.0282418185 -0.0008398542 
 8.5426791095 -0.0059708426  0.0282108349 -0.0008399799 
 8.5668331649 -0.0062490641  0.0281767980 -0.0008401063 
 8.5909883853 -0.0065272478  0.0281397034 -0.0008402334 
 8.6151447889 -0.0068053592  0.0280995473 -0.0008403613 
 8.6393023153 -0.0070833631  0.0280563265 -0.0008404899 
 8.6634610341 -0.0073612255  0.0280100380 -0.0008406192 
 8.6876209998 -0.0076389122  0.0279606789 -0.0008407493 
 8.7117822743 -0.0079163890  0.0279082468 -0.0008408801 
 8.7359447445 -0.0081936197  0.0278527398 -0.0008410117 
 8.7601084784 -0.0084705698  0.0277941567 -0.0008411440 
 8.7842734833 -0.0087472044  0.0277324959 -0.0008412772 
 8.8084397932 -0.0090234886  0.0276677567 -0.0008414110 
 8.8326072548 -0.0092993853  0.0275999388 -0.0008415457 
 8.8567758937 -0.0095748595  0.0275290426 -0.0008416811 
 8.8809457188 -0.0098498758  0.0274550682 -0.0008418174 
 8.9051167121 -0.0101243985  0.0273780164 -0.0008419544 
 8.9292887525 -0.0103983907  0.0272978887 -0.0008420922 
 8.9534618691 -0.0106718171  0.0272146870 -0.0008422308 
 8.9776360710 -0.0109446422  0.0271284128 -0.0008423703 
 9.0018113172 -0.0112168299  0.0270390688 -0.0008425105 
 9.0259875216 -0.0114883434  0.0269466579 -0.0008426516 
 9.0501647026 -0.0117591471  0.0268511836 -0.0008427935 
 9.0743429026 -0.0120292059  0.0267526491 -0.0008429362 
 9.0985220369 -0.0122984828  0.0266510586 -0.0008430797 
 9.1227020635 -0.0125669415  0.0265464167 -0.0008432242 
 9.1468830106 -0.0128345466  0.0264387284 -0.0008433694 
 9.1710649007 -0.0131012623  0.0263279984 -0.0008435155 
 9.1952476232 -0.0133670515  0.0262142328 -0.0008436625 
 9.2194311774 -0.0136318783  0.0260974379 -0.0008438104 
 9.2436155526 -0.0138957067  0.0259776201 -0.0008439591 
 9.2678008429 -0.0141585018  0.0258547858 -0.0008441087 
 9.2919868398 -0.0144202254  0.0257289426 -0.0008442592 
 9.3161736339 -0.0146808424  0.0256000990 -0.0008444106 
 9.3403611848 -0.0149403167  0.0254682621 -0.0008445629 
 9.3645495269 -0.0151986126  0.0253334409 -0.0008447161 
 9.3887385346 -0.0154556931  0.0251956445 -0.0008448702 
 9.4129282382 -0.0157115224  0.0250548826 -0.0008450253 
 9.4371186574 -0.0159660650  0.0249111643 -0.0008451813 
 9.4613097853 -0.0162192850  0.0247645001 -0.0008453382 
 9.4855015029 -0.0164711453  0.0246149009 -0.0008454961 
 9.5096938580 -0.0167216109  0.0244623781 -0.0008456549 
 9.5338868831 -0.0169706462  0.0243069423 -0.0008458147 
 9.5580804826 -0.0172182146  0.0241486059 -0.0008459755 
 9.5822746149 -0.0174642801  0.0239873817 -0.0008461372 
 9.6064693136 -0.0177088076  0.0238232823 -0.0008462999 
 9.6306646452 -0.0179517621  0.0236563201 -0.0008464636 
 9.6548604100 -0.0181931062  0.0234865096 -0.0008466284 
 9.6790566778 -0.0184328052  0.0233138653 -0.0008467941 
 9.7032534584 -0.0186708240  0.0231384006 -0.0008469608 
 9.7274507409 -0.0189071271  0.0229601307 -0.0008471286 
 9.7516483995 -0.0191416782  0.0227790716 -0.0008472974 
 9.7758464735 -0.0193744426  0.0225952391 -0.0008474673 
 9.8000450520 -0.0196053861  0.0224086484 -0.0008476382 
 9.8242439442 -0.0198344719  0.0222193169 -0.0008478102 
 9.8484431944 -0.0200616658  0.0220272622 -0.0008479833 
 9.8726428065 -0.0202869330  0.0218325011 -0.0008481574 
 9.8968427756 -0.0205102388  0.0216350516 -0.0008483326 
 9.9210430235 -0.0207315479  0.0214349324 -0.0008485090 
 9.9452435162 -0.0209508256  0.0212321627 -0.0008486864 
 9.9694443408 -0.0211680386  0.0210267611 -0.0008488650 
 9.9936454081 -0.0213831516  0.0208187474 -0.0008490447 
10.0178466599 -0.0215961301  0.0206081424 -0.0008492255 
10.0420481274 -0.0218069406  0.0203949665 -0.0008494075 
10.0662498007 -0.0220155489  0.0201792403 -0.0008495907 
10.0904515805 -0.0222219207  0.0199609861 -0.0008497750 
10.1146535175 -0.0224260228  0.0197402256 -0.0008499605 
10.1388556383 -0.0226278220  0.0195169803 -0.0008501472 
10.1630577757 -0.0228272836  0.0192912743 -0.0008503351 
10.1872599931 -0.0230243752  0.0190631309 -0.0008505243 
10.2114623194 -0.0232190638  0.0188325728 -0.0008507146 
10.2356646307 -0.0234113157  0.0185996250 -0.0008509063 
10.2598669129 -0.0236010983  0.0183643126 -0.0008510991 
10.2840691686 -0.0237883790  0.0181266603 -0.0008512933 
10.3082714664 -0.0239731261  0.0178866929 -0.0008514887 
10.3324736517 -0.0241553061  0.0176444371 -0.0008516854 
10.3566757342 -0.0243348875  0.0173999200 -0.0008518834 
10.3808777471 -0.0245118385  0.0171531676 -0.0008520828 
10.4050795799 -0.0246861266  0.0169042078 -0.0008522834 
10.4292812707 -0.0248577211  0.0166530686 -0.0008524854 
10.4534827768 -0.0250265902  0.0163997780 -0.0008526888 
10.4776840818 -0.0251927029  0.0161443649 -0.0008528936 
10.5018851301 -0.0253560281  0.0158868589 -0.0008530997 
10.5260859056 -0.0255165351  0.0156272897 -0.0008533073 
10.5502864611 -0.0256741940  0.0153656868 -0.0008535162 
10.5744866730 -0.0258289737  0.0151020814 -0.0008537266 
10.5986865052 -0.0259808442  0.0148365055 -0.0008539385 
10.6228860367 -0.0261297765  0.0145689894 -0.0008541518 
10.6470851319 -0.0262757399  0.0142995659 -0.0008543666 
10.6712838436 -0.0264187061  0.0140282676 -0.0008545829 
10.6954821441 -0.0265586456  0.0137551268 -0.0008548007 
10.7196799134 -0.0266955292  0.0134801784 -0.0008550201 
10.7438771656 -0.0268293287  0.0132034563 -0.0008552410 
10.7680739106 -0.0269600158  0.0129249943 -0.0008554635 
10.7922701225 -0.0270875626  0.0126448273 -0.0008556875 
10.8164657409 -0.0272119412  0.0123629914 -0.0008559132 
10.8406607979 -0.0273331245  0.0120795220 -0.0008561405 
10.8648552088 -0.0274510848  0.0117944560 -0.0008563694 
10.8890488711 -0.0275657951  0.0115078313 -0.0008566000 
10.9132418439 -0.0276772293  0.0112196848 -0.0008568323 
10.9374342276 -0.0277853618  0.0109300527 -0.0008570663 
10.9616257621 -0.0278901649  0.0106389757 -0.0008573020 
10.9858164729 -0.0279916143  0.0103464932 -0.0008575395 
11.0100064597 -0.0280896848  0.0100526428 -0.0008577787 
11.0341955093 -0.0281843502  0.0097574662 -0.0008580198 
11.0583836339 -0.0282755869  0.0094610045 -0.0008582626 
11.0825709318 -0.0283633708  0.0091632967 -0.0008585073 
11.1067572621 -0.0284476773  0.0088643855 -0.0008587539 
11.1309426200 -0.0285284835  0.0085643133 -0.0008590023 
11.1551269769 -0.0286057658  0.0082631224 -0.0008592526 
11.1793102131 -0.0286795013  0.0079608573 -0.0008595049 
11.2034923478 -0.0287496680  0.0076575613 -0.0008597592 
11.2276734667 -0.0288162441  0.0073532771 -0.0008600155 
11.2518534360 -0.0288792074  0.0070480506 -0.0008602737 
11.2760321369 -0.0289385369  0.0067419287 -0.0008605341 
11.3002096340 -0.0289942123  0.0064349562 -0.0008607965 
11.3243858512 -0.0290462128  0.0061271799 -0.0008610610 
11.3485607222 -0.0290945186  0.0058186477 -0.0008613276 
11.3727342660 -0.0291391106  0.0055094065 -0.0008615965 
11.3969064510 -0.0291799698  0.0051995045 -0.0008618675 
11.4210772229 -0.0292170776  0.0048889909 -0.0008621408 
11.4452465620 -0.0292504162  0.0045779150 -0.0008624163 
11.4694143647 -0.0292799678  0.0042663277 -0.0008626941 
11.4935805426 -0.0293057158  0.0039542804 -0.0008629743 
11.5177451616 -0.0293276440  0.0036418232 -0.0008632569 
11.5419081982 -0.0293457361  0.0033290076 -0.0008635418 
11.5660695837 -0.0293599769  0.0030158867 -0.0008638293 
11.5902291990 -0.0293703517  0.0027025146 -0.0008641192 
11.6143870442 -0.0293768465  0.0023889447 -0.0008644116 
11.6385430055 -0.0293794474  0.0020752324 -0.0008647066 
11.6626971393 -0.0293781420  0.0017614316 -0.0008650043 
11.6868493928 -0.0293729175  0.0014475980 -0.0008653046 
11.7109996050 -0.0293637623  0.0011337897 -0.0008656075 
11.7351478466 -0.0293506660  0.0008200625 -0.0008659133 
11.7592940557 -0.0293336175  0.0005064741 -0.0008662218 
11.7834381512 -0.0293126077  0.0001930835 -0.0008665332 
11.8075800151 -0.0292876276 -0.0001200492 -0.0008668475 
11.8317197065 -0.0292586693 -0.0004328653 -0.0008671647 
11.8558570411 -0.0292257250 -0.0007453029 -0.0008674850 
11.8799920960 -0.0291887889 -0.0010573019 -0.0008678083 
11.9041247973 -0.0291478545 -0.0013688005 -0.0008681347 
11.9282550432 -0.0291029171 -0.0016797351 -0.0008684642 
11.9523827189 -0.0290539730 -0.0019900414 -0.0008687970 
11.9765078953 -0.0290010190 -0.0022996568 -0.0008691331 
12.0006303530 -0.0289440524 -0.0026085147 -0.0008694725 
12.0247501465 -0.0288830728 -0.0029165502 -0.0008698154 
12.0488672358 -0.0288180789 -0.0032236977 -0.0008701617 
12.0729813745 -0.0287490720 -0.0035298874 -0.0008705116 
12.0970926589 -0.0286760542 -0.0038350533 -0.0008708651 
12.1212010667 -0.0285990273 -0.0041391273 -0.0008712223 
12.1453064589 -0.0285179954 -0.0044420391 -0.0008715832 
12.1694086879 -0.0284329641 -0.0047437174 -0.0008719480 
12.1935078284 -0.0283439394 -0.0050440928 -0.0008723167 
12.2176035801 -0.0282509284 -0.0053430909 -0.0008726894 
12.2416960455 -0.0281539406 -0.0056406410 -0.0008730663 
12.2657852348 -0.0280529846 -0.0059366712 -0.0008734472 
12.2898709488 -0.0279480718 -0.0062311057 -0.0008738325 
12.3139530767 -0.0278392156 -0.0065238691 -0.0008742221 
12.3380316566 -0.0277264295 -0.0068148873 -0.0008746161 
12.3621063796 -0.0276097290 -0.0071040814 -0.0008750147 
12.3861773195 -0.0274891317 -0.0073913758 -0.0008754179 
12.4102445547 -0.0273646542 -0.0076766949 -0.0008758259 
12.4343076853 -0.0272363174 -0.0079599562 -0.0008762387 
12.4583667339 -0.0271041442 -0.0082410818 -0.0008766565 
12.4824218076 -0.0269681557 -0.0085199939 -0.0008770793 
12.5064725761 -0.0268283773 -0.0087966092 -0.0008775073 
12.5305191354 -0.0266848365 -0.0090708483 -0.0008779407 
12.5545613186 -0.0265375606 -0.0093426286 -0.0008783795 
12.5785989621 -0.0263865810 -0.0096118665 -0.0008788238 
12.6026319122 -0.0262319303 -0.0098784782 -0.0008792738 
12.6266603372 -0.0260736416 -0.0101423829 -0.0008797297 
12.6506838763 -0.0259117511 -0.0104034934 -0.0008801915 
12.6747025732 -0.0257462980 -0.0106617262 -0.0008806594 
12.6987163642 -0.0255773212 -0.0109169966 -0.0008811335 
12.7227251695 -0.0254048632 -0.0111692187 -0.0008816141 
12.7467285990 -0.0252289703 -0.0114183035 -0.0008821012 
12.7707267775 -0.0250496892 -0.0116641669 -0.0008825951 
12.7947195915 -0.0248670677 -0.0119067217 -0.0008830958 
12.8187067804 -0.0246811588 -0.0121458792 -0.0008836036 
12.8426883082 -0.0244920166 -0.0123815529 -0.0008841186 
12.8666642877 -0.0242996954 -0.0126136574 -0.0008846411 
12.8906342865 -0.0241042556 -0.0128421016 -0.0008851711 
12.9145984447 -0.0239057584 -0.0130668004 -0.0008857090 
12.9385565347 -0.0237042670 -0.0132876649 -0.0008862548 
12.9625083326 -0.0234998496 -0.0135046065 -0.0008868089 
12.9864536355 -0.0232925762 -0.0137175370 -0.0008873713 
13.0103927055 -0.0230825160 -0.0139263726 -0.0008879424 
13.0343250598 -0.0228697449 -0.0141310228 -0.0008885224 
13.0582507147 -0.0226543411 -0.0143314027 -0.0008891114 
13.0821695783 -0.0224363834 -0.0145274262 -0.0008897098 
13.1060816103 -0.0222159540 -0.0147190085 -0.0008903177 
13.1299862917 -0.0219931416 -0.0149060614 -0.0008909355 
13.1538837495 -0.0217680343 -0.0150885034 -0.0008915633 
13.1777740786 -0.0215407197 -0.0152662526 -0.0008922015 
13.2016567002 -0.0213112956 -0.0154392230 -0.0008928504 
13.2255315442 -0.0210798604 -0.0156073347 -0.0008935101 
13.2493988691 -0.0208465095 -0.0157705103 -0.0008941811 
13.2732580897 -0.0206113482 -0.0159286670 -0.0008948636 
13.2971093232 -0.0203744822 -0.0160817305 -0.0008955579 
13.3209523991 -0.0201360181 -0.0162296240 -0.0008962644 
13.3447873661 -0.0198960658 -0.0163722746 -0.0008969833 
13.3686135376 -0.0196547431 -0.0165096061 -0.0008977151 
13.3924311472 -0.0194121652 -0.0166415514 -0.0008984600 
13.4162401716 -0.0191684475 -0.0167680417 -0.0008992185 
13.4400401191 -0.0189237153 -0.0168890083 -0.0008999909 
13.4638311210 -0.0186780912 -0.0170043897 -0.0009007775 
13.4876130129 -0.0184265952 -0.0171089248 -0.0009015828 
13.5113854922 -0.0181859321 -0.0172201186 -0.0009024050 
13.5351483701 -0.0179367777 -0.0173165374 -0.0009032440 
13.5589016999 -0.0176889110 -0.0174089562 -0.0009040997 
13.5826453676 -0.0174407830 -0.0174954938 -0.0009049723 
13.6063789195 -0.0171925661 -0.0175761240 -0.0009058621 
13.6301026220 -0.0169443856 -0.0176507975 -0.0009067694 
13.6538162730 -0.0166963809 -0.0177194692 -0.0009076946 
13.6775194598 -0.0164486975 -0.0177820994 -0.0009086381 
13.7012120546 -0.0162014794 -0.0178386527 -0.0009096002 
13.7248942233 -0.0159548683 -0.0178890979 -0.0009105816 
13.7485653423 -0.0157090154 -0.0179334051 -0.0009115827 
13.7722254138 -0.0154640672 -0.0179715510 -0.0009126040 
13.7958746791 -0.0152201677 -0.0180035149 -0.0009136462 
13.8195127304 -0.0149774683 -0.0180292788 -0.0009147098 
13.8431393488 -0.0147361198 -0.0180488301 -0.0009157954 
13.8667544348 -0.0144962715 -0.0180621594 -0.0009169037 
13.8903581894 -0.0142580701 -0.0180692616 -0.0009180353 
13.9139499125 -0.0140216711 -0.0180701343 -0.0009191909 
13.9375297693 -0.0137872224 -0.0180647819 -0.0009203711 
13.9610980381 -0.0135548690 -0.0180532098 -0.0009215768 
13.9846539935 -0.0133247660 -0.0180354285 -0.0009228085 
14.0081977871 -0.0130970603 -0.0180114545 -0.0009240672 
14.0317297170 -0.0128718950 -0.0179813051 -0.0009253535 
14.0552490065 -0.0126494232 -0.0179450034 -0.0009266682 
14.0787562099 -0.0124297853 -0.0179025778 -0.0009280123 
14.1022512403 -0.0122131243 -0.0178540571 -0.0009293865 
14.1257335243 -0.0119995879 -0.0177994783 -0.0009307917 
14.1492033688 -0.0117893138 -0.0177388809 -0.0009322288 
14.1726606983 -0.0115824403 -0.0176723067 -0.0009336987 
14.1961052553 -0.0113791063 -0.0175998042 -0.0009352023 
14.2195369541 -0.0111794468 -0.0175214252 -0.0009367406 
14.2429564392 -0.0109835881 -0.0174372228 -0.0009383147 
14.2663628369 -0.0107916663 -0.0173472565 -0.0009399255 
14.2897567360 -0.0106038044 -0.0172515905 -0.0009415742 
14.3131383030 -0.0104201244 -0.0171502872 -0.0009432617 
14.3365065812 -0.0102407550 -0.0170434205 -0.0009449891 
14.3598627028 -0.0100658068 -0.0169310624 -0.0009467577 
14.3832058559 -0.0098953995 -0.0168132875 -0.0009485686 
14.4065362033 -0.0097296451 -0.0166901805 -0.0009504229 
14.4298543444 -0.0095686475 -0.0165618193 -0.0009523220 
14.4531595445 -0.0094125168 -0.0164282927 -0.0009542670 
14.4764525191 -0.0092613503 -0.0162896903 -0.0009562592 
14.4997334707 -0.0091152441 -0.0161460999 -0.0009583001 
14.5230017298 -0.0089742964 -0.0159976215 -0.0009603908 
14.5462580371 -0.0088385927 -0.0158443525 -0.0009625329 
14.5695019926 -0.0087082202 -0.0156863927 -0.0009647276 
14.5927336865 -0.0085832594 -0.0155238496 -0.0009669764 
14.6159539065 -0.0084637821 -0.0153568249 -0.0009692809 
14.6391621198 -0.0083498621 -0.0151854300 -0.0009716424 
14.6623589749 -0.0082415626 -0.0150097778 -0.0009740626 
14.6855448829 -0.0081389426 -0.0148299780 -0.0009765430 
14.7087187559 -0.0080420625 -0.0146461569 -0.0009790850 
14.7318820447 -0.0079509661 -0.0144584306 -0.0009816904 
14.7550341530 -0.0078657000 -0.0142669188 -0.0009843608 
14.7781752047 -0.0077863027 -0.0140717531 -0.0009870978 
14.8013062188 -0.0077128034 -0.0138730514 -0.0009899031 
14.8244263854 -0.0076452322 -0.0136709462 -0.0009927783 
14.8475367172 -0.0075836072 -0.0134655672 -0.0009957252 
14.8706372351 -0.0075279439 -0.0132570407 -0.0009987456 
14.8937283138 -0.0074782507 -0.0130455014 -0.0010018411 
14.9168106239 -0.0074345294 -0.0128310781 -0.0010050135 
14.9398830025 -0.0073967789 -0.0126139158 -0.0010082645 
14.9629467599 -0.0073649860 -0.0123941490 -0.0010115959 
14.9860022152 -0.0073391335 -0.0121719069 -0.0010150095 
15.0090490751 -0.0073191974 -0.0119473370 -0.0010185070 
15.0320888862 -0.0073051441 -0.0117205712 -0.0010220903 
15.0551203760 -0.0072969360 -0.0114917582 -0.0010257609 
15.0781448747 -0.0072945238 -0.0112610433 -0.0010295208 
15.1011632494 -0.0072978533 -0.0110285577 -0.0010333717 
15.1241746030 -0.0073068617 -0.0107944602 -0.0010373152 
15.1471807858 -0.0073214778 -0.0105588915 -0.0010413532 
15.1701804858 -0.0073416237 -0.0103220046 -0.0010454872 
15.1931749572 -0.0073672123 -0.0100839529 -0.0010497188 
15.2161656372 -0.0073981524 -0.0098448672 -0.0010540500 
15.2391512229 -0.0074343422 -0.0096049111 -0.0010584820 
15.2621332591 -0.0074756742 -0.0093642325 -0.0010630166 
15.2851114668 -0.0075220340 -0.0091229752 -0.0010676552 
15.3080867000 -0.0075732997 -0.0088812887 -0.0010723993 
15.3310604380 -0.0076293456 -0.0086393037 -0.0010772506 
15.3540313263 -0.0076900330 -0.0083971765 -0.0010822100 
15.3770009237 -0.0077552200 -0.0081550485 -0.0010872792 
15.3999702569 -0.0078247605 -0.0079130435 -0.0010924597 
15.4229381222 -0.0078984934 -0.0076713155 -0.0010977521 
15.4459065088 -0.0079762586 -0.0074299934 -0.0011031581 
15.4688755883 -0.0080578873 -0.0071892010 -0.0011086788 
15.4918453641 -0.0081432014 -0.0069490801 -0.0011143151 
15.5148176037 -0.0082320233 -0.0067097492 -0.0011200684 
15.5377911537 -0.0083241610 -0.0064713431 -0.0011259392 
15.5607672087 -0.0084194234 -0.0062339910 -0.0011319286 
15.5837476958 -0.0085176211 -0.0059977929 -0.0011380379 
15.6067308888 -0.0086185456 -0.0057628829 -0.0011442673 
15.6297179978 -0.0087219949 -0.0055293847 -0.0011506178 
15.6527107454 -0.0088277694 -0.0052973904 -0.0011570903 
15.6757073207 -0.0089356510 -0.0050670262 -0.0011636848 
15.6987100624 -0.0090454384 -0.0048383949 -0.0011704025 
15.7217192770 -0.0091569216 -0.0046115800 -0.0011772438 
15.7447340795 -0.0092698831 -0.0043866953 -0.0011842088 
15.7677569633 -0.0093841221 -0.0041638205 -0.0011912983 
15.7907858981 -0.0094994142 -0.0039430475 -0.0011985120 
15.8138225660 -0.0096155564 -0.0037244660 -0.0012058505 
15.8368689516 -0.0097323473 -0.0035081220 -0.0012133143 
15.8599229002 -0.0098495655 -0.0032940999 -0.0012209027 
15.8829870087 -0.0099670191 -0.0030824630 -0.0012286163 
15.9060590801 -0.0100844871 -0.0028732675 -0.0012364541 
15.9291401353 -0.0102017753 -0.0026665831 -0.0012444162 
15.9522328141 -0.0103186971 -0.0024624266 -0.0012525028 
15.9753346838 -0.0104350435 -0.0022608481 -0.0012607126 
15.9984481647 -0.0105506441 -0.0020618888 -0.0012690457 
16.0215718577 -0.0106653010 -0.0018655676 -0.0012775008 
16.0447053932 -0.0107788376 -0.0016719320 -0.0012860769 
16.0678520003 -0.0108910981 -0.0014809797 -0.0012947739 
16.0910089609 -0.0110018974 -0.0012927257 -0.0013035899 
16.1141779670 -0.0111110978 -0.0011071953 -0.0013125240 
16.1373599544 -0.0112185488 -0.0009243669 -0.0013215753 
16.1605520561 -0.0113240937 -0.0007442607 -0.0013307411 
16.1837583306 -0.0114276272 -0.0005668689 -0.0013400214 
16.2069757881 -0.0115289942 -0.0003921657 -0.0013494132 
16.2302046953 -0.0116280954 -0.0002201688 -0.0013589148 
16.2534476698 -0.0117248327 -0.0000508311 -0.0013685252 
16.2767015189 -0.0118190859  0.0001158640 -0.0013782412 
16.2999688989 -0.0119107914  0.0002799239 -0.0013880617 
16.3232509987 -0.0119998590  0.0004414093 -0.0013979850 
16.3465443262 -0.0120862017  0.0006003273 -0.0014080074 
16.3698522867 -0.0121697866  0.0007566988 -0.0014181280 
16.3931726291 -0.0122505317  0.0009105809 -0.0014283436 
16.4165042075 -0.0123284013  0.0010619677 -0.0014386512 
16.4398512585 -0.0124033748  0.0012109094 -0.0014490503 
16.4632111369 -0.0124753964  0.0013574554 -0.0014595374 
16.4865840113 -0.0125444659  0.0015015958 -0.0014701102 
16.5099712851 -0.0126105697  0.0016433767 -0.0014807668 
16.5333717301 -0.0126736940  0.0017828219 -0.0014915044 
16.5567843921 -0.0127338429  0.0019199314 -0.0015023203 
16.5802095616 -0.0127910256  0.0020547217 -0.0015132123 
16.6036476757 -0.0128452563  0.0021872102 -0.0015241784 
16.6270988997 -0.0128965557  0.0023174045 -0.0015352166 
16.6505636221 -0.0129449496  0.0024453066 -0.0015463249 
16.6740410905 -0.0129904624  0.0025709144 -0.0015575011 
16.6975325638 -0.0130331318  0.0026942149 -0.0015687439 
16.7210377770 -0.0130729869  0.0028152080 -0.0015800513 
16.7445565427 -0.0131100665  0.0029338638 -0.0015914216 
16.7680901115 -0.0131444093  0.0030501608 -0.0016028539 
16.7916401174 -0.0131760511  0.0031640818 -0.0016143475 
16.8152053193 -0.0132050219  0.0032755944 -0.0016259005 
16.8387865810 -0.0132313586  0.0033846413 -0.0016375121 
16.8623842466 -0.0132550887  0.0034911924 -0.0016491814 
16.8859986744 -0.0132762408  0.0035951932 -0.0016609077 
16.9096307622 -0.0132948402  0.0036965900 -0.0016726905 
16.9332812366 -0.0133109075  0.0037953293 -0.0016845296 
16.9569505788 -0.0133244591  0.0038913499 -0.0016964246 
16.9806391009 -0.0133355059  0.0039845859 -0.0017083752 
17.0043452192 -0.0133440525  0.0040749644 -0.0017203802 
17.0280720391 -0.0133501056  0.0041624023 -0.0017324410 
17.0518194681 -0.0133536634  0.0042468539 -0.0017445575 
17.0755863562 -0.0133547226  0.0043282264 -0.0017567288 
17.0993757201 -0.0133532777  0.0044064440 -0.0017689567 
17.1231854559 -0.0133493108  0.0044814491 -0.0017812402 
17.1470136551 -0.0133428119  0.0045531368 -0.0017935785 
17.1708472781 -0.0133337567  0.0046214233 -0.0018059650 
17.1946845820 -0.0133221610  0.0046861851 -0.0018183990 
17.2185216278 -0.0133079970  0.0047473955 -0.0018308788 
17.2423636568 -0.0132912703  0.0048049787 -0.0018434073 
17.2662127623 -0.0132719388  0.0048589084 -0.0018559859 
17.2900645419 -0.0132499773  0.0049091137 -0.0018686128 
17.3139237966 -0.0132253982  0.0049555341 -0.0018812908 
17.3377951990 -0.0131981451  0.0049981543 -0.0018940230 
17.3616716900 -0.0131681649  0.0050369261 -0.0019068060 
17.3855570568 -0.0131355042  0.0050717966 -0.0019196423 
17.4094568190 -0.0131000834  0.0051027635 -0.0019325353 
17.4333677039 -0.0130618387  0.0051298032 -0.0019454838 
17.4572912356 -0.0130207959  0.0051528931 -0.0019584890 
17.4812339677 -0.0129768985  0.0051720378 -0.0019715548 
17.5051915943 -0.0129300418  0.0051872401 -0.0019846794 
17.5291667823 -0.0128802881  0.0051984954 -0.0019978646 
17.5531671655 -0.0128275599  0.0052058293 -0.0020111148 
17.5771864883 -0.0127717430  0.0052092743 -0.0020244269 
17.6012201011 -0.0127129275  0.0052088497 -0.0020377985 
17.6252507791 -0.0126510383  0.0052046096 -0.0020512199 
17.6492803459 -0.0125862614  0.0051965809 -0.0020646921 
17.6733090983 -0.0125184399  0.0051848453 -0.0020782149 
17.6973390697 -0.0124476268  0.0051694581 -0.0020917891 
17.7213704503 -0.0123738090  0.0051504874 -0.0021054145 
17.7454056532 -0.0122970264  0.0051279909 -0.0021190921 
17.7694444718 -0.0122172755  0.0051020437 -0.0021328211 
17.7934872593 -0.0121346127  0.0050727132 -0.0021466013 
17.8175312390 -0.0120490617  0.0050400812 -0.0021604304 
17.8415761536 -0.0119606980  0.0050042129 -0.0021743075 
17.8656238466 -0.0118695526  0.0049651825 -0.0021882330 
17.8896745715 -0.0117756632  0.0049230705 -0.0022022064 
17.9137233733 -0.0116790966  0.0048779683 -0.0022162240 
17.9377706015 -0.0115799523  0.0048299447 -0.0022302852 
17.9618173188 -0.0114782486  0.0047790924 -0.0022443900 
17.9858641318 -0.0113740381  0.0047254922 -0.0022585380 
18.0099118535 -0.0112673722  0.0046692224 -0.0022727290 
18.0339619333 -0.0111582948  0.0046103578 -0.0022869632 
18.0580107707 -0.0110468540  0.0045489884 -0.0023012380 
18.0820569229 -0.0109331320  0.0044851856 -0.0023155519 
18.1061021827 -0.0108171694  0.0044190305 -0.0023299055 
18.1301461839 -0.0106990076  0.0043506154 -0.0023442982 
18.1541904515 -0.0105787075  0.0042800171 -0.0023587306 
18.1782354215 -0.0104563059  0.0042073216 -0.0023732027 
18.2022822929 -0.0103318453  0.0041326082 -0.0023877149 
18.2263323463 -0.0102053517  0.0040559622 -0.0024022677 
18.2503851564 -0.0100768582  0.0039774714 -0.0024168607 
18.2744388927 -0.0099464142  0.0038972216 -0.0024314924 
18.2984932251 -0.0098140784  0.0038152907 -0.0024461623 
18.3225497998 -0.0096799035  0.0037317535 -0.0024608709 
18.3466089985 -0.0095439454  0.0036466862 -0.0024756180 
18.3706667603 -0.0094062821  0.0035601724 -0.0024904006 
18.3947221356 -0.0092670000  0.0034722730 -0.0025052178 
18.4187763557 -0.0091261222  0.0033830276 -0.0025200699 
18.4428257108 -0.0089836622  0.0032924819 -0.0025349543 
18.4668661115 -0.0088396832  0.0032006716 -0.0025498683 
18.4908987065 -0.0086942251  0.0031076031 -0.0025648126 
18.5149228694 -0.0085472812  0.0030132856 -0.0025797869 
18.5389402895 -0.0083988942  0.0029177183 -0.0025947927 
18.5629519483 -0.0082490427  0.0028209109 -0.0026098310 
18.5869573057 -0.0080975681  0.0027232927 -0.0026249042 
18.6109588627 -0.0079449898  0.0026234926 -0.0026400129 
18.6349572786 -0.0077904809  0.0025231308 -0.0026551575 
18.6589530635 -0.0076343802  0.0024214169 -0.0026703387 
18.6829487691 -0.0074765440  0.0023184817 -0.0026855589 
18.7069451498 -0.0073168704  0.0022143389 -0.0027008195 
18.7309423323 -0.0071553194  0.0021090170 -0.0027161217 
18.7549354825 -0.0069918591  0.0020025878 -0.0027314635 
18.7789257748 -0.0068265272  0.0018951135 -0.0027468466 
18.8029122820 -0.0066592190  0.0017866868 -0.0027622709 
18.8268940864 -0.0064899190  0.0016773898 -0.0027777359 
18.8508718407 -0.0063185688  0.0015672800 -0.0027932414 
18.8748459839 -0.0061450898  0.0014563803 -0.0028087860 
18.8988185969 -0.0059694086  0.0013446684 -0.0028243690 
18.9227790646 -0.0057914452  0.0012321454 -0.0028399807 
18.9467280355 -0.0056112654  0.0011187766 -0.0028556186 
18.9706669071 -0.0054286726  0.0010045237 -0.0028712811 
18.9945967384 -0.0052435597  0.0008893765 -0.0028869664 
19.0185120703 -0.0050558102  0.0007733993 -0.0029026689 
19.0424032619 -0.0048653833  0.0006567475 -0.0029183804 
19.0662730551 -0.0046722073  0.0005395944 -0.0029341008 
19.0901223715 -0.0044761024  0.0004220750 -0.0029498287 
19.1139525755 -0.0042770459  0.0003043670 -0.0029655630 
19.1377676619 -0.0040750172  0.0001866380 -0.0029813046 
19.1615686688 -0.0038700014  0.0000690401 -0.0029970523 
19.1853582886 -0.0036620021 -0.0000482664 -0.0030128068 
19.2091403093 -0.0034509533 -0.0001651574 -0.0030285697 
19.2329187040 -0.0032367949 -0.0002815330 -0.0030443433 
19.2566790971 -0.0030195410 -0.0003972638 -0.0030601180 
19.2804234917 -0.0027993597 -0.0005121655 -0.0030758950 
19.3041559502 -0.0025761287 -0.0006262032 -0.0030916770 
19.3278800284 -0.0023498839 -0.0007392754 -0.0031074664 
19.3516003785 -0.0021206795 -0.0008512892 -0.0031232666 
19.3753022531 -0.0018886099 -0.0009620741 -0.0031390688 
19.3989785882 -0.0016540323 -0.0010713888 -0.0031548696 
19.4226349859 -0.0014169947 -0.0011791175 -0.0031706750 
19.4462763123 -0.0011774361 -0.0012851593 -0.0031864908 
19.4698923924 -0.0009354563 -0.0013893402 -0.0032023131 
19.4934656122 -0.0006914024 -0.0014915089 -0.0032181334 
19.5170000075 -0.0004455488 -0.0015917013 -0.0032339569 
19.5405031982 -0.0001977120 -0.0016899783 -0.0032497913 
19.5639830694  0.0000520981 -0.0017863571 -0.0032656447 
19.5874452418  0.0003038567 -0.0018807999 -0.0032815237 
19.6108923248  0.0005575009 -0.0019732124 -0.0032974334 
19.6343108539  0.0008128526 -0.0020633594 -0.0033133683 
19.6577111105  0.0010694145 -0.0021512088 -0.0033293393 
19.6811020479  0.0013273198 -0.0022366588 -0.0033453564 
19.7044908452  0.0015863575 -0.0023197585 -0.0033614289 
19.7278856158  0.0018463922 -0.0024006020 -0.0033775670 
19.7512773715  0.0021073117 -0.0024792269 -0.0033937694 
19.7746442573  0.0023686611 -0.0025557286 -0.0034100262 
19.7979960308  0.0026300684 -0.0026303399 -0.0034263494 
19.8213334642  0.0028919057 -0.0027030078 -0.0034427454 
19.8446255667  0.0031537771 -0.0027737106 -0.0034591984 
19.8678816063  0.0034149622 -0.0028426685 -0.0034757211 
19.8911122839  0.0036758902 -0.0029098186 -0.0034923280 
19.9143229630  0.0039363952 -0.0029752647 -0.0035090305 
19.9375205245  0.0041963194 -0.0030390979 -0.0035258413 
19.9607092938  0.0044556453 -0.0031013675 -0.0035427719 
19.9838967822  0.0047142942 -0.0031621211 -0.0035598354 
20.0070842035  0.0049722499 -0.0032213891 -0.0035770401 
20.0302689847  0.0052293357 -0.0032792026 -0.0035943903 
20.0534509816  0.0054853696 -0.0033356286 -0.0036118908 
20.0766355895  0.0057402415 -0.0033908141 -0.0036295497 
20.0997919927  0.0059937598 -0.0034448892 -0.0036473457 
20.1228925735  0.0062451405 -0.0034979592 -0.0036652586 
20.1459436747  0.0064941324 -0.0035502046 -0.0036832929 
20.1689542067  0.0067408968 -0.0036018744 -0.0037014554 
20.1919264381  0.0069852819 -0.0036532118 -0.0037197478 
20.2148683209  0.0072277104 -0.0037045912 -0.0037381740 
20.2377786866  0.0074663706 -0.0037560362 -0.0037567360 
20.2606674090  0.0077032424 -0.0038082691 -0.0037754442 
20.2835375972  0.0079374879 -0.0038615643 -0.0037943039 
20.3064001881  0.0081692145 -0.0039163908 -0.0038133281 
20.3292531495  0.0083985389 -0.0039731962 -0.0038325197 
20.3520999394  0.0086254057 -0.0040323960 -0.0038518869 
20.3749222129  0.0088498786 -0.0040943393 -0.0038714192 
20.3977030056  0.0090717101 -0.0041591627 -0.0038911070 
20.4204459854  0.0092909005 -0.0042268717 -0.0039109581 
20.4431576880  0.0095076440 -0.0042974317 -0.0039309835 
20.4658200220  0.0097218999 -0.0043706683 -0.0039511731 
20.4884394926  0.0099333504 -0.0044462533 -0.0039715385 
20.5110170556  0.0101421486 -0.0045241444 -0.0039920871 
20.5335668294  0.0103481698 -0.0046042764 -0.0040128381 
20.5561069831  0.0105515008 -0.0046868139 -0.0040338152 
20.5786399355  0.0107521393 -0.0047719076 -0.0040550278 
20.6011856633  0.0109498634 -0.0048597071 -0.0040765025 
20.6237273247  0.0111448112 -0.0049504121 -0.0040982313 
20.6462689615  0.0113363247 -0.0050439886 -0.0041202269 
20.6688226131  0.0115244921 -0.0051407168 -0.0041425114 
20.6913177787  0.0117092647 -0.0052404762 -0.0041650263 
20.7137579002  0.0118891978 -0.0053431092 -0.0041877862 
20.7361382748  0.0120650411 -0.0054488534 -0.0042107993 
20.7584685248  0.0122366138 -0.0055576869 -0.0042340901 
20.7807682595  0.0124041523 -0.0056695067 -0.0042576954 
20.8030344114  0.0125677716 -0.0057839099 -0.0042816293 
20.8252879568  0.0127272335 -0.0059005921 -0.0043059310 
20.8475494305  0.0128827824 -0.0060191657 -0.0043306390 
20.8697936128  0.0130341160 -0.0061389025 -0.0043557382 
20.8920460537  0.0131805672 -0.0062597413 -0.0043812655 
20.9142896077  0.0133222761 -0.0063813741 -0.0044072041 
20.9364690054  0.0134584822 -0.0065033646 -0.0044334844 
20.9586008532  0.0135886485 -0.0066260134 -0.0044601132 
20.9807108554  0.0137129459 -0.0067494206 -0.0044871040 
21.0028217861  0.0138312820 -0.0068735543 -0.0045144640 
21.0248860596  0.0139430744 -0.0069975694 -0.0045421089 
21.0469129290  0.0140477811 -0.0071214947 -0.0045700207 
21.0689204602  0.0141451860 -0.0072450956 -0.0045981916 
21.0909336796  0.0142350134 -0.0073681682 -0.0046266237 
21.1129961705  0.0142982625 -0.0074970304 -0.0046553834 
21.1350750262  0.0144059970 -0.0076000727 -0.0046843707 
21.1571641094  0.0144629590 -0.0077251683 -0.0047135426 
21.1792925505  0.0145191311 -0.0078455531 -0.0047429142 
21.2014646664  0.0145668692 -0.0079651990 -0.0047724745 
21.2236169770  0.0146061138 -0.0080839039 -0.0048021253 
21.2457504372  0.0146368172 -0.0082024218 -0.0048318570 
21.2678602624  0.0146593982 -0.0083204102 -0.0048616540 
21.2899346249  0.0146740913 -0.0084379681 -0.0048914913 
21.3120031622  0.0146808181 -0.0085553849 -0.0049213992 
21.3340712030  0.0146796874 -0.0086723683 -0.0049513726 
21.3561997941  0.0146703194 -0.0087894952 -0.0049814784 
21.3783584900  0.0146532184 -0.0089060605 -0.0050116530 
21.4005172161  0.0146277595 -0.0090222535 -0.0050418260 
21.4226773480  0.0145937026 -0.0091380511 -0.0050719631 
21.4449243898  0.0145505157 -0.0092539453 -0.0051021388 
21.4672011888  0.0145000746 -0.0093692510 -0.0051322271 
21.4894719921  0.0144411962 -0.0094844080 -0.0051621263 
21.5117228395  0.0143745637 -0.0095995030 -0.0051917611 
21.5339907498  0.0143001657 -0.0097149720 -0.0052211229 
21.5562938379  0.0142190404 -0.0098310421 -0.0052501761 
21.5786778380  0.0141306603 -0.0099483071 -0.0052789209 
21.6011003530  0.0140370250 -0.0100667423 -0.0053072443 
21.6235336771  0.0139368441 -0.0101866234 -0.0053350578 
21.6459538616  0.0138306232 -0.0103080798 -0.0053622847 
21.6684168840  0.0137171782 -0.0104316953 -0.0053889521 
21.6909270476  0.0135985453 -0.0105576858 -0.0054150278 
21.7135180294  0.0134731972 -0.0106866584 -0.0054405188 
21.7360904739  0.0133438579 -0.0108183493 -0.0054652884 
21.7586766110  0.0132074619 -0.0109532271 -0.0054893564 
21.7813169524  0.0130665702 -0.0110914791 -0.0055127530 
21.8040269342  0.0129213934 -0.0112332862 -0.0055354821 
21.8268249349  0.0127719686 -0.0113789661 -0.0055575515 
21.8497345754  0.0126189047 -0.0115288457 -0.0055789724 
21.8727329276  0.0124631572 -0.0116829083 -0.0055997114 
21.8957619470  0.0123054351 -0.0118410110 -0.0056197067 
21.9187925495  0.0121462114 -0.0120032694 -0.0056389264 
21.9418623352  0.0119856534 -0.0121702464 -0.0056573948 
21.9649578359  0.0118246053 -0.0123419232 -0.0056750922 
21.9880791146  0.0116631439 -0.0125185895 -0.0056920102 
22.0112076967  0.0115017331 -0.0127000532 -0.0057081281 
22.0343214753  0.0113408086 -0.0128859346 -0.0057234260 
22.0574452836  0.0111803362 -0.0130762869 -0.0057379164 
22.0805670114  0.0110209806 -0.0132706986 -0.0057515885 
22.1037434174  0.0108626933 -0.0134693856 -0.0057644727 
22.1269434109  0.0107063232 -0.0136712953 -0.0057765494 
22.1502008977  0.0105516519 -0.0138762924 -0.0057878361 
22.1734833993  0.0103992019 -0.0140837241 -0.0057983188 
22.1967788283  0.0102491875 -0.0142936765 -0.0058079980 
22.2200926883  0.0101018063 -0.0145063942 -0.0058168838 
22.2434448250  0.0099572431 -0.0147222572 -0.0058249920 
22.2668114224  0.0098162749 -0.0149410376 -0.0058323235 
22.2902409086  0.0096791393 -0.0151631285 -0.0058389050 
22.3137060029  0.0095464754 -0.0153880932 -0.0058447432 
22.3371980420  0.0094183362 -0.0156159154 -0.0058498554 
22.3607566657  0.0092943473 -0.0158470033 -0.0058542709 
22.3843680003  0.0091749995 -0.0160811412 -0.0058580043 
22.4080660373  0.0090605833 -0.0163177921 -0.0058610748 
22.4318608944  0.0089513591 -0.0165564412 -0.0058634942 
22.4556824339  0.0088479586 -0.0167959930 -0.0058652678 
22.4795245483  0.0087501351 -0.0170356635 -0.0058664102 
22.5033875362  0.0086583447 -0.0172753920 -0.0058669332 
22.5272669744  0.0085732039 -0.0175148189 -0.0058668428 
22.5511810759  0.0084952453 -0.0177536131 -0.0058661405 
22.5751374425  0.0084250599 -0.0179916567 -0.0058648266 
22.5991383953  0.0083625353 -0.0182288053 -0.0058629038 
22.6231794004  0.0083072127 -0.0184653908 -0.0058603769 
22.6472344948  0.0082588637 -0.0187016999 -0.0058572528 
22.6712868905  0.0082176783 -0.0189370403 -0.0058535391 
22.6953368387  0.0081839497 -0.0191705147 -0.0058492449 
22.7193784418  0.0081576660 -0.0194014433 -0.0058443880 
22.7434272976  0.0081385775 -0.0196296127 -0.0058389899 
22.7674090329  0.0081270905 -0.0198552012 -0.0058330986 
22.7913136146  0.0081223462 -0.0200768650 -0.0058267519 
22.8151609683  0.0081245939 -0.0202945437 -0.0058199802 
22.8389653996  0.0081338703 -0.0205076708 -0.0058128162 
22.8627446553  0.0081499368 -0.0207157538 -0.0058052948 
22.8864477334  0.0081726286 -0.0209196212 -0.0057974743 
22.9100517788  0.0082012120 -0.0211186528 -0.0057894020 
22.9335649789  0.0082354276 -0.0213123304 -0.0057811097 
22.9569991907  0.0082753946 -0.0215004568 -0.0057726221 
22.9803676155  0.0083214355 -0.0216824346 -0.0057639592 
23.0036532813  0.0083732915 -0.0218582729 -0.0057551467 
23.0268257628  0.0084304562 -0.0220276040 -0.0057462063 
23.0498982185  0.0084927507 -0.0221904741 -0.0057371321 
23.0728753920  0.0085603948 -0.0223476217 -0.0057279102 
23.0957686082  0.0086328531 -0.0224986525 -0.0057185169 
23.1185819480  0.0087097852 -0.0226438046 -0.0057089270 
23.1413104282  0.0087910684 -0.0227831762 -0.0056991157 
23.1638998090  0.0088768528 -0.0229164130 -0.0056890784 
23.1863482156  0.0089661263 -0.0230424320 -0.0056787928 
23.2086683085  0.0090590858 -0.0231616310 -0.0056682381 
23.2308526274  0.0091559185 -0.0232743642 -0.0056574145 
23.2529130860  0.0092558729 -0.0233808592 -0.0056463266 
23.2748158176  0.0093588008 -0.0234820769 -0.0056350145 
23.2965319559  0.0094632070 -0.0235772428 -0.0056235282 
23.3180583368  0.0095684190 -0.0236657875 -0.0056119144 
23.3394000755  0.0096742452 -0.0237473772 -0.0056002214 
23.3605734148  0.0097802610 -0.0238219274 -0.0055884938 
23.3815709040  0.0098866196 -0.0238897568 -0.0055767879 
23.4024119909  0.0099924843 -0.0239501641 -0.0055651418 
23.4230994334  0.0100985521 -0.0240038005 -0.0055535978 
23.4436405731  0.0102043961 -0.0240504970 -0.0055421901 
23.4640425216  0.0103102088 -0.0240905702 -0.0055309471 
23.4843206459  0.0104160049 -0.0241242866 -0.0055198879 
23.5044708438  0.0105220389 -0.0241519386 -0.0055090377 
23.5245162620  0.0106275131 -0.0241729699 -0.0054984044 
23.5444468810  0.0107330659 -0.0241884492 -0.0054880109 
23.5642755065  0.0108376986 -0.0241981183 -0.0054778671 
23.5840191126  0.0109415380 -0.0242025737 -0.0054679814 
23.6036585521  0.0110445062 -0.0242023908 -0.0054583802 
23.6232175759  0.0111456943 -0.0241967612 -0.0054490687 
23.6426901009  0.0112461173 -0.0241864687 -0.0054400653 
23.6620864716  0.0113452650 -0.0241708733 -0.0054313779 
23.6814098744  0.0114435874 -0.0241504808 -0.0054230143 
23.7006550350  0.0115410248 -0.0241255363 -0.0054149810 
23.7198261241  0.0116375160 -0.0240963684 -0.0054072756 
23.7389361506  0.0117332387 -0.0240634668 -0.0053998883 
23.7579701725  0.0118284871 -0.0240276560 -0.0053928161 
23.7769476918  0.0119226349 -0.0239884856 -0.0053860414 
23.7958600241  0.0120164444 -0.0239473077 -0.0053795555 
23.8147054172  0.0121095341 -0.0239037512 -0.0053733469 
23.8335097302  0.0122019097 -0.0238575152 -0.0053673960 
23.8522522882  0.0122943282 -0.0238096244 -0.0053616996 
23.8709590826  0.0123854800 -0.0237584583 -0.0053562419 
23.8896373511  0.0124761477 -0.0237052789 -0.0053510157 
23.9082927459  0.0125656519 -0.0236495830 -0.0053460158 
23.9269355895  0.0126536257 -0.0235912598 -0.0053412365 
23.9455860028  0.0127398293 -0.0235301230 -0.0053366711 
23.9642368675  0.0128246037 -0.0234668380 -0.0053323194 
23.9829164503  0.0129070831 -0.0234002066 -0.0053281735 
24.0016358380  0.0129882550 -0.0233313759 -0.0053242304 
24.0203770919  0.0130680026 -0.0232604150 -0.0053204929 
24.0391802883  0.0131451786 -0.0231857248 -0.0053169545 
24.0580400737  0.0132214605 -0.0231096116 -0.0053136198 
24.0769766282  0.0132954390 -0.0230304693 -0.0053104916 
24.0960028072  0.0133677742 -0.0229492236 -0.0053075775 
24.1151232684  0.0134383364 -0.0228657760 -0.0053048904 
24.1343427884  0.0135070896 -0.0227801406 -0.0053024458 
24.1537024575  0.0135737080 -0.0226918626 -0.0053002588 
24.1731718512  0.0136397702 -0.0226031473 -0.0052983539 
24.1927634739  0.0137032135 -0.0225118736 -0.0052967513 
24.2125078912  0.0137648865 -0.0224188391 -0.0052954713 
24.2323751571  0.0138257018 -0.0223250984 -0.0052945374 
24.2524012740  0.0138836786 -0.0222284142 -0.0052939682 
24.2725847732  0.0139407155 -0.0221307806 -0.0052937826 
24.2929239431  0.0139957911 -0.0220313595 -0.0052939968 
24.3134334310  0.0140487344 -0.0219300031 -0.0052946242 
24.3341190982  0.0140998639 -0.0218270327 -0.0052956758 
24.3549705652  0.0141491433 -0.0217225768 -0.0052971579 
24.3760172330  0.0141960867 -0.0216159665 -0.0052990765 
24.3972227454  0.0142420937 -0.0215088432 -0.0053014280 
24.4186144563  0.0142853271 -0.0213996436 -0.0053042113 
24.4401831675  0.0143272664 -0.0212903080 -0.0053074182 
24.4619183351  0.0143672874 -0.0211806273 -0.0053110359 
24.4838425866  0.0144051923 -0.0210701766 -0.0053150544 
24.5059170953  0.0144418095 -0.0209596948 -0.0053194488 
24.5281730048  0.0144755623 -0.0208471791 -0.0053242040 
24.5505499219  0.0145079428 -0.0207349352 -0.0053292805 
24.5730384311  0.0145367609 -0.0206216267 -0.0053346440 
24.5956364749  0.0145624219 -0.0205085103 -0.0053402578 
24.6183422436  0.0145848439 -0.0203959929 -0.0053460816 
24.6411522787  0.0146042656 -0.0202846040 -0.0053520709 
24.6640613353  0.0146208609 -0.0201748820 -0.0053581777 
24.6870713575  0.0146344058 -0.0200670011 -0.0053643546 
24.7101760136  0.0146448465 -0.0199611252 -0.0053705526 
24.7333265768  0.0146523910 -0.0198578565 -0.0053767139 
24.7564152721  0.0146569119 -0.0197581048 -0.0053827687 
24.7794475864  0.0146565271 -0.0196606027 -0.0053886825 
24.8024199207  0.0146528311 -0.0195667376 -0.0053944233 
24.8253424306  0.0146459165 -0.0194762859 -0.0053999673 
24.8482164724  0.0146368982 -0.0193901480 -0.0054052922 
24.8710476336  0.0146263251 -0.0193084227 -0.0054103800 
24.8938399388  0.0146146934 -0.0192305396 -0.0054152142 
24.9165959974  0.0146020780 -0.0191558802 -0.0054197811 
24.9393173963  0.0145884494 -0.0190845829 -0.0054240714 
24.9619835640  0.0145742082 -0.0190171370 -0.0054280750 
24.9846006075  0.0145588996 -0.0189530887 -0.0054317896 
25.0071582417  0.0145432328 -0.0188929855 -0.0054352138 
25.0296598477  0.0145268826 -0.0188366263 -0.0054383517 
25.0521039465  0.0145109752 -0.0187840046 -0.0054412071 
25.0744891456  0.0144959640 -0.0187346174 -0.0054437834 
25.0968155034  0.0144818605 -0.0186881326 -0.0054460832 
25.1190870747  0.0144686425 -0.0186440893 -0.0054481088 
25.1413007290  0.0144565834 -0.0186024677 -0.0054498603 
25.1634537450  0.0144453585 -0.0185637267 -0.0054513389 
25.1855472795  0.0144348157 -0.0185280810 -0.0054525468 
25.2075815341  0.0144251850 -0.0184948660 -0.0054534870 
25.2295586024  0.0144166085 -0.0184632314 -0.0054541636 
25.2514772400  0.0144096041 -0.0184333884 -0.0054545829 
25.2733355204  0.0144048143 -0.0184059865 -0.0054547543 
25.2951346936  0.0144024906 -0.0183811006 -0.0054546890 
25.3168767138  0.0144025216 -0.0183586641 -0.0054543990 
25.3385649151  0.0144047724 -0.0183391148 -0.0054538981 
25.3601937152  0.0144093125 -0.0183227245 -0.0054532008 
25.3817730859  0.0144156846 -0.0183092713 -0.0054523199 
25.4032914012  0.0144243244 -0.0182986668 -0.0054512666 
25.4247655521  0.0144347488 -0.0182904645 -0.0054500498 
25.4461766207  0.0144477456 -0.0182835680 -0.0054486805 
25.4675483697  0.0144621298 -0.0182767845 -0.0054471670 
25.4888632433  0.0144786655 -0.0182699409 -0.0054455208 
25.5101314613  0.0144963158 -0.0182630476 -0.0054437515 
25.5313683586  0.0145152896 -0.0182558750 -0.0054418698 
25.5525896102  0.0145354771 -0.0182482741 -0.0054398878 
25.5737768146  0.0145568849 -0.0182405473 -0.0054378204 
25.5949670778  0.0145786014 -0.0182337978 -0.0054356759 
25.6161479876  0.0146010875 -0.0182276445 -0.0054334654 
25.6373436329  0.0146233474 -0.0182223259 -0.0054311950 
25.6585519268  0.0146456711 -0.0182172563 -0.0054288698 
25.6797930793  0.0146675774 -0.0182123671 -0.0054264882 
25.7011078562  0.0146894871 -0.0182084287 -0.0054240416 
25.7224461841  0.0147121195 -0.0182050389 -0.0054215274 
25.7438468193  0.0147349434 -0.0182027901 -0.0054189311 
25.7653295374  0.0147588024 -0.0182009598 -0.0054162401 
25.7869332319  0.0147830846 -0.0181994605 -0.0054134394 
25.8085903708  0.0148080766 -0.0181987778 -0.0054105289 
25.8303239590  0.0148328145 -0.0182003387 -0.0054074995 
25.8521790132  0.0148577405 -0.0182029635 -0.0054043436 
25.8741576637  0.0148829122 -0.0182069637 -0.0054010623 
25.8962767703  0.0149076464 -0.0182116930 -0.0053976579 
25.9184590352  0.0149329571 -0.0182167824 -0.0053941487 
25.9407616402  0.0149581299 -0.0182234228 -0.0053905343 
25.9632418758  0.0149843005 -0.0182297295 -0.0053868182 
25.9858520035  0.0150124002 -0.0182362702 -0.0053830225 
26.0085943222  0.0150404312 -0.0182436254 -0.0053791637 
26.0314024490  0.0150691566 -0.0182513556 -0.0053752720 
26.0543262965  0.0150974700 -0.0182609214 -0.0053713614 
26.0774013699  0.0151268964 -0.0182703648 -0.0053674531 
26.1005576355  0.0151587452 -0.0182798106 -0.0053635866 
26.1237692273  0.0151911947 -0.0182893005 -0.0053597919 
26.1470211055  0.0152249102 -0.0182990186 -0.0053560945 
26.1703129738  0.0152588310 -0.0183097668 -0.0053525133 
26.1936418822  0.0152925481 -0.0183207695 -0.0053490637 
26.2170132264  0.0153266388 -0.0183328017 -0.0053457548 
26.2404272517  0.0153594928 -0.0183455087 -0.0053425923 
26.2638846771  0.0153922845 -0.0183582654 -0.0053395766 
26.2873959532  0.0154260986 -0.0183710919 -0.0053367040 
26.3109638730  0.0154605155 -0.0183832841 -0.0053339714 
26.3345949057  0.0154967312 -0.0183945020 -0.0053313745 
26.3582960763  0.0155341896 -0.0184048091 -0.0053289094 
26.3820726777  0.0155728319 -0.0184145677 -0.0053265723 
26.4059279416  0.0156132545 -0.0184235751 -0.0053243609 
26.4298810579  0.0156547771 -0.0184312454 -0.0053222740 
26.4539313834  0.0156980469 -0.0184373524 -0.0053203141 
26.4780638612  0.0157426231 -0.0184423694 -0.0053184877 
26.5022601620  0.0157886342 -0.0184465593 -0.0053168048 
26.5265062607  0.0158369112 -0.0184498599 -0.0053152795 
26.5507993435  0.0158874257 -0.0184522875 -0.0053139297 
26.5751400735  0.0159401270 -0.0184539108 -0.0053127753 
26.5994877734  0.0159951934 -0.0184556382 -0.0053118379 
26.6238397932  0.0160514447 -0.0184582116 -0.0053111329 
26.6481982649  0.0161095534 -0.0184608512 -0.0053106720 
26.6725643937  0.0161697331 -0.0184633485 -0.0053104611 
26.6969384466  0.0162317856 -0.0184652658 -0.0053104992 
26.7213236835  0.0162964121 -0.0184661732 -0.0053107785 
26.7457130747  0.0163641538 -0.0184660683 -0.0053112840 
26.7701053980  0.0164346544 -0.0184650477 -0.0053119940 
26.7944995812  0.0165077464 -0.0184621110 -0.0053128813 
26.8188981185  0.0165823776 -0.0184561167 -0.0053139148 
26.8432841958  0.0166579092 -0.0184466488 -0.0053150597 
26.8676623259  0.0167344729 -0.0184343028 -0.0053162787 
26.8920427638  0.0168131176 -0.0184186988 -0.0053175349 
26.9164283274  0.0168945934 -0.0183995977 -0.0053187933 
26.9408156689  0.0169792242 -0.0183783600 -0.0053200215 
26.9651732834  0.0170666341 -0.0183561218 -0.0053211885 
26.9895036335  0.0171562201 -0.0183331591 -0.0053222679 
27.0138190354  0.0172486213 -0.0183079199 -0.0053232374 
27.0381256767  0.0173434598 -0.0182791799 -0.0053240804 
27.0624342093  0.0174401625 -0.0182468151 -0.0053247849 
27.0867264520  0.0175388079 -0.0182105787 -0.0053253420 
27.1109995123  0.0176382705 -0.0181712506 -0.0053257460 
27.1352679056  0.0177380184 -0.0181294975 -0.0053259951 
27.1595390258  0.0178386590 -0.0180858817 -0.0053260901 
27.1838232030  0.0179398655 -0.0180410117 -0.0053260339 
27.2080798198  0.0180411515 -0.0179943276 -0.0053258327 
27.2323194681  0.0181422315 -0.0179465645 -0.0053254952 
27.2565541397  0.0182431962 -0.0178965007 -0.0053250322 
27.2807854489  0.0183430785 -0.0178435959 -0.0053244564 
27.3050325397  0.0184410998 -0.0177881071 -0.0053237795 
27.3292912730  0.0185367638 -0.0177295029 -0.0053230134 
27.3534376248  0.0186297737 -0.0176675446 -0.0053221722 
27.3774700556  0.0187194876 -0.0176050760 -0.0053212607 
27.4014389143  0.0188071616 -0.0175417261 -0.0053202765 
27.4253571463  0.0188933900 -0.0174774175 -0.0053192154 
27.4492567943  0.0189783457 -0.0174131285 -0.0053180686 
27.4731533311  0.0190623228 -0.0173494817 -0.0053168258 
27.4970670202  0.0191449115 -0.0172867221 -0.0053154751 
27.5210162217  0.0192261482 -0.0172236634 -0.0053140065 
27.5450090668  0.0193060979 -0.0171595684 -0.0053124148 
27.5689546225  0.0193843478 -0.0170943200 -0.0053107058 
27.5928642921  0.0194604064 -0.0170294703 -0.0053088817 
27.6167519221  0.0195343809 -0.0169631094 -0.0053069469 
27.6406192331  0.0196062242 -0.0168952766 -0.0053049092 
27.6644769873  0.0196760223 -0.0168271469 -0.0053027761 
27.6883296338  0.0197437739 -0.0167591963 -0.0053005540 
27.7121891062  0.0198095699 -0.0166915564 -0.0052982461 
27.7360542248  0.0198736821 -0.0166246071 -0.0052958547 
27.7599341778  0.0199363455 -0.0165592733 -0.0052933785 
27.7838366104  0.0199978324 -0.0164949925 -0.0052908147 
27.8077646940  0.0200581048 -0.0164307360 -0.0052881603 
27.8317222367  0.0201173243 -0.0163663224 -0.0052854135 
27.8557127216  0.0201761918 -0.0163018997 -0.0052825736 
27.8797449608  0.0202349681 -0.0162370928 -0.0052796410 
27.9038144571  0.0202939365 -0.0161717725 -0.0052766194 
27.9279248288  0.0203536398 -0.0161070194 -0.0052735121 
27.9520772827  0.0204135129 -0.0160429878 -0.0052703231 
27.9762710276  0.0204732062 -0.0159788096 -0.0052670576 
28.0005069549  0.0205334357 -0.0159138829 -0.0052637204 
28.0247772289  0.0205944023 -0.0158476873 -0.0052603163 
28.0490585532  0.0206563883 -0.0157793529 -0.0052568527 
28.0733467390  0.0207202990 -0.0157086616 -0.0052533345 
28.0976383588  0.0207861108 -0.0156358794 -0.0052497678 
28.1219360274  0.0208534913 -0.0155610984 -0.0052461601 
28.1462267603  0.0209222282 -0.0154840462 -0.0052425241 
28.1704952673  0.0209910539 -0.0154045432 -0.0052388759 
28.1947623835  0.0210588852 -0.0153218635 -0.0052352296 
28.2190086606  0.0211257292 -0.0152351473 -0.0052316083 
28.2432879723  0.0211922135 -0.0151445901 -0.0052280256 
28.2675952708  0.0212590308 -0.0150499503 -0.0052245061 
28.2919215278  0.0213270002 -0.0149520194 -0.0052210741 
28.3162822542  0.0213962295 -0.0148518404 -0.0052177485 
28.3406579779  0.0214661289 -0.0147502485 -0.0052145495 
28.3650635874  0.0215363707 -0.0146471502 -0.0052114892 
28.3895027975  0.0216062183 -0.0145417454 -0.0052085770 
28.4139686848  0.0216756483 -0.0144336079 -0.0052058203 
28.4384777253  0.0217454707 -0.0143222428 -0.0052032203 
28.4630190411  0.0218160374 -0.0142073034 -0.0052007783 
28.4875914825  0.0218878077 -0.0140891853 -0.0051984926 
28.5121957563  0.0219606823 -0.0139686625 -0.0051963595 
28.5368033828  0.0220336211 -0.0138463335 -0.0051943777 
28.5614139400  0.0221055911 -0.0137221675 -0.0051925442 
28.5860234157  0.0221761644 -0.0135958814 -0.0051908579 
28.6106023387  0.0222458197 -0.0134677241 -0.0051893209 
28.6351682318  0.0223150584 -0.0133379590 -0.0051879335 
28.6597358868  0.0223837358 -0.0132064874 -0.0051866976 
28.6843067263  0.0224524247 -0.0130731554 -0.0051856166 
28.7088633689  0.0225216729 -0.0129379299 -0.0051846939 
28.7334111056  0.0225919481 -0.0128010214 -0.0051839310 
28.7579667173  0.0226631678 -0.0126627013 -0.0051833283 
28.7825260185  0.0227344441 -0.0125231501 -0.0051828843 
28.8070985875  0.0228048364 -0.0123823955 -0.0051825951 
28.8316869311  0.0228740597 -0.0122403434 -0.0051824542 
28.8562501803  0.0229422766 -0.0120969756 -0.0051824522 
28.8807942371  0.0230098383 -0.0119522958 -0.0051825776 
28.9053321495  0.0230770081 -0.0118062435 -0.0051828198 
28.9298737725  0.0231440394 -0.0116587591 -0.0051831696 
28.9544297618  0.0232109041 -0.0115098528 -0.0051836204 
28.9790084331  0.0232777117 -0.0113596956 -0.0051841680 
29.0035963630  0.0233444003 -0.0112083266 -0.0051848098 
29.0281812276  0.0234104550 -0.0110555665 -0.0051855450 
29.0527700406  0.0234754771 -0.0109014495 -0.0051863748 
29.0773759070  0.0235393418 -0.0107463224 -0.0051873017 
29.1019735910  0.0236016883 -0.0105906825 -0.0051883261 
29.1265612841  0.0236618834 -0.0104350511 -0.0051894483 
29.1511416765  0.0237196585 -0.0102794819 -0.0051906668 
29.1757328233  0.0237751273 -0.0101236077 -0.0051919793 
29.2003230608  0.0238285110 -0.0099672432 -0.0051933795 
29.2248927603  0.0238796397 -0.0098104603 -0.0051948582 
29.2494465360  0.0239282316 -0.0096530517 -0.0051964060 
29.2739885966  0.0239742529 -0.0094949110 -0.0051980125 
29.2985246491  0.0240176291 -0.0093360692 -0.0051996677 
29.3230585397  0.0240582110 -0.0091764942 -0.0052013614 
29.3475870616  0.0240958930 -0.0090162291 -0.0052030831 
29.3721112952  0.0241306274 -0.0088555447 -0.0052048236 
29.3966364855  0.0241625442 -0.0086948450 -0.0052065755 
29.4211659574  0.0241919816 -0.0085342087 -0.0052083331 
29.4456986051  0.0242192737 -0.0083732837 -0.0052100915 
29.4702244988  0.0242445314 -0.0082118405 -0.0052118461 
29.4947491395  0.0242675851 -0.0080498330 -0.0052135927 
29.5192764210  0.0242882998 -0.0078873611 -0.0052153267 
29.5437974249  0.0243064683 -0.0077247426 -0.0052170417 
29.5683033647  0.0243218156 -0.0075625014 -0.0052187307 
29.5927955996  0.0243340722 -0.0074011703 -0.0052203863 
29.6172776379  0.0243430518 -0.0072412548 -0.0052220004 
29.6417500767  0.0243488657 -0.0070830731 -0.0052235630 
29.6662142385  0.0243520507 -0.0069265829 -0.0052250639 
29.6906635408  0.0243530627 -0.0067716259 -0.0052264924 
29.7151014732  0.0243520129 -0.0066179522 -0.0052278389 
29.7395285195  0.0243488466 -0.0064652657 -0.0052290943 
29.7639471398  0.0243431046 -0.0063133296 -0.0052302508 
29.7883581024  0.0243343672 -0.0061621427 -0.0052313016 
29.8127639633  0.0243223766 -0.0060116293 -0.0052322402 
29.8371656270  0.0243068342 -0.0058616860 -0.0052330616 
29.8615655805  0.0242877242 -0.0057122525 -0.0052337621 
29.8859642468  0.0242653984 -0.0055635482 -0.0052343389 
29.9103648933  0.0242403830 -0.0054159659 -0.0052347896 
29.9347678347  0.0242130100 -0.0052698061 -0.0052351130 
29.9591764865  0.0241832297 -0.0051250623 -0.0052353093 
29.9835907923  0.0241509323 -0.0049817935 -0.0052353792 
30.0080148250  0.0241162269 -0.0048401001 -0.0052353231 
30.0324487914  0.0240791669 -0.0047001263 -0.0052351408 
30.0568964499  0.0240403333 -0.0045618327 -0.0052348323 
30.0813559924  0.0240002921 -0.0044251390 -0.0052343969 
30.1058267884  0.0239590188 -0.0042897152 -0.0052338331 
30.1303118632  0.0239161725 -0.0041552023 -0.0052331392 
30.1548117983  0.0238711771 -0.0040211805 -0.0052323132 
30.1793291614  0.0238235160 -0.0038873440 -0.0052313527 
30.2038645426  0.0237732520 -0.0037538811 -0.0052302559 
30.2284206699  0.0237208038 -0.0036209496 -0.0052290216 
30.2529952548  0.0236665477 -0.0034888213 -0.0052276506 
30.2775549304  0.0236108742 -0.0033582829 -0.0052261473 
30.3020974151  0.0235543344 -0.0032296644 -0.0052245162 
30.3266232587  0.0234970490 -0.0031036105 -0.0052227632 
30.3511343203  0.0234388519 -0.0029803200 -0.0052208958 
30.3756311442  0.0233793103 -0.0028597458 -0.0052189233 
30.4001131547  0.0233184728 -0.0027415981 -0.0052168562 
30.4245838915  0.0232566516 -0.0026255496 -0.0052147059 
30.4490453710  0.0231940643 -0.0025114047 -0.0052124843 
30.4735015352  0.0231309994 -0.0023988971 -0.0052102031 
30.4979507953  0.0230677231 -0.0022880951 -0.0052078735 
30.5224008867  0.0230042182 -0.0021791380 -0.0052055049 
30.5468577537  0.0229399308 -0.0020721271 -0.0052031046 
30.5713200424  0.0228744086 -0.0019667399 -0.0052006789 
30.5957958456  0.0228076895 -0.0018624260 -0.0051982307 
30.6202833561  0.0227398445 -0.0017589038 -0.0051957623 
30.6447884152  0.0226707994 -0.0016557975 -0.0051932738 
30.6693216540  0.0226005814 -0.0015533010 -0.0051907644 
30.6938579511  0.0225295632 -0.0014520206 -0.0051882356 
30.7183871936  0.0224581222 -0.0013520193 -0.0051856873 
30.7429010050  0.0223865163 -0.0012537236 -0.0051831196 
30.7673810458  0.0223152937 -0.0011573533 -0.0051805337 
30.7918344870  0.0222442117 -0.0010626178 -0.0051779294 
30.8162671387  0.0221722940 -0.0009694121 -0.0051753078 
30.8406905399  0.0220990714 -0.0008775681 -0.0051726710 
30.8651178367  0.0220238786 -0.0007870680 -0.0051700221 
30.8895648910  0.0219463232 -0.0006979846 -0.0051673644 
30.9140435436  0.0218669158 -0.0006107028 -0.0051647014 
30.9385641882  0.0217856480 -0.0005254375 -0.0051620362 
30.9631020174  0.0217020469 -0.0004421286 -0.0051593738 
30.9876358017  0.0216161656 -0.0003602803 -0.0051567174 
31.0121650879  0.0215278340 -0.0002795830 -0.0051540663 
31.0366990445  0.0214368931 -0.0002003522 -0.0051514175 
31.0612230391  0.0213435416 -0.0001233970 -0.0051487684 
31.0857389927  0.0212477464 -0.0000491128 -0.0051461146 
31.1102507303  0.0211493091  0.0000224799 -0.0051434522 
31.1347567542  0.0210485396  0.0000919706 -0.0051407781 
31.1592565867  0.0209456709  0.0001601806 -0.0051380907 
31.1837537575  0.0208408477  0.0002269457 -0.0051353888 
31.2082508428  0.0207344628  0.0002914241 -0.0051326725 
31.2327506074  0.0206267128  0.0003533505 -0.0051299425 
31.2572529514  0.0205177018  0.0004126271 -0.0051272009 
31.2817592715  0.0204077495  0.0004693704 -0.0051244503 
31.3062714219  0.0202969872  0.0005244378 -0.0051216936 
31.3307911805  0.0201857825  0.0005780377 -0.0051189334 
31.3553175889  0.0200746411  0.0006294693 -0.0051161723 
31.3798291872  0.0199633351  0.0006785527 -0.0051134150 
31.4043384543  0.0198512084  0.0007252142 -0.0051106629 
31.4288424287  0.0197380415  0.0007692981 -0.0051079202 
31.4533510306  0.0196235404  0.0008112065 -0.0051051909 
31.4778700806  0.0195080512  0.0008516671 -0.0051024802 
31.5023843469  0.0193924943  0.0008907560 -0.0050997954 
31.5269032513  0.0192768936  0.0009282339 -0.0050971404 
31.5514277591  0.0191612097  0.0009643943 -0.0050945197 
31.5759526516  0.0190452971  0.0009993359 -0.0050919372 
31.6004788976  0.0189288804  0.0010329141 -0.0050893965 
31.6250068699  0.0188123609  0.0010652293 -0.0050869009 
31.6495348190  0.0186964393  0.0010962998 -0.0050844534 
31.6740591971  0.0185815311  0.0011257727 -0.0050820565 
31.6985787284  0.0184680866  0.0011534962 -0.0050797122 
31.7230956953  0.0183562746  0.0011796378 -0.0050774213 
31.7476095195  0.0182458817  0.0012043939 -0.0050751850 
31.7721202406  0.0181365092  0.0012280441 -0.0050730041 
31.7966307097  0.0180276225  0.0012508748 -0.0050708790 
31.8211401862  0.0179192399  0.0012730272 -0.0050688104 
31.8456490318  0.0178116130  0.0012945614 -0.0050667993 
31.8701589867  0.0177045306  0.0013155892 -0.0050648465 
31.8946685427  0.0175979487  0.0013361155 -0.0050629539 
31.9191814112  0.0174919631  0.0013559662 -0.0050611244 
31.9436973163  0.0173865786  0.0013751893 -0.0050593628 
31.9682153636  0.0172818260  0.0013938091 -0.0050576764 
31.9927379337  0.0171779440  0.0014116641 -0.0050560740 
32.0172629121  0.0170751740  0.0014285573 -0.0050545661 
32.0417932605  0.0169737071  0.0014443850 -0.0050531643 
32.0663302384  0.0168738604  0.0014592552 -0.0050518815 
32.0908729936  0.0167755555  0.0014731846 -0.0050507310 
32.1154224964  0.0166785795  0.0014860923 -0.0050497267 
32.1399776981  0.0165828176  0.0014980042 -0.0050488816 
32.1645443306  0.0164882527  0.0015091023 -0.0050482075 
32.1891040645  0.0163956639  0.0015195988 -0.0050477153 
32.2136442038  0.0163050382  0.0015294630 -0.0050474133 
32.2381628813  0.0162164849  0.0015386572 -0.0050473072 
32.2626669659  0.0161298607  0.0015473427 -0.0050473998 
32.2871541440  0.0160450148  0.0015560512 -0.0050476906 
32.3116293827  0.0159613554  0.0015653627 -0.0050481754 
32.3360939725  0.0158789132  0.0015754121 -0.0050488465 
32.3605510616  0.0157977197  0.0015859387 -0.0050496933 
32.3850013235  0.0157177552  0.0015966212 -0.0050507024 
32.4094458459  0.0156389513  0.0016075508 -0.0050518588 
32.4338881995  0.0155617383  0.0016190832 -0.0050531461 
32.4583281946  0.0154866110  0.0016313414 -0.0050545479 
32.4827677616  0.0154135159  0.0016442913 -0.0050560485 
32.5072053597  0.0153424139  0.0016577407 -0.0050576341 
32.5316441710  0.0152731170  0.0016714048 -0.0050592940 
32.5560840257  0.0152054214  0.0016853796 -0.0050610203 
32.5805253589  0.0151388489  0.0016999318 -0.0050628089 
32.6049662206  0.0150733699  0.0017148423 -0.0050646581 
32.6294088420  0.0150091383  0.0017297940 -0.0050665690 
32.6538525832  0.0149463094  0.0017446257 -0.0050685427 
32.6782969433  0.0148847598  0.0017591794 -0.0050705800 
32.7027415500  0.0148243780  0.0017733250 -0.0050726795 
32.7271873876  0.0147651058  0.0017870856 -0.0050748376 
32.7516355705  0.0147068177  0.0018003627 -0.0050770477 
32.7760856972  0.0146493107  0.0018129728 -0.0050793003 
32.8005383576  0.0145927991  0.0018250151 -0.0050815841 
32.8249954711  0.0145378972  0.0018368007 -0.0050838861 
32.8494584967  0.0144850065  0.0018487218 -0.0050861924 
32.8739258714  0.0144343825  0.0018611743 -0.0050884883 
32.8983991126  0.0143861275  0.0018743823 -0.0050907594 
32.9228794979  0.0143400969  0.0018883457 -0.0050929916 
32.9473705979  0.0142960863  0.0019030782 -0.0050951720 
32.9718749069  0.0142540617  0.0019185622 -0.0050972882 
32.9963955968  0.0142139091  0.0019348637 -0.0050993288 
33.0209257215  0.0141753366  0.0019523041 -0.0051012821 
33.0454603555  0.0141376570  0.0019713333 -0.0051031374 
33.0699997624  0.0141006850  0.0019919274 -0.0051048856 
33.0945450325  0.0140648094  0.0020135449 -0.0051065188 
33.1190957151  0.0140303292  0.0020356082 -0.0051080303 
33.1436511220  0.0139972202  0.0020580277 -0.0051094151 
33.1682107822  0.0139655253  0.0020811387 -0.0051106703 
33.1927740738  0.0139353577  0.0021052360 -0.0051117950 
33.2173410416  0.0139067475  0.0021304348 -0.0051127907 
33.2419109884  0.0138797286  0.0021567109 -0.0051136606 
33.2664835941  0.0138539773  0.0021837559 -0.0051144103 
33.2910600773  0.0138291511  0.0022113007 -0.0051150468 
33.3156405484  0.0138055413  0.0022393079 -0.0051155786 
33.3402254560  0.0137832055  0.0022676090 -0.0051160152 
33.3648150414  0.0137618145  0.0022962985 -0.0051163668 
33.3894100633  0.0137413896  0.0023257046 -0.0051166442 
33.4140107270  0.0137217741  0.0023558478 -0.0051168581 
33.4386171202  0.0137029095  0.0023870673 -0.0051170187 
33.4632305657  0.0136855536  0.0024200820 -0.0051171354 
33.4878510452  0.0136700211  0.0024552578 -0.0051172167 
33.5124781777  0.0136561365  0.0024927677 -0.0051172702 
