     time       viscous_dissipation 
 0.000000000000      0.000114003497 
 0.005000000000      0.000119483412 
 0.013250000000      0.000119230499 
 0.027000000000      0.000118594241 
 0.042125000000      0.000118072434 
 0.058762500000      0.000117603377 
 0.077063750000      0.000117181791 
 0.097195125000      0.000116805662 
 0.119339637500      0.000116470942 
 0.143226491021      0.000116178257 
 0.167150234562      0.000115937304 
 0.191107987700      0.000115735077 
 0.215097154035      0.000115562561 
 0.239115222719      0.000115413397 
 0.263159893706      0.000115282997 
 0.287229419753      0.000115167974 
 0.311322371436      0.000115065780 
 0.335437018332      0.000114974459 
 0.359571951112      0.000114892474 
 0.383725922057      0.000114818598 
 0.407897983423      0.000114751834 
 0.432087146879      0.000114691355 
 0.456292419702      0.000114636474 
 0.480512715688      0.000114586609 
 0.504747386823      0.000114541262 
 0.528995903316      0.000114500005 
 0.553257390429      0.000114462469 
 0.577531124008      0.000114428331 
 0.601816491846      0.000114397307 
 0.626113065056      0.000114369149 
 0.650420375225      0.000114343634 
 0.674737841699      0.000114320567 
 0.699064800818      0.000114299773 
 0.723400915050      0.000114281094 
 0.747745929388      0.000114264390 
 0.772099359856      0.000114249533 
 0.796460725655      0.000114236408 
 0.820829610160      0.000114224911 
 0.845205768163      0.000114214946 
 0.869589008235      0.000114206426 
 0.893978883619      0.000114199273 
 0.918374964175      0.000114193414 
 0.942777009234      0.000114188780 
 0.967184252278      0.000114185312 
 0.991593247447      0.000114182952 
 1.016003948459      0.000114181646 
 1.040416298799      0.000114181347 
 1.064830136733      0.000114182008 
 1.089245371853      0.000114183588 
 1.113661957650      0.000114186048 
 1.138079863326      0.000114189351 
 1.162499043589      0.000114193464 
 1.186919352883      0.000114198354 
 1.211340722510      0.000114203993 
 1.235763120580      0.000114210352 
 1.260186527396      0.000114217405 
 1.284610906851      0.000114225129 
 1.309036126551      0.000114233501 
 1.333462132174      0.000114242499 
 1.357888902334      0.000114252103 
 1.382316425525      0.000114262295 
 1.406744672698      0.000114273056 
 1.431173522621      0.000114284371 
 1.455602931089      0.000114296222 
 1.480032884212      0.000114308596 
 1.504463376675      0.000114321478 
 1.528894386682      0.000114334855 
 1.553325803414      0.000114348715 
 1.577757587648      0.000114363046 
 1.602189730586      0.000114377836 
 1.626622231706      0.000114393075 
 1.651055076297      0.000114408754 
 1.675488163458      0.000114424861 
 1.699921455678      0.000114441389 
 1.724354947259      0.000114458329 
 1.748788641453      0.000114475673 
 1.773222526488      0.000114493413 
 1.797656523717      0.000114511542 
 1.822090586545      0.000114530052 
 1.846524710556      0.000114548938 
 1.870958902022      0.000114568192 
 1.895393152852      0.000114587809 
 1.919827408507      0.000114607784 
 1.944261609061      0.000114628110 
 1.968695749618      0.000114648783 
 1.993129838907      0.000114669797 
 2.017563874064      0.000114691148 
 2.041997829577      0.000114712832 
 2.066431624617      0.000114734844 
 2.090865252503      0.000114757180 
 2.115298723741      0.000114779836 
 2.139732042347      0.000114802808 
 2.164165198279      0.000114826094 
 2.188598113229      0.000114849688 
 2.213030770872      0.000114873589 
 2.237463177357      0.000114897793 
 2.261895345579      0.000114922298 
 2.286327260572      0.000114947099 
 2.310758890387      0.000114972195 
 2.335190183169      0.000114997583 
 2.359621139277      0.000115023261 
 2.384051772988      0.000115049226 
 2.408482080443      0.000115075476 
 2.432912063606      0.000115102008 
 2.457341645551      0.000115128822 
 2.481770818664      0.000115155913 
 2.506199592265      0.000115183282 
 2.530627977571      0.000115210926 
 2.555055967046      0.000115238843 
 2.579483547065      0.000115267032 
 2.603910656687      0.000115295490 
 2.628337296324      0.000115324218 
 2.652763482082      0.000115353212 
 2.677189215291      0.000115382472 
 2.701614501005      0.000115411997 
 2.726039298267      0.000115441785 
 2.750463572719      0.000115471835 
 2.774887327540      0.000115502146 
 2.799310581032      0.000115532717 
 2.823733328109      0.000115563547 
 2.848155581917      0.000115594634 
 2.872577288272      0.000115625979 
 2.896998426544      0.000115657580 
 2.921419002201      0.000115689436 
 2.945839034775      0.000115721547 
 2.970258515986      0.000115753912 
 2.994677460628      0.000115786530 
 3.019095818009      0.000115819400 
 3.043513569031      0.000115852523 
 3.067930719214      0.000115885897 
 3.092347289225      0.000115919522 
 3.116763271359      0.000115953397 
 3.141178681911      0.000115987522 
 3.165593479697      0.000116021897 
 3.190007639017      0.000116056521 
 3.214421163234      0.000116091394 
 3.238834074056      0.000116126516 
 3.263246367834      0.000116161886 
 3.287658061749      0.000116197504 
 3.312069121886      0.000116233370 
 3.336479519866      0.000116269483 
 3.360888823042      0.000116305844 
 3.385295835712      0.000116342449 
 3.409700592715      0.000116379299 
 3.434103092304      0.000116416394 
 3.458503369889      0.000116453734 
 3.482901321261      0.000116491318 
 3.507296949747      0.000116529146 
 3.531690214710      0.000116567219 
 3.556081156228      0.000116605537 
 3.580469760467      0.000116644099 
 3.604856093355      0.000116682905 
 3.629240087031      0.000116721957 
 3.653621684836      0.000116761253 
 3.678000888022      0.000116800795 
 3.702377691467      0.000116840581 
 3.726752126075      0.000116880613 
 3.751124217941      0.000116920890 
 3.775493969202      0.000116961414 
 3.799861299932      0.000117002183 
 3.824226221929      0.000117043198 
 3.848588703294      0.000117084460 
 3.872948788970      0.000117125969 
 3.897306470203      0.000117167725 
 3.921661807711      0.000117209729 
 3.946014751168      0.000117251981 
 3.970365251430      0.000117294481 
 3.994713314193      0.000117337229 
 4.019058933836      0.000117380227 
 4.043402159229      0.000117423474 
 4.067742991120      0.000117466972 
 4.092081455254      0.000117510720 
 4.116417512796      0.000117554719 
 4.140751141702      0.000117598970 
 4.165082324189      0.000117643473 
 4.189411077375      0.000117688228 
 4.213737441950      0.000117733237 
 4.238061451211      0.000117778499 
 4.262383084961      0.000117824016 
 4.286702315127      0.000117869789 
 4.311019143610      0.000117915816 
 4.335333543327      0.000117962100 
 4.359645549675      0.000118008641 
 4.383955191757      0.000118055440 
 4.408262512404      0.000118102497 
 4.432567470791      0.000118149813 
 4.456870061037      0.000118197390 
 4.481170277820      0.000118245226 
 4.505468107507      0.000118293324 
 4.529763595610      0.000118341684 
 4.554056762996      0.000118390307 
 4.578347642615      0.000118439194 
 4.602636208093      0.000118488345 
 4.626922459582      0.000118537762 
 4.651206383629      0.000118587445 
 4.675487975718      0.000118637395 
 4.699767285633      0.000118687613 
 4.724044335067      0.000118738099 
 4.748319145831      0.000118788856 
 4.772591702509      0.000118839883 
 4.796862015652      0.000118891182 
 4.821130063834      0.000118942753 
 4.845395847911      0.000118994598 
 4.869659415915      0.000119046717 
 4.893920801238      0.000119099112 
 4.918180015270      0.000119151783 
 4.942437048536      0.000119204731 
 4.966691925642      0.000119257959 
 4.990944616569      0.000119311465 
 5.015195123047      0.000119365252 
 5.039443485425      0.000119419321 
 5.063689757794      0.000119473673 
 5.087933939980      0.000119528308 
 5.112176024956      0.000119583228 
 5.136416055804      0.000119638434 
 5.160653994250      0.000119693928 
 5.184889830400      0.000119749709 
 5.209123608066      0.000119805780 
 5.233355404379      0.000119862142 
 5.257585208607      0.000119918795 
 5.281813010858      0.000119975741 
 5.306038847634      0.000120032982 
 5.330262724227      0.000120090518 
 5.354484583521      0.000120148350 
 5.378704486045      0.000120206480 
 5.402922528014      0.000120264909 
 5.427138687371      0.000120323638 
 5.451352930635      0.000120382669 
 5.475565311719      0.000120442003 
 5.499775862969      0.000120501641 
 5.523984518877      0.000120561584 
 5.548191329227      0.000120621835 
 5.572396365516      0.000120682393 
 5.596599655345      0.000120743261 
 5.620801154853      0.000120804439 
 5.645000906891      0.000120865930 
 5.669198972482      0.000120927734 
 5.693395277597      0.000120989853 
 5.717589856783      0.000121052289 
 5.741782751140      0.000121115042 
 5.765974045991      0.000121178114 
 5.790163685858      0.000121241507 
 5.814351699631      0.000121305222 
 5.838538137154      0.000121369261 
 5.862723005242      0.000121433625 
 5.886906241521      0.000121498315 
 5.911087917199      0.000121563332 
 5.935268127853      0.000121628680 
 5.959446859530      0.000121694359 
 5.983624070283      0.000121760370 
 6.007799822984      0.000121826715 
 6.031974187777      0.000121893396 
 6.056147064378      0.000121960414 
 6.080318515559      0.000122027771 
 6.104488595425      0.000122095468 
 6.128657383076      0.000122163508 
 6.152824791580      0.000122231891 
 6.176990878645      0.000122300619 
 6.201155705612      0.000122369694 
 6.225319262465      0.000122439118 
 6.249481504390      0.000122508892 
 6.273642501229      0.000122579018 
 6.297802350668      0.000122649498 
 6.321961029302      0.000122720333 
 6.346118505412      0.000122791525 
 6.370274841711      0.000122863076 
 6.394430130731      0.000122934987 
 6.418584247333      0.000123007261 
 6.442737266458      0.000123079899 
 6.466889233614      0.000123152903 
 6.491040256241      0.000123226275 
 6.515190217454      0.000123300016 
 6.539339187136      0.000123374128 
 6.563487216205      0.000123448614 
 6.587634349013      0.000123523475 
 6.611780487350      0.000123598713 
 6.635925719518      0.000123674329 
 6.660070123314      0.000123750327 
 6.684213738402      0.000123826707 
 6.708356471073      0.000123903472 
 6.732498403934      0.000123980623 
 6.756639618926      0.000124058163 
 6.780780059739      0.000124136093 
 6.804919729507      0.000124214415 
 6.829058688123      0.000124293132 
 6.853197039860      0.000124372246 
 6.877334726559      0.000124451758 
 6.901471753058      0.000124531671 
 6.925608174043      0.000124611987 
 6.949744097174      0.000124692707 
 6.973879386688      0.000124773834 
 6.998014126017      0.000124855370 
 7.022148352729      0.000124937317 
 7.046282190925      0.000125019677 
 7.070415510893      0.000125102453 
 7.094548387160      0.000125185647 
 7.118680858906      0.000125269260 
 7.142813028922      0.000125353295 
 7.166944742852      0.000125437754 
 7.191076108048      0.000125522640 
 7.215207177139      0.000125607955 
 7.239338060177      0.000125693701 
 7.263468595545      0.000125779880 
 7.287598887093      0.000125866495 
 7.311728988735      0.000125953548 
 7.335858959785      0.000126041041 
 7.359988690445      0.000126128977 
 7.384118275777      0.000126217358 
 7.408247777375      0.000126306187 
 7.432377269927      0.000126395466 
 7.456506628336      0.000126485197 
 7.480635945412      0.000126575383 
 7.504765282578      0.000126666027 
 7.528894674989      0.000126757131 
 7.553024038125      0.000126848697 
 7.577153459968      0.000126940728 
 7.601283005438      0.000127033227 
 7.625412728284      0.000127126196 
 7.649542525518      0.000127219638 
 7.673672483680      0.000127313556 
 7.697802666547      0.000127407952 
 7.721933106401      0.000127502829 
 7.746063722875      0.000127598189 
 7.770194602907      0.000127694036 
 7.794325808342      0.000127790372 
 7.818457397976      0.000127887200 
 7.842589265125      0.000127984523 
 7.866721496565      0.000128082343 
 7.890854151559      0.000128180664 
 7.914987277523      0.000128279488 
 7.939120780270      0.000128378818 
 7.963254750684      0.000128478658 
 7.987389242201      0.000128579009 
 8.011524332020      0.000128679876 
 8.035659896411      0.000128781261 
 8.059796026877      0.000128883168 
 8.083932773367      0.000128985598 
 8.108070218942      0.000129088557 
 8.132208235213      0.000129192045 
 8.156346922842      0.000129296067 
 8.180486320731      0.000129400627 
 8.204626534771      0.000129505726 
 8.228767428888      0.000129611369 
 8.252909090777      0.000129717559 
 8.277051554448      0.000129824298 
 8.301194923874      0.000129931592 
 8.325339083064      0.000130039441 
 8.349484104047      0.000130147851 
 8.373630028670      0.000130256825 
 8.397776947702      0.000130366366 
 8.421924789807      0.000130476478 
 8.446073582649      0.000130587164 
 8.470223371712      0.000130698427 
 8.494374241008      0.000130810273 
 8.518526156361      0.000130922703 
 8.542679109464      0.000131035723 
 8.566833164892      0.000131149334 
 8.590988385340      0.000131263543 
 8.615144788905      0.000131378352 
 8.639302315310      0.000131493765 
 8.663461034103      0.000131609786 
 8.687620999783      0.000131726419 
 8.711782274300      0.000131843668 
 8.735944744464      0.000131961538 
 8.760108478413      0.000132080031 
 8.784273483269      0.000132199152 
 8.808439793166      0.000132318906 
 8.832607254833      0.000132439296 
 8.856775893745      0.000132560325 
 8.880945718760      0.000132681998 
 8.905116712066      0.000132804320 
 8.929288752464      0.000132927294 
 8.953461869138      0.000133050925 
 8.977636070992      0.000133175217 
 9.001811317223      0.000133300173 
 9.025987521558      0.000133425799 
 9.050164702586      0.000133552099 
 9.074342902583      0.000133679078 
 9.098522036941      0.000133806739 
 9.122702063542      0.000133935088 
 9.146883010648      0.000134064130 
 9.171064900722      0.000134193868 
 9.195247623212      0.000134324308 
 9.219431177374      0.000134455455 
 9.243615552593      0.000134587313 
 9.267800842895      0.000134719888 
 9.291986839780      0.000134853184 
 9.316173633857      0.000134987207 
 9.340361184765      0.000135121962 
 9.364549526881      0.000135257454 
 9.388738534573      0.000135393688 
 9.412928238170      0.000135530670 
 9.437118657367      0.000135668405 
 9.461309785300      0.000135806900 
 9.485501502856      0.000135946158 
 9.509693857999      0.000136086186 
 9.533886883112      0.000136226990 
 9.558080482605      0.000136368576 
 9.582274614889      0.000136510949 
 9.606469313625      0.000136654115 
 9.630664645223      0.000136798082 
 9.654860410017      0.000136942854 
 9.679056677825      0.000137088438 
 9.703253458400      0.000137234840 
 9.727450740858      0.000137382068 
 9.751648399457      0.000137530127 
 9.775846473509      0.000137679024 
 9.800045052044      0.000137828766 
 9.824243944232      0.000137979359 
 9.848443194351      0.000138130811 
 9.872642806513      0.000138283129 
 9.896842775628      0.000138436320 
 9.921043023531      0.000138590391 
 9.945243516216      0.000138745349 
 9.969444340771      0.000138901203 
 9.993645408094      0.000139057960 
10.017846659901      0.000139215626 
10.042048127430      0.000139374211 
10.066249800696      0.000139533723 
10.090451580502      0.000139694169 
10.114653517546      0.000139855558 
10.138855638321      0.000140017898 
10.163057775737      0.000140181198 
10.187259993098      0.000140345466 
10.211462319410      0.000140510712 
10.235664630706      0.000140676944 
10.259866912897      0.000140844172 
10.284069168628      0.000141012404 
10.308271466403      0.000141181651 
10.332473651717      0.000141351921 
10.356675734204      0.000141523225 
10.380877747090      0.000141695573 
10.405079579902      0.000141868975 
10.429281270702      0.000142043441 
10.453482776817      0.000142218982 
10.477684081788      0.000142395609 
10.501885130131      0.000142573331 
10.526085905624      0.000142752161 
10.550286461096      0.000142932111 
10.574486672975      0.000143113191 
10.598686505170      0.000143295412 
10.622886036696      0.000143478788 
10.647085131878      0.000143663330 
10.671283843621      0.000143849051 
10.695482144060      0.000144035964 
10.719679913381      0.000144224081 
10.743877165636      0.000144413415 
10.768073910566      0.000144603980 
10.792270122546      0.000144795790 
10.816465740901      0.000144988859 
10.840660797869      0.000145183200 
10.864855208761      0.000145378829 
10.889048871122      0.000145575759 
10.913241843919      0.000145774007 
10.937434227569      0.000145973589 
10.961625762122      0.000146174518 
10.985816472884      0.000146376811 
11.010006459702      0.000146580485 
11.034195509306      0.000146785557 
11.058383633946      0.000146992042 
11.082570931827      0.000147199960 
11.106757262136      0.000147409327 
11.130942619954      0.000147620162 
11.155126976879      0.000147832483 
11.179310213082      0.000148046309 
11.203492347800      0.000148261659 
11.227673466743      0.000148478553 
11.251853435973      0.000148697012 
11.276032136926      0.000148917055 
11.300209634021      0.000149138703 
11.324385851228      0.000149361978 
11.348560722244      0.000149586902 
11.372734265956      0.000149813497 
11.396906451009      0.000150041786 
11.421077222912      0.000150271792 
11.445246562042      0.000150503540 
11.469414364706      0.000150737052 
11.493580542559      0.000150972355 
11.517745161586      0.000151209473 
11.541908198189      0.000151448433 
11.566069583726      0.000151689262 
11.590229199018      0.000151931985 
11.614387044225      0.000152176631 
11.638543005458      0.000152423228 
11.662697139273      0.000152671805 
11.686849392832      0.000152922392 
11.710999605026      0.000153175019 
11.735147846576      0.000153429716 
11.759294055714      0.000153686517 
11.783438151197      0.000153945452 
11.807580015051      0.000154206554 
11.831719706492      0.000154469859 
11.855857041146      0.000154735398 
11.879992095978      0.000155003210 
11.904124797295      0.000155273329 
11.928255043227      0.000155545792 
11.952382718886      0.000155820636 
11.976507895255      0.000156097901 
12.000630352985      0.000156377625 
12.024750146538      0.000156659849 
12.048867235781      0.000156944615 
12.072981374549      0.000157231963 
12.097092658890      0.000157521937 
12.121201066651      0.000157814582 
12.145306458883      0.000158109943 
12.169408687875      0.000158408063 
12.193507828404      0.000158708992 
12.217603580065      0.000159012775 
12.241696045531      0.000159319463 
12.265785234811      0.000159629107 
12.289870948833      0.000159941757 
12.313953076718      0.000160257465 
12.338031656555      0.000160576286 
12.362106379632      0.000160898270 
12.386177319456      0.000161223477 
12.410244554657      0.000161551965 
12.434307685327      0.000161883788 
12.458366733863      0.000162219006 
12.482421807592      0.000162557685 
12.506472576071      0.000162899880 
12.530519135446      0.000163245660 
12.554561318601      0.000163595087 
12.578598962094      0.000163948226 
12.602631912194      0.000164305143 
12.626660337157      0.000164665911 
12.650683876314      0.000165030596 
12.674702573240      0.000165399271 
12.698716364242      0.000165772011 
12.722725169539      0.000166148889 
12.746728598957      0.000166529976 
12.770726777485      0.000166915354 
12.794719591529      0.000167305101 
12.818706780357      0.000167699294 
12.842688308249      0.000168098016 
12.866664287660      0.000168501354 
12.890634286546      0.000168909387 
12.914598444683      0.000169322206 
12.938556534740      0.000169739895 
12.962508332563      0.000170162543 
12.986453635545      0.000170590238 
13.010392705516      0.000171023078 
13.034325059772      0.000171461152 
13.058250714661      0.000171904555 
13.082169578282      0.000172353386 
13.106081610344      0.000172807744 
13.129986291710      0.000173267721 
13.153883749483      0.000173733422 
13.177774078605      0.000174204954 
13.201656700154      0.000174682413 
13.225531544166      0.000175165903 
13.249398869068      0.000175655540 
13.273258089729      0.000176151422 
13.297109323166      0.000176653663 
13.320952399093      0.000177162373 
13.344787366133      0.000177677667 
13.368613537590      0.000178199646 
13.392431147218      0.000178728432 
13.416240171561      0.000179264142 
13.440040119052      0.000179806884 
13.463831121016      0.000180356782 
13.487613012860      0.000180913852 
13.511385492225      0.000181478295 
13.535148370088      0.000182050234 
13.558901699930      0.000182629800 
13.582645367620      0.000183217118 
13.606378919473      0.000183812303 
13.630102622045      0.000184415488 
13.653816273012      0.000185026795 
13.677519459842      0.000185646341 
13.701212054639      0.000186274252 
13.724894223348      0.000186910659 
13.748565342296      0.000187555675 
13.772225413773      0.000188209430 
13.795874679083      0.000188872059 
13.819512730431      0.000189543680 
13.843139348787      0.000190224417 
13.866754434813      0.000190914396 
13.890358189413      0.000191613751 
13.913949912461      0.000192322591 
13.937529769260      0.000193041048 
13.961098038123      0.000193769258 
13.984653993458      0.000194507326 
14.008197787061      0.000195255384 
14.031729717015      0.000196013566 
14.055249006459      0.000196781975 
14.078756209884      0.000197560755 
14.102251240295      0.000198350027 
14.125733524275      0.000199149901 
14.149203368773      0.000199960511 
14.172660698311      0.000200781983 
14.196105255300      0.000201614434 
14.219536954105      0.000202457988 
14.242956439161      0.000203312795 
14.266362836923      0.000204178951 
14.289756736017      0.000205056603 
14.313138303028      0.000205945884 
14.336506581212      0.000206846879 
14.359862702775      0.000207759755 
14.383205855880      0.000208684601 
14.406536203337      0.000209621540 
14.429854344434      0.000210570715 
14.453159544499      0.000211532212 
14.476452519149      0.000212506175 
14.499733470682      0.000213492731 
14.523001729759      0.000214491968 
14.546258037115      0.000215504040 
14.569501992632      0.000216529052 
14.592733686548      0.000217567135 
14.615953906536      0.000218618456 
14.639162119818      0.000219683128 
14.662358974886      0.000220761322 
14.685544882860      0.000221853203 
14.708718755854      0.000222958868 
14.731882044744      0.000224078537 
14.755034153022      0.000225212334 
14.778175204683      0.000226360415 
14.801306218773      0.000227522981 
14.824426385386      0.000228700140 
14.847536717215      0.000229892088 
14.870637235061      0.000231098966 
14.893728313788      0.000232320932 
14.916810623855      0.000233558156 
14.939883002522      0.000234810706 
14.962946759900      0.000236078782 
14.986002215180      0.000237362531 
15.009049075148      0.000238662060 
15.032088886183      0.000239977582 
15.055120376028      0.000241309144 
15.078144874677      0.000242656941 
15.101163249384      0.000244021142 
15.124174602998      0.000245401805 
15.147180785787      0.000246799150 
15.170180485768      0.000248213202 
15.193174957213      0.000249644136 
15.216165637157      0.000251092136 
15.239151222927      0.000252557213 
15.262133259063      0.000254039557 
15.285111466804      0.000255539245 
15.308086699959      0.000257056441 
15.331060437984      0.000258591362 
15.354031326266      0.000260144048 
15.377000923657      0.000261714745 
15.399970256937      0.000263303669 
15.422938122230      0.000264910895 
15.445906508781      0.000266536735 
15.468875588271      0.000268181396 
15.491845364092      0.000269845088 
15.514817603671      0.000271528147 
15.537791153689      0.000273230689 
15.560767208691      0.000274952977 
15.583747695784      0.000276695315 
15.606730888761      0.000278457714 
15.629717997761      0.000280240374 
15.652710745393      0.000282043500 
15.675707320678      0.000283866984 
15.698710062356      0.000285711014 
15.721719277002      0.000287575607 
15.744734079502      0.000289460682 
15.767756963320      0.000291366435 
15.790785898095      0.000293292706 
15.813822566008      0.000295239667 
15.836868951621      0.000297207561 
15.859922900198      0.000299196319 
15.882987008662      0.000301206292 
15.906059080084      0.000303237419 
15.929140135254      0.000305289910 
15.952232814090      0.000307364145 
15.975334683752      0.000309460093 
15.998448164730      0.000311578181 
16.021571857733      0.000313718493 
16.044705393246      0.000315881169 
16.067852000272      0.000318066659 
16.091008960937      0.000320274851 
16.114177966992      0.000322506051 
16.137359954436      0.000324760485 
16.160552056096      0.000327037974 
16.183758330572      0.000329338948 
16.206975788118      0.000331663115 
16.230204695321      0.000334010480 
16.253447669849      0.000336381283 
16.276701518928      0.000338775163 
16.299968898889      0.000341192299 
16.323250998661      0.000343632680 
16.346544326231      0.000346095793 
16.369852286671      0.000348581849 
16.393172629074      0.000351090467 
16.416504207529      0.000353621358 
16.439851258516      0.000356174779 
16.463211136857      0.000358750263 
16.486584011271      0.000361347706 
16.509971285060      0.000363967217 
16.533371730084      0.000366608665 
16.556784392132      0.000369271962 
16.580209561556      0.000371957185 
16.603647675661      0.000374664489 
16.627098899741      0.000377394076 
16.650563622119      0.000380146216 
16.674041090494      0.000382921049 
16.697532563789      0.000385718935 
16.721037776974      0.000388540070 
16.744556542699      0.000391384695 
16.768090111500      0.000394253231 
16.791640117426      0.000397146107 
16.815205319293      0.000400063315 
16.838786581033      0.000403004992 
16.862384246553      0.000405971111 
16.885998674433      0.000408961543 
16.909630762237      0.000411976111 
16.933281236588      0.000415014519 
16.956950578816      0.000418076388 
16.980639100899      0.000421161325 
17.004345219178      0.000424268730 
17.028072039066      0.000427398627 
17.051819468090      0.000430550629 
17.075586356227      0.000433724197 
17.099375720138      0.000436919302 
17.123185455889      0.000440135193 
17.147013655079      0.000443371050 
17.170847278145      0.000446624476 
17.194684581957      0.000449894454 
17.218521627756      0.000453179566 
17.242363656752      0.000456479532 
17.266212762267      0.000459793571 
17.290064541851      0.000463119965 
17.313923796645      0.000466458175 
17.337795198966      0.000469807562 
17.361671689980      0.000473165845 
17.385557056773      0.000476532191 
17.409456818998      0.000479905988 
17.433367703865      0.000483285431 
17.457291235574      0.000486669430 
17.481233967738      0.000490057696 
17.505191594340      0.000493448625 
17.529166782268      0.000496841724 
17.553167165495      0.000500237308 
17.577186488252      0.000503634002 
17.601220101104      0.000507030898 
17.625250779142      0.000510425543 
17.649280345921      0.000513818084 
17.673309098251      0.000517208418 
17.697339069686      0.000520596719 
17.721370450279      0.000523982949 
17.745405653230      0.000527367267 
17.769444471791      0.000530749257 
17.793487259349      0.000534128442 
17.817531238997      0.000537503953 
17.841576153635      0.000540875324 
17.865623846588      0.000544242294 
17.889674571508      0.000547604263 
17.913723373256      0.000550959993 
17.937770601450      0.000554309251 
17.961817318847      0.000557652202 
17.985864131782      0.000560989063 
18.009911853513      0.000564320084 
18.033961933306      0.000567645791 
18.058010770673      0.000570966481 
18.082056922886      0.000574283046 
18.106102182732      0.000577596721 
18.130146183860      0.000580908242 
18.154190451511      0.000584218680 
18.178235421533      0.000587529207 
18.202282292941      0.000590841037 
18.226332346259      0.000594154954 
18.250385156395      0.000597471082 
18.274438892717      0.000600789233 
18.298493225122      0.000604109331 
18.322549799795      0.000607431389 
18.346608998515      0.000610754920 
18.370666760302      0.000614078572 
18.394722135603      0.000617401393 
18.418776355734      0.000620722731 
18.442825710803      0.000624041310 
18.466866111533      0.000627355770 
18.490898706549      0.000630665333 
18.514922869402      0.000633969196 
18.538940289504      0.000637267243 
18.562951948291      0.000640559668 
18.586957305717      0.000643846826 
18.610958862674      0.000647129790 
18.634957278636      0.000650409390 
18.658953063497      0.000653686710 
18.682948769118      0.000656963157 
18.706945149784      0.000660239813 
18.730942332270      0.000663517562 
18.754935482466      0.000666796684 
18.778925774838      0.000670078295 
18.802912282006      0.000673363166 
18.826894086428      0.000676651971 
18.850871840747      0.000679945424 
18.874845983926      0.000683244068 
18.898818596888      0.000686548428 
18.922779064639      0.000689856846 
18.946728035506      0.000693168497 
18.970666907101      0.000696482091 
18.994596738419      0.000699795937 
19.018512070314      0.000703107304 
19.042403261860      0.000706412830 
19.066273055053      0.000709710814 
19.090122371461      0.000712999458 
19.113952575534      0.000716277272 
19.137767661912      0.000719543508 
19.161568668826      0.000722797502 
19.185358288647      0.000726039441 
19.209140309347      0.000729270466 
19.232918704002      0.000732492534 
19.256679097051      0.000735705969 
19.280423491672      0.000738913588 
19.304155950247      0.000742118450 
19.327880028442      0.000745323239 
19.351600378541      0.000748530386 
19.375302253101      0.000751739502 
19.398978588231      0.000754950544 
19.422634985879      0.000758164156 
19.446276312309      0.000761380002 
19.469892392401      0.000764595256 
19.493465612166      0.000767805922 
19.517000007480      0.000771010877 
19.540503198224      0.000774209859 
19.563983069442      0.000777403133 
19.587445241850      0.000780591108 
19.610892324777      0.000783774238 
19.634310853876      0.000786951543 
19.657711110532      0.000790125583 
19.681102047869      0.000793299125 
19.704490845225      0.000796475018 
19.727885615771      0.000799656272 
19.751277371525      0.000802843520 
19.774644257349      0.000806035528 
19.797996030762      0.000809234877 
19.821333464187      0.000812442974 
19.844625566701      0.000815657556 
19.867881606273      0.000818881787 
19.891112283899      0.000822119033 
19.914322963032      0.000825371770 
19.937520524498      0.000828642277 
19.960709293845      0.000831932130 
19.983896782240      0.000835243273 
20.007084203517      0.000838577104 
20.030268984724      0.000841934970 
20.053450981574      0.000845318794 
20.076635589461      0.000848730999 
20.099791992746      0.000852168260 
20.122892573476      0.000855626307 
20.145943674692      0.000859103930 
20.168954206685      0.000862599025 
20.191926438127      0.000866108176 
20.214868320872      0.000869629228 
20.237778686640      0.000873160650 
20.260667409000      0.000876704442 
20.283537597180      0.000880263309 
20.306400188131      0.000883842348 
20.329253149537      0.000887445454 
20.352099939443      0.000891077060 
20.374922212888      0.000894737241 
20.397703005617      0.000898424380 
20.420445985396      0.000902137619 
20.443157687962      0.000905874390 
20.465820021981      0.000909627319 
20.488439492604      0.000913392815 
20.511017055627      0.000917167181 
20.533566829389      0.000920949790 
20.556106983067      0.000924741341 
20.578639935498      0.000928539987 
20.601185663344      0.000932345754 
20.623727324700      0.000936152358 
20.646268961475      0.000939956663 
20.668822613074      0.000943757177 
20.691317778712      0.000947541423 
20.713757900176      0.000951309647 
20.736138274821      0.000955061158 
20.758468524794      0.000958797553 
20.780768259457      0.000962522499 
20.803034411402      0.000966237616 
20.825287956759      0.000969948691 
20.847549430546      0.000973660540 
20.869793612824      0.000977369902 
20.892046053713      0.000981078883 
20.914289607681      0.000984781308 
20.936469005351      0.000988466488 
20.958600853226      0.000992135956 
20.980710855392      0.000995792145 
21.002821786072      0.000999436206 
21.024886059561      0.001003059151 
21.046912929016      0.001006660426 
21.068920460224      0.001010240785 
21.090933679582      0.001013802731 
21.112996170514      0.001017343890 
21.135075026195      0.001020858009 
21.157164109376      0.001024344540 
21.179292550550      0.001027804099 
21.201464666423      0.001031233559 
21.223616976996      0.001034622752 
21.245750437162      0.001037972714 
21.267860262355      0.001041284364 
21.289934624893      0.001044556473 
21.312003162207      0.001047791037 
21.334071203012      0.001050986173 
21.356199794091      0.001054145804 
21.378358490035      0.001057260930 
21.400517216149      0.001060322339 
21.422677348019      0.001063323808 
21.444924389830      0.001066265608 
21.467201188814      0.001069131356 
21.489471992121      0.001071911309 
21.511722839468      0.001074601484 
21.533990749849      0.001077203112 
21.556293837867      0.001079715187 
21.578677837965      0.001082139449 
21.601100353006      0.001084470079 
21.623533677094      0.001086702400 
21.645953861622      0.001088832127 
21.668416884045      0.001090861254 
21.690927047633      0.001092787304 
21.713518029374      0.001094608885 
21.736090473882      0.001096318198 
21.758676610998      0.001097916447 
21.781316952372      0.001099404049 
21.804026934167      0.001100779224 
21.826824934881      0.001102039498 
21.849734575438      0.001103181201 
21.872732927637      0.001104198821 
21.895761947028      0.001105087720 
21.918792549544      0.001105846234 
21.941862335206      0.001106474098 
21.964957835865      0.001106971430 
21.988079114632      0.001107338520 
22.011207696681      0.001107577102 
22.034321475349      0.001107689994 
22.057445283617      0.001107678970 
22.080567011384      0.001107546692 
22.103743417441      0.001107294487 
22.126943410867      0.001106928952 
22.150200897695      0.001106455149 
22.173483399295      0.001105878854 
22.196778828276      0.001105201499 
22.220092688307      0.001104419302 
22.243444825002      0.001103526299 
22.266811422386      0.001102522698 
22.290240908642      0.001101408646 
22.313706002900      0.001100192279 
22.337198041975      0.001098878381 
22.360756665748      0.001097463485 
22.384368000328      0.001095947807 
22.408066037338      0.001094329657 
22.431860894370      0.001092612946 
22.455682433941      0.001090810233 
22.479524548318      0.001088925378 
22.503387536188      0.001086956734 
22.527266974378      0.001084901345 
22.551181075930      0.001082756551 
22.575137442544      0.001080527816 
22.599138395325      0.001078227028 
22.623179400446      0.001075866667 
22.647234494826      0.001073458114 
22.671286890520      0.001071011073 
22.695336838719      0.001068537485 
22.719378441847      0.001066053024 
22.743427297574      0.001063564514 
22.767409032908      0.001061084941 
22.791313614552      0.001058614410 
22.815160968280      0.001056147148 
22.838965399567      0.001053685653 
22.862744655296      0.001051234118 
22.886447733423      0.001048800489 
22.910051778755      0.001046385113 
22.933564978858      0.001043979855 
22.956999190688      0.001041580261 
22.980367615521      0.001039189738 
23.003653281286      0.001036817978 
23.026825762774      0.001034473370 
23.049898218521      0.001032152493 
23.072875391990      0.001029856428 
23.095768608161      0.001027591307 
23.118581948005      0.001025360512 
23.141310428192      0.001023165323 
23.163899809025      0.001021013757 
23.186348215570      0.001018906079 
23.208668308486      0.001016841896 
23.230852627373      0.001014826289 
23.252913085952      0.001012859054 
23.274815817570      0.001010941840 
23.296531955877      0.001009079947 
23.318058336756      0.001007279704 
23.339400075498      0.001005545234 
23.360573414768      0.001003878691 
23.381570904021      0.001002285761 
23.402411990878      0.001000769629 
23.423099433427      0.000999333190 
23.443640573125      0.000997975816 
23.464042521619      0.000996696698 
23.484320645881      0.000995493866 
23.504470843751      0.000994363170 
23.524516262009      0.000993295629 
23.544446881008      0.000992286984 
23.564275506486      0.000991333874 
23.584019112618      0.000990431491 
23.603658552085      0.000989576856 
23.623217575922      0.000988764899 
23.642690100905      0.000987995094 
23.662086471597      0.000987268935 
23.681409874372      0.000986589923 
23.700655034997      0.000985960579 
23.719826124123      0.000985379527 
23.738936150559      0.000984844459 
23.757970172518      0.000984355966 
23.776947691802      0.000983911698 
23.795860024064      0.000983508315 
23.814705417183      0.000983141107 
23.833509730229      0.000982804968 
23.852252288154      0.000982498260 
23.870959082595      0.000982218618 
23.889637351143      0.000981965917 
23.908292745927      0.000981740589 
23.926935589522      0.000981543173 
23.945586002818      0.000981374405 
23.964236867453      0.000981236071 
23.982916450338      0.000981126603 
24.001635838027      0.000981043368 
24.020377091907      0.000980985626 
24.039180288287      0.000980951162 
24.058040073733      0.000980938804 
24.076976628223      0.000980946666 
24.096002807208      0.000980973949 
24.115123268444      0.000981021115 
24.134342788351      0.000981088881 
24.153702457495      0.000981176488 
24.173171851178      0.000981285758 
24.192763473890      0.000981419685 
24.212507891244      0.000981582238 
24.232375157088      0.000981779052 
24.252401273999      0.000982013569 
24.272584773245      0.000982289635 
24.292923943072      0.000982611394 
24.313433431009      0.000982982028 
24.334119098165      0.000983403792 
24.354970565250      0.000983878824 
24.376017233014      0.000984408273 
24.397222745352      0.000984992275 
24.418614456269      0.000985628890 
24.440183167498      0.000986315654 
24.461918335149      0.000987051010 
24.483842586602      0.000987832410 
24.505917095302      0.000988654609 
24.528173004822      0.000989511330 
24.550549921875      0.000990397352 
24.573038431106      0.000991309505 
24.595636474934      0.000992243699 
24.618342243629      0.000993195861 
24.641152278689      0.000994164610 
24.664061335256      0.000995152418 
24.687071357474      0.000996164536 
24.710176013618      0.000997204473 
24.733326576791      0.000998268942 
24.756415272129      0.000999349108 
24.779447586423      0.001000437541 
24.802419920727      0.001001527942 
24.825342430591      0.001002616708 
24.848216472383      0.001003701107 
24.871047633630      0.001004774899 
24.893839938841      0.001005830588 
24.916595997369      0.001006870898 
24.939317396303      0.001007906313 
24.961983564049      0.001008938613 
24.984600607465      0.001009961311 
25.007158241650      0.001010971734 
25.029659847663      0.001011969704 
25.052103946480      0.001012949825 
25.074489145631      0.001013908659 
25.096815503382      0.001014851275 
25.119087074728      0.001015783421 
25.141300729003      0.001016704438 
25.163453744955      0.001017611095 
25.185547279457      0.001018501065 
25.207581534104      0.001019371124 
25.229558602365      0.001020218108 
25.251477239984      0.001021041308 
25.273335520404      0.001021840893 
25.295134693635      0.001022617223 
25.316876713809      0.001023371986 
25.338564915094      0.001024106741 
25.360193715216      0.001024820026 
25.381773085945      0.001025508622 
25.403291401185      0.001026171115 
25.424765552062      0.001026807384 
25.446176620680      0.001027418523 
25.467548369733      0.001028004606 
25.488863243272      0.001028570231 
25.510131461257      0.001029122181 
25.531368358623      0.001029666590 
25.552589610197      0.001030203997 
25.573776814554      0.001030730653 
25.594967077823      0.001031242371 
25.616147987616      0.001031733258 
25.637343632892      0.001032198299 
25.658551926775      0.001032637426 
25.679793079322      0.001033048575 
25.701107856236      0.001033432400 
25.722446184091      0.001033792471 
25.743846819276      0.001034126011 
25.765329537402      0.001034432183 
25.786933231914      0.001034708070 
25.808590370823      0.001034953936 
25.830323958993      0.001035172372 
25.852179013250      0.001035358982 
25.874157663678      0.001035515342 
25.896276770303      0.001035645697 
25.918459035232      0.001035755236 
25.940761640197      0.001035846410 
25.963241875810      0.001035914113 
25.985852003517      0.001035954487 
26.008594322242      0.001035964643 
26.031402448987      0.001035948309 
26.054326296529      0.001035909361 
26.077401369872      0.001035845692 
26.100557635530      0.001035765166 
26.123769227280      0.001035683633 
26.147021105481      0.001035614516 
26.170312973828      0.001035564834 
26.193641882241      0.001035531893 
26.217013226395      0.001035511903 
26.240427251671      0.001035501894 
26.263884677090      0.001035498473 
26.287395953176      0.001035502595 
26.310963873021      0.001035514333 
26.334594905673      0.001035532202 
26.358296076276      0.001035557625 
26.382072677726      0.001035585625 
26.405927941578      0.001035609918 
26.429881057863      0.001035630398 
26.453931383360      0.001035646365 
26.478063861242      0.001035658372 
26.502260162019      0.001035668987 
26.526506260748      0.001035678750 
26.550799343480      0.001035684788 
26.575140073532      0.001035677104 
26.599487773447      0.001035649366 
26.623839793215      0.001035599992 
26.648198264868      0.001035528767 
26.672564393735      0.001035435305 
26.696938446607      0.001035320102 
26.721323683519      0.001035180520 
26.745713074709      0.001035010586 
26.770105397955      0.001034811498 
26.794499581230      0.001034585600 
26.818898118457      0.001034331156 
26.843284195818      0.001034050954 
26.867662325899      0.001033745453 
26.892042763834      0.001033410410 
26.916428327367      0.001033041670 
26.940815668876      0.001032638624 
26.965173283409      0.001032204474 
26.989503633522      0.001031738261 
27.013819035373      0.001031238520 
27.038125676667      0.001030703994 
27.062434209323      0.001030125125 
27.086726451972      0.001029492704 
27.110999512288      0.001028806598 
27.135267905576      0.001028068439 
27.159539025783      0.001027277648 
27.183823202954      0.001026438226 
27.208079819802      0.001025561347 
27.232319468125      0.001024649227 
27.256554139724      0.001023706130 
27.280785448866      0.001022745397 
27.305032539693      0.001021776364 
27.329291272963      0.001020804021 
27.353437624787      0.001019850409 
27.377470055599      0.001018931686 
27.401438914299      0.001018042953 
27.425357146332      0.001017169883 
27.449256794272      0.001016304183 
27.473153331115      0.001015445436 
27.497067020162      0.001014589014 
27.521016221664      0.001013731155 
27.545009066808      0.001012876403 
27.568954622451      0.001012034779 
27.592864292143      0.001011198967 
27.616751922143      0.001010363970 
27.640619233111      0.001009536266 
27.664476987330      0.001008717310 
27.688329633800      0.001007899402 
27.712189106212      0.001007081979 
27.736054224825      0.001006272463 
27.759934177782      0.001005463518 
27.783836610359      0.001004642031 
27.807764694031      0.001003811497 
27.831722236703      0.001002977641 
27.855712721578      0.001002131878 
27.879744960829      0.001001269964 
27.903814457069      0.001000402178 
27.927924828816      0.000999527830 
27.952077282738      0.000998639041 
27.976271027566      0.000997747284 
28.000506954875      0.000996865504 
28.024777228868      0.000995989412 
28.049058553158      0.000995125084 
28.073346739018      0.000994286744 
28.097638358832      0.000993470949 
28.121936027372      0.000992673090 
28.146226760263      0.000991901277 
28.170495267290      0.000991151319 
28.194762383457      0.000990410830 
28.219008660642      0.000989686097 
28.243287972281      0.000988980234 
28.267595270816      0.000988295273 
28.291921527834      0.000987641279 
28.316282254184      0.000987024927 
28.340657977860      0.000986446451 
28.365063587387      0.000985904564 
28.389502797485      0.000985394966 
28.413968684808      0.000984906055 
28.438477725272      0.000984427836 
28.463019041094      0.000983957194 
28.487591482485      0.000983488431 
28.512195756304      0.000983017021 
28.536803382772      0.000982544430 
28.561413940017      0.000982064835 
28.586023415697      0.000981566451 
28.610602338667      0.000981045671 
28.635168231820      0.000980503681 
28.659735886755      0.000979940810 
28.684306726285      0.000979359485 
28.708863368851      0.000978767866 
28.733411105639      0.000978170537 
28.757966717265      0.000977569563 
28.782526018534      0.000976970585 
28.807098587548      0.000976374056 
28.831686931064      0.000975778586 
28.856250180273      0.000975188197 
28.880794237113      0.000974598417 
28.905332149525      0.000974002846 
28.929873772450      0.000973400703 
28.954429761831      0.000972785422 
28.979008433136      0.000972147792 
29.003596363005      0.000971488782 
29.028181227600      0.000970811100 
29.052770040595      0.000970114733 
29.077375907047      0.000969405840 
29.101973590969      0.000968697346 
29.126561284141      0.000967995469 
29.151141676531      0.000967299985 
29.175732823334      0.000966609127 
29.200323060777      0.000965921382 
29.224892760322      0.000965229661 
29.249446535991      0.000964525155 
29.273988596571      0.000963808609 
29.298524649125      0.000963084505 
29.323058539664      0.000962350776 
29.347587061624      0.000961604114 
29.372111295230      0.000960845285 
29.396636485508      0.000960074375 
29.421165957355      0.000959290767 
29.445698605057      0.000958496804 
29.470224498764      0.000957695601 
29.494749139517      0.000956888675 
29.519276421043      0.000956079631 
29.543797424947      0.000955273456 
29.568303364744      0.000954473779 
29.592795599604      0.000953683012 
29.617277637926      0.000952903154 
29.641750076692      0.000952134831 
29.666214238544      0.000951376145 
29.690663540759      0.000950624855 
29.715101473152      0.000949878190 
29.739528519498      0.000949133002 
29.763947139804      0.000948387669 
29.788358102353      0.000947644299 
29.812763963329      0.000946904518 
29.837165626978      0.000946166149 
29.861565580476      0.000945425709 
29.885964246783      0.000944679352 
29.910364893284      0.000943921571 
29.934767834690      0.000943149428 
29.959176486470      0.000942362999 
29.983590792282      0.000941562019 
30.008014824957      0.000940746660 
30.032448791371      0.000939920697 
30.056896449929      0.000939088812 
30.081355992390      0.000938253809 
30.105826788365      0.000937415252 
30.130311863165      0.000936570147 
30.154811798346      0.000935714768 
30.179329161404      0.000934847206 
30.203864542593      0.000933969847 
30.228420669906      0.000933086454 
30.252995254841      0.000932199338 
30.277554930431      0.000931312507 
30.302097415147      0.000930428430 
30.326623258717      0.000929549097 
30.351134320295      0.000928676695 
30.375631144249      0.000927813712 
30.400113154726      0.000926962704 
30.424583891532      0.000926126236 
30.449045370969      0.000925305635 
30.473501535228      0.000924499576 
30.497950795260      0.000923706989 
30.522400886743      0.000922927074 
30.546857753744      0.000922157571 
30.571320042421      0.000921396107 
30.595795845620      0.000920642561 
30.620283356108      0.000919899633 
30.644788415210      0.000919168373 
30.669321653967      0.000918446354 
30.693857951062      0.000917731097 
30.718387193645      0.000917018912 
30.742901005002      0.000916306993 
30.767381045773      0.000915596304 
30.791834487044      0.000914888554 
30.816267138684      0.000914184530 
30.840690539943      0.000913483417 
30.865117836686      0.000912781222 
30.889564891047      0.000912070534 
30.914043543579      0.000911348209 
30.938564188249      0.000910615853 
30.963102017403      0.000909875785 
30.987635801727      0.000909130714 
31.012165087899      0.000908383924 
31.036699044465      0.000907634065 
31.061223039132      0.000906879748 
31.085738992733      0.000906122880 
31.110250730291      0.000905364814 
31.134756754210      0.000904605980 
31.159256586674      0.000903850384 
31.183753757463      0.000903101686 
31.208250842771      0.000902359681 
31.232750607374      0.000901624234 
31.257252951443      0.000900896971 
31.281759271537      0.000900177808 
31.306271421939      0.000899464011 
31.330791180502      0.000898751605 
31.355317588940      0.000898035785 
31.379829187250      0.000897314198 
31.404338454261      0.000896586195 
31.428842428673      0.000895853856 
31.453351030650      0.000895118753 
31.477870080646      0.000894382121 
31.502384346929      0.000893645580 
31.526903251342      0.000892910274 
31.551427759106      0.000892179005 
31.575952651633      0.000891455325 
31.600478897605      0.000890742782 
31.625006869863      0.000890043639 
31.649534819005      0.000889359393 
31.674059197081      0.000888692019 
31.698578728353      0.000888041747 
31.723095695263      0.000887407606 
31.747609519467      0.000886789105 
31.772120240557      0.000886185560 
31.796630709682      0.000885598034 
31.821140186230      0.000885028512 
31.845649031844      0.000884475943 
31.870158986722      0.000883938109 
31.894668542729      0.000883413855 
31.919181411208      0.000882902735 
31.943697316335      0.000882406530 
31.968215363647      0.000881927581 
31.992737933720      0.000881466464 
32.017262912075      0.000881022373 
32.041793260482      0.000880593576 
32.066330238377      0.000880180242 
32.090872993572      0.000879785673 
32.115422496386      0.000879413609 
32.139977698083      0.000879066184 
32.164544330630      0.000878743535 
32.189104064459      0.000878446383 
32.213644203780      0.000878175677 
32.238162881278      0.000877931855 
32.262666965855      0.000877714401 
32.287154143999      0.000877523415 
32.311629382729      0.000877359897 
32.336093972519      0.000877224530 
32.360551061577      0.000877114936 
32.385001323520      0.000877026518 
32.409445845930      0.000876954957 
32.433888199519      0.000876895889 
32.458328194581      0.000876843679 
32.482767761620      0.000876793144 
32.507205359664      0.000876743261 
32.531644171007      0.000876696498 
32.556084025673      0.000876655931 
32.580525358945      0.000876624379 
32.604966220603      0.000876604111 
32.629408841984      0.000876594731 
32.653852583186      0.000876593750 
32.678296943252      0.000876598008 
32.702741549952      0.000876602977 
32.727187387591      0.000876603348 
32.751635570534      0.000876595620 
32.776085697206      0.000876578920 
32.800538357621      0.000876554773 
32.824995471139      0.000876527170 
32.849458496686      0.000876501414 
32.873925871416      0.000876482173 
32.898399112645      0.000876471794 
32.922879497925      0.000876469126 
32.947370597912      0.000876469045 
32.971874906882      0.000876464376 
32.996395596753      0.000876448690 
33.020925721456      0.000876419110 
33.045460355511      0.000876376975 
33.069999762377      0.000876326454 
33.094545032463      0.000876272731 
33.119095715094      0.000876220986 
33.143651122004      0.000876175211 
33.168210782223      0.000876136811 
33.192774073797      0.000876104556 
33.217341041604      0.000876075594 
33.241910988355      0.000876047249 
33.266483594070      0.000876017284 
33.291060077329      0.000875981601 
33.315640548434      0.000875934608 
33.340225456023      0.000875872688 
33.364815041370      0.000875794287 
33.389410063348      0.000875698196 
33.414010727015      0.000875585003 
33.438617120186      0.000875457324 
33.463230565705      0.000875318257 
33.487851045235      0.000875170607 
33.512478177750      0.000875015326 
