     time         enstrophy    
 0.000000000000 0.230768567026 
 0.005000000000 0.340433156370 
 0.013250000000 0.323303399716 
 0.027000000000 0.304450661810 
 0.038724157114 0.294660520605 
 0.050485067291 0.287817507346 
 0.062277086782 0.282695065318 
 0.074095847057 0.278659803395 
 0.085930619017 0.275369016365 
 0.097776725413 0.272619051899 
 0.109634330909 0.270278912037 
 0.121503407344 0.268259349582 
 0.133383724399 0.266496488987 
 0.145274979711 0.264942975047 
 0.157176760614 0.263562789590 
 0.169088728733 0.262327958636 
 0.181010518463 0.261216392518 
 0.192941745203 0.260216791539 
 0.204881893164 0.259308767721 
 0.216830593757 0.258478515937 
 0.228787561453 0.257712377947 
 0.240752617946 0.257007975784 
 0.252725341265 0.256358364934 
 0.264705369859 0.255757006153 
 0.276692459798 0.255198346237 
 0.288686375542 0.254678085438 
 0.300686860581 0.254192589072 
 0.312693654637 0.253738638597 
 0.324706529041 0.253313396553 
 0.336725301264 0.252914365238 
 0.348749747932 0.252539336952 
 0.360779687222 0.252186349926 
 0.372814879302 0.251853659174 
 0.384855175039 0.251539704467 
 0.396900423215 0.251243089315 
 0.408950444498 0.250962561116 
 0.421005066241 0.250696992684 
 0.433064128781 0.250445367028 
 0.445127516939 0.250206763737 
 0.457195093367 0.249980349113 
 0.469266731557 0.249765365621 
 0.481342263569 0.249561124228 
 0.493421586754 0.249366995068 
 0.505504611982 0.249182401962 
 0.517591214385 0.249006817423 
 0.529681284653 0.248839756791 
 0.541774692873 0.248680774327 
 0.553871366499 0.248529458297 
 0.565971227215 0.248385428443 
 0.578074172472 0.248248333114 
 0.590180097287 0.248117846259 
 0.602288913007 0.247993664839 
 0.614400562818 0.247875506587 
 0.626514972359 0.247763108637 
 0.638632066380 0.247656225629 
 0.650751730233 0.247554628506 
 0.662873914279 0.247458102251 
 0.674998573741 0.247366445258 
 0.687125632764 0.247279468487 
 0.699255026162 0.247196994133 
 0.711386665140 0.247118854970 
 0.723520512832 0.247044893052 
 0.735656532432 0.246974959372 
 0.747794651227 0.246908913380 
 0.759934800475 0.246846622125 
 0.772076922724 0.246787959679 
 0.784220988709 0.246732806584 
 0.796366956901 0.246681049603 
 0.808514775030 0.246632581279 
 0.820664366244 0.246587299587 
 0.832815696462 0.246545107325 
 0.844968742424 0.246505911950 
 0.857123460262 0.246469625386 
 0.869279803545 0.246436163677 
 0.881437701952 0.246405446783 
 0.893596817772 0.246377398868 
 0.905756910779 0.246351947050 
 0.917917960847 0.246329021109 
 0.930079947988 0.246308553913 
 0.942242835534 0.246290481253 
 0.954406596950 0.246274741621 
 0.966571205550 0.246261276088 
 0.978736645904 0.246250028150 
 0.990902900993 0.246240943623 
 1.003069939340 0.246233970519 
 1.015237736646 0.246229058918 
 1.027406268452 0.246226160865 
 1.039575523182 0.246225230273 
 1.051745483862 0.246226222837 
 1.063916123986 0.246229095941 
 1.076087419713 0.246233808569 
 1.088259351161 0.246240321237 
 1.100431910008 0.246248595922 
 1.112605081174 0.246258595993 
 1.124778841873 0.246270286134 
 1.136953169098 0.246283632290 
 1.149128045396 0.246298601612 
 1.161303464610 0.246315162419 
 1.173479411180 0.246333284122 
 1.185655866034 0.246352937177 
 1.197832805221 0.246374093033 
 1.210010216621 0.246396724120 
 1.222188095554 0.246420803804 
 1.234366427827 0.246446306319 
 1.246545197099 0.246473206737 
 1.258724379750 0.246501480922 
 1.270903965749 0.246531105540 
 1.283083951648 0.246562058022 
 1.295264322752 0.246594316487 
 1.307445065450 0.246627859741 
 1.319626155228 0.246662667217 
 1.331807586166 0.246698719027 
 1.343989355722 0.246735995905 
 1.356171450553 0.246774479141 
 1.368353858839 0.246814150586 
 1.380536556708 0.246854992592 
 1.392719539158 0.246896988091 
 1.404902804668 0.246940120527 
 1.417086339600 0.246984373788 
 1.429270133789 0.247029732235 
 1.441454163375 0.247076180623 
 1.453638426075 0.247123704217 
 1.465822921132 0.247172288705 
 1.478007636135 0.247221920133 
 1.490192562576 0.247272584945 
 1.502377676672 0.247324269893 
 1.514562976780 0.247376962179 
 1.526748462801 0.247430649362 
 1.538934122400 0.247485319284 
 1.551119947733 0.247540960127 
 1.563305915994 0.247597560320 
 1.575492026870 0.247655108690 
 1.587678280835 0.247713594369 
 1.599864667039 0.247773006713 
 1.612051178911 0.247833335375 
 1.624237793674 0.247894570189 
 1.636424511008 0.247956701354 
 1.648611331885 0.248019719327 
 1.660798246070 0.248083614748 
 1.672985247549 0.248148378510 
 1.685172313996 0.248214001643 
 1.697359445817 0.248280475514 
 1.709546592085 0.248347791422 
 1.721733748042 0.248415941113 
 1.733920912725 0.248484916555 
 1.746108077502 0.248554709868 
 1.758295242682 0.248625313410 
 1.770482408596 0.248696719720 
 1.782669575596 0.248768921516 
 1.794856743889 0.248841911690 
 1.807043905508 0.248915683247 
 1.819231059344 0.248990229399 
 1.831418205825 0.249065543523 
 1.843605345398 0.249141619150 
 1.855792478532 0.249218449960 
 1.867979598563 0.249296029734 
 1.880166703152 0.249374352420 
 1.892353792812 0.249453412120 
 1.904540868077 0.249533203071 
 1.916727929501 0.249613719638 
 1.928914973602 0.249694956290 
 1.941101995104 0.249776907601 
 1.953288994597 0.249859568306 
 1.965475972691 0.249942933258 
 1.977662930016 0.250026997421 
 1.989849841675 0.250111755695 
 2.002036666269 0.250197202965 
 2.014223406766 0.250283334525 
 2.026410066198 0.250370145773 
 2.038596634314 0.250457632114 
 2.050783109588 0.250545789111 
 2.062969472404 0.250634612290 
 2.075155725954 0.250724097431 
 2.087341872780 0.250814240403 
 2.099527908898 0.250905037115 
 2.111713829809 0.250996483556 
 2.123899620327 0.251088575721 
 2.136085277763 0.251181309775 
 2.148270803035 0.251274681994 
 2.160456195040 0.251368688716 
 2.172641454426 0.251463326369 
 2.184826568182 0.251558591350 
 2.197011526148 0.251654480148 
 2.209196328205 0.251750989404 
 2.221380974725 0.251848115829 
 2.233565469456 0.251945856232 
 2.245749807429 0.252044207422 
 2.257933972051 0.252143166174 
 2.270117958736 0.252242729425 
 2.282301768670 0.252342894220 
 2.294485405763 0.252443657689 
 2.306668873734 0.252545017020 
 2.318852156477 0.252646969298 
 2.331035240646 0.252749511685 
 2.343218127715 0.252852641520 
 2.355400821749 0.252956356221 
 2.367583326872 0.253060653263 
 2.379765637520 0.253165530091 
 2.391947740252 0.253270984134 
 2.404129626396 0.253377012909 
 2.416311300156 0.253483614094 
 2.428492765796 0.253590785421 
 2.440674027636 0.253698524668 
 2.452855070877 0.253806829493 
 2.465035882509 0.253915697615 
 2.477216463095 0.254025126913 
 2.489396817028 0.254135115351 
 2.501576948755 0.254245660936 
 2.513756856489 0.254356761660 
 2.525936527511 0.254468415462 
 2.538115949523 0.254580620319 
 2.550295127036 0.254693374404 
 2.562474064618 0.254806675931 
 2.574652766892 0.254920523155 
 2.586831225288 0.255034914248 
 2.599009427444 0.255149847381 
 2.611187367795 0.255265320824 
 2.623365051020 0.255381332982 
 2.635542481852 0.255497882295 
 2.647719665083 0.255614967242 
 2.659896587163 0.255732586160 
 2.672073236241 0.255850737435 
 2.684249611549 0.255969419591 
 2.696425717926 0.256088631240 
 2.708601560266 0.256208371028 
 2.720777140981 0.256328637611 
 2.732952447116 0.256449429524 
 2.745127464685 0.256570745320 
 2.757302197194 0.256692583753 
 2.769476649635 0.256814943626 
 2.781650827055 0.256937823772 
 2.793824729278 0.257061222999 
 2.805998345510 0.257185140039 
 2.818171661003 0.257309573608 
 2.830344680838 0.257434522650 
 2.842517410155 0.257559986139 
 2.854689854147 0.257685963077 
 2.866862010853 0.257812452419 
 2.879033869816 0.257939453058 
 2.891205417847 0.258066963882 
 2.903376660172 0.258194983995 
 2.915547602070 0.258323512528 
 2.927718248879 0.258452548638 
 2.939888598431 0.258582091428 
 2.952058641111 0.258712139945 
 2.964228363247 0.258842693214 
 2.976397770204 0.258973750486 
 2.988566867398 0.259105311035 
 3.000735660306 0.259237374162 
 3.012904147470 0.259369939114 
 3.025072319666 0.259503005076 
 3.037240162154 0.259636571191 
 3.049407680431 0.259770636846 
 3.061574880051 0.259905201449 
 3.073741766621 0.260040264430 
 3.085908341013 0.260175825189 
 3.098074592504 0.260311883018 
 3.110240508100 0.260448437200 
 3.122406090943 0.260585487217 
 3.134571346717 0.260723032601 
 3.146736281160 0.260861072903 
 3.158900898556 0.260999607681 
 3.171065184797 0.261138636300 
 3.183229130577 0.261278158196 
 3.195392735422 0.261418172924 
 3.207556005142 0.261558680130 
 3.219718945603 0.261699679478 
 3.231881562725 0.261841170654 
 3.244043844117 0.261983153148 
 3.256205783006 0.262125626528 
 3.268367373186 0.262268590389 
 3.280528620592 0.262412044482 
 3.292689531214 0.262555988576 
 3.304850111094 0.262700422461 
 3.317010353656 0.262845345792 
 3.329170252576 0.262990758242 
 3.341329795302 0.263136659426 
 3.353488987890 0.263283049193 
 3.365647836452 0.263429927412 
 3.377806347152 0.263577293967 
 3.389964520838 0.263725148698 
 3.402122347021 0.263873491317 
 3.414279815189 0.264022321551 
 3.426436926205 0.264171639280 
 3.438593686299 0.264321444464 
 3.450750101755 0.264471737078 
 3.462906178910 0.264622517116 
 3.475061904916 0.264773784346 
 3.487217275105 0.264925538652 
 3.499372281356 0.265077779886 
 3.511526930016 0.265230508094 
 3.523681227487 0.265383723338 
 3.535835180221 0.265537425695 
 3.547988785336 0.265691615138 
 3.560142036103 0.265846291604 
 3.572294919655 0.266001454964 
 3.584447439240 0.266157105304 
 3.596599601372 0.266313242767 
 3.608751412620 0.266469867510 
 3.620902879602 0.266626979703 
 3.633053987693 0.266784579257 
 3.645204733982 0.266942666243 
 3.657355110106 0.267101240672 
 3.669505122691 0.267260302764 
 3.681654778416 0.267419852750 
 3.693804084012 0.267579890877 
 3.705953037487 0.267740417289 
 3.718101631212 0.267901432065 
 3.730249854739 0.268062935259 
 3.742397708891 0.268224927085 
 3.754545200458 0.268387407844 
 3.766692336278 0.268550377855 
 3.778839123239 0.268713837447 
 3.790985549724 0.268877786714 
 3.803131473927 0.269042224001 
 3.815276830935 0.269207148679 
 3.827421631793 0.269372561150 
 3.839565887620 0.269538461832 
 3.851709590450 0.269704850896 
 3.863852732847 0.269871728528 
 3.875995326015 0.270039095180 
 3.888137348707 0.270206950866 
 3.900278806363 0.270375295978 
 3.912419710266 0.270544130999 
 3.924560071774 0.270713456425 
 3.936699869690 0.270883272310 
 3.948839109784 0.271053579090 
 3.960977797112 0.271224377204 
 3.973115910727 0.271395666735 
 3.985253462071 0.271567448228 
 3.997390462661 0.271739722241 
 4.009526917259 0.271912489249 
 4.021662805633 0.272085749379 
 4.033798139377 0.272259503221 
 4.045932912185 0.272433751117 
 4.058067114471 0.272608493372 
 4.070200757906 0.272783730603 
 4.082333854236 0.272959463441 
 4.094466398363 0.273135692284 
 4.106598379870 0.273312417458 
 4.118729810578 0.273489639623 
 4.130860675023 0.273667359049 
 4.142990972677 0.273845576232 
 4.155120715433 0.274024291860 
 4.167249915256 0.274203506630 
 4.179378557754 0.274383220863 
 4.191506641753 0.274563435079 
 4.203634179291 0.274744150006 
 4.215761146539 0.274925365844 
 4.227887551324 0.275107083274 
 4.240013405758 0.275289303047 
 4.252138722017 0.275472025927 
 4.264263478862 0.275655252187 
 4.276387681914 0.275838982508 
 4.288511341728 0.276023217652 
 4.300634431632 0.276207957830 
 4.312756963880 0.276393203847 
 4.324878950794 0.276578956519 
 4.337000404757 0.276765216674 
 4.349121298218 0.276951984535 
 4.361241643049 0.277139260936 
 4.373361444850 0.277327046623 
 4.385480681882 0.277515341928 
 4.397599366605 0.277704147719 
 4.409717511541 0.277893464871 
 4.421835126133 0.278083294224 
 4.433952185186 0.278273636085 
 4.446068701291 0.278464491355 
 4.458184677132 0.278655860789 
 4.470300093768 0.278847744808 
 4.482414963856 0.279040144340 
 4.494529300112 0.279233060319 
 4.506643109066 0.279426493594 
 4.518756368370 0.279620444560 
 4.530869090804 0.279814914176 
 4.542981277138 0.280009903218 
 4.555092910324 0.280205412185 
 4.567204003207 0.280401442058 
 4.579314568690 0.280597993832 
 4.591424612897 0.280795068399 
 4.603534113817 0.280992666203 
 4.615643084416 0.281190788260 
 4.627751525510 0.281389435396 
 4.639859419883 0.281588608151 
 4.651966780562 0.281788307561 
 4.664073620627 0.281988534678 
 4.676179946325 0.282189290445 
 4.688285735453 0.282390575344 
 4.700391001150 0.282592390446 
 4.712495745358 0.282794736645 
 4.724599949709 0.282997614502 
 4.736703627404 0.283201025109 
 4.748806791692 0.283404969569 
 4.760909451381 0.283609448920 
 4.773011581637 0.283814463640 
 4.785113195765 0.284020014851 
 4.797214298599 0.284226103543 
 4.809314868756 0.284432730268 
 4.821414919600 0.284639896171 
 4.833514464540 0.284847602406 
 4.845613515517 0.285055850114 
 4.857712044493 0.285264639754 
 4.869810064934 0.285473972504 
 4.881907585929 0.285683849471 
 4.894004581817 0.285894271171 
 4.906101066117 0.286105238803 
 4.918197052389 0.286316753571 
 4.930292554234 0.286528816693 
 4.942387545922 0.286741428706 
 4.954482037033 0.286954590765 
 4.966576041218 0.287168304106 
 4.978669529489 0.287382569225 
 4.990762514156 0.287597387343 
 5.002855008924 0.287812759718 
 5.014947027530 0.288028687616 
 5.027038550109 0.288245171714 
 5.039129580311 0.288462213109 
 5.051220131925 0.288679813087 
 5.063310182988 0.288897972301 
 5.075399738768 0.289116691895 
 5.087488813099 0.289335973176 
 5.099577419853 0.289555817460 
 5.111665547500 0.289776225610 
 5.123753191289 0.289997198616 
 5.135840365135 0.290218737811 
 5.147927055455 0.290440844038 
 5.160013259021 0.290663518330 
 5.172098989794 0.290886762042 
 5.184184261763 0.291110576537 
 5.196269072304 0.291334962883 
 5.208353407702 0.291559921943 
 5.220437281989 0.291785455100 
 5.232520691783 0.292011563423 
 5.244603623648 0.292238247796 
 5.256686091659 0.292465509621 
 5.268768109917 0.292693350311 
 5.280849687300 0.292921771188 
 5.292930798536 0.293150772937 
 5.305011457767 0.293380356989 
 5.317091671715 0.293610524642 
 5.329171418057 0.293841276650 
 5.341250709650 0.294072614438 
 5.353329560695 0.294304539464 
 5.365407985415 0.294537053198 
 5.377485959804 0.294770156382 
 5.389563491440 0.295003850365 
 5.401640593410 0.295238136612 
 5.413717243942 0.295473015921 
 5.425793449074 0.295708489630 
 5.437869223101 0.295944559245 
 5.449944580333 0.296181226280 
 5.462019511011 0.296418491790 
 5.474094008422 0.296656356887 
 5.486168086909 0.296894823107 
 5.498241736346 0.297133891508 
 5.510314949856 0.297373563219 
 5.522387741818 0.297613839789 
 5.534460126622 0.297854722783 
 5.546532109314 0.298096213583 
 5.558603668335 0.298338313047 
 5.570674818107 0.298581022757 
 5.582745556939 0.298824343975 
 5.594815877369 0.299068277857 
 5.606885786013 0.299312825844 
 5.618955297330 0.299557989544 
 5.631024425788 0.299803770573 
 5.643093148357 0.300050169793 
 5.655161471542 0.300297188668 
 5.667229402417 0.300544828682 
 5.679296932635 0.300793091009 
 5.691364061211 0.301041976977 
 5.703430802372 0.301291488233 
 5.715497170641 0.301541626441 
 5.727563160693 0.301792392860 
 5.739628761304 0.302043788631 
 5.751693987024 0.302295815435 
 5.763758824650 0.302548474383 
 5.775823279847 0.302801766982 
 5.787887357704 0.303055694734 
 5.799951072794 0.303310259347 
 5.812014439690 0.303565462539 
 5.824077427486 0.303821305074 
 5.836140050538 0.304077788673 
 5.848202305974 0.304334914701 
 5.860264195460 0.304592684624 
 5.872325720559 0.304851099911 
 5.884386893055 0.305110162257 
 5.896447727557 0.305369873424 
 5.908508213685 0.305630234647 
 5.920568345249 0.305891247254 
 5.932628130627 0.306152912890 
 5.944687560924 0.306415232835 
 5.956746647410 0.306678208810 
 5.968805391580 0.306941842331 
 5.980863808072 0.307206135208 
 5.992921908094 0.307471089184 
 6.004979665365 0.307736705186 
 6.017037093045 0.308002985010 
 6.029094181793 0.308269929964 
 6.041150939798 0.308537541744 
 6.053207373312 0.308805822016 
 6.065263489486 0.309074772469 
 6.077319302965 0.309344394967 
 6.089374804040 0.309614690840 
 6.101429985885 0.309885661485 
 6.113484852009 0.310157308533 
 6.125539398590 0.310429633461 
 6.137593639506 0.310702638145 
 6.149647576534 0.310976324200 
 6.161701221318 0.311250693470 
 6.173754581248 0.311525747710 
 6.185807641064 0.311801488165 
 6.197860403705 0.312077916501 
 6.209912862790 0.312355034172 
 6.221965026665 0.312632842980 
 6.234016908270 0.312911344836 
 6.246068508070 0.313190541374 
 6.258119840694 0.313470434563 
 6.270170899287 0.313751025879 
 6.282221677509 0.314032316817 
 6.294272172858 0.314314308964 
 6.306322385661 0.314597003980 
 6.318372328404 0.314880403814 
 6.330422010681 0.315164510356 
 6.342471436293 0.315449325371 
 6.354520611056 0.315734850675 
 6.366569531907 0.316021087881 
 6.378618189559 0.316308038461 
 6.390666581319 0.316595704046 
 6.402714713532 0.316884086489 
 6.414762600801 0.317173187847 
 6.426810249051 0.317463009980 
 6.438857665693 0.317753554790 
 6.450904846245 0.318044823901 
 6.462951791558 0.318336819069 
 6.474998489117 0.318629541734 
 6.487044942435 0.318922993727 
 6.499091161336 0.319217177041 
 6.511137160369 0.319512093791 
 6.523182943222 0.319807745839 
 6.535228511395 0.320104134998 
 6.547273864733 0.320401263046 
 6.559319001198 0.320699131724 
 6.571363909607 0.320997742548 
 6.583408595098 0.321297097447 
 6.595453071214 0.321597198561 
 6.607497352434 0.321898048067 
 6.619541439730 0.322199647814 
 6.631585328304 0.322501999512 
 6.643629023923 0.322805105142 
 6.655672517386 0.323108966316 
 6.667715806005 0.323413584814 
 6.679758895754 0.323718962641 
 6.691801801069 0.324025102023 
 6.703844536346 0.324332005199 
 6.715887096316 0.324639673914 
 6.727929480131 0.324948110032 
 6.739971693446 0.325257315589 
 6.752013719725 0.325567292061 
 6.764055562980 0.325878041454 
 6.776097232243 0.326189565910 
 6.788138741858 0.326501867719 
 6.800180105751 0.326814949171 
 6.812221310119 0.327128811846 
 6.824262362024 0.327443457868 
 6.836303264316 0.327758889261 
 6.848343998937 0.328075107511 
 6.860384573229 0.328392114770 
 6.872424998266 0.328709913298 
 6.884465288291 0.329028505448 
 6.896505457020 0.329347893573 
 6.908545484694 0.329668079145 
 6.920585382731 0.329989064467 
 6.932625148031 0.330310851468 
 6.944664770352 0.330633441889 
 6.956704254452 0.330956837879 
 6.968743613836 0.331281041829 
 6.980782862634 0.331606056160 
 6.992822007329 0.331931883095 
 7.004861035421 0.332258524356 
 7.016899956556 0.332585982264 
 7.028938763845 0.332914258706 
 7.040977451952 0.333243355613 
 7.053016025639 0.333573275200 
 7.065054498961 0.333904019943 
 7.077092885924 0.334235592331 
 7.089131189178 0.334567994550 
 7.101169400126 0.334901228485 
 7.113207527273 0.335235296497 
 7.125245559489 0.335570200415 
 7.137283494964 0.335905942330 
 7.149321340263 0.336242524575 
 7.161359109307 0.336579949696 
 7.173396815968 0.336918220252 
 7.185434458105 0.337257338364 
 7.197472031944 0.337597306112 
 7.209509544923 0.337938125902 
 7.221546983870 0.338279799563 
 7.233584349473 0.338622329326 
 7.245621648920 0.338965717613 
 7.257658895992 0.339309967042 
 7.269696104414 0.339655080246 
 7.281733270607 0.340001059373 
 7.293770392313 0.340347906614 
 7.305807476477 0.340695624434 
 7.317844507216 0.341044214651 
 7.329881487169 0.341393679619 
 7.341918424713 0.341744021871 
 7.353955333479 0.342095244104 
 7.365992227037 0.342447349023 
 7.378029099273 0.342800338773 
 7.390065950504 0.343154215695 
 7.402102787292 0.343508982318 
 7.414139593499 0.343864640516 
 7.426176372556 0.344221192746 
 7.438213132692 0.344578641615 
 7.450249887379 0.344936989897 
 7.462286650026 0.345296240380 
 7.474323415634 0.345656395312 
 7.486360183485 0.346017457081 
 7.498396960369 0.346379428305 
 7.510433729123 0.346742310897 
 7.522470493407 0.347106107397 
 7.534507261955 0.347470820513 
 7.546544048070 0.347836453102 
 7.558580864990 0.348203008034 
 7.570617707561 0.348570487631 
 7.582654575267 0.348938894365 
 7.594691475196 0.349308230951 
 7.606728391622 0.349678499415 
 7.618765327310 0.350049702358 
 7.630802290156 0.350421842548 
 7.642839293285 0.350794922929 
 7.654876349758 0.351168946457 
 7.666913457826 0.351543915643 
 7.678950613654 0.351919832941 
 7.690987825179 0.352296701180 
 7.703025077122 0.352674522481 
 7.715062370967 0.353053299490 
 7.727099714524 0.353433035067 
 7.739137120736 0.353813732246 
 7.751174602476 0.354195394074 
 7.763212160005 0.354578023213 
 7.775249787532 0.354961622144 
 7.787287493953 0.355346193823 
 7.799325267151 0.355731740551 
 7.811363106071 0.356118264989 
 7.823401016938 0.356505770043 
 7.835439012503 0.356894258842 
 7.847477105449 0.357283734529 
 7.859515301881 0.357674200050 
 7.871553590249 0.358065657792 
 7.883591980980 0.358458110863 
 7.895630464002 0.358851561718 
 7.907669035345 0.359246013022 
 7.919707700504 0.359641467759 
 7.931746472033 0.360037929158 
 7.943785362415 0.360435400463 
 7.955824382000 0.360833884865 
 7.967863515058 0.361233384706 
 7.979902773612 0.361633903255 
 7.991942152334 0.362035443224 
 8.003981642823 0.362438007229 
 8.016021248966 0.362841598310 
 8.028060982800 0.363246219790 
 8.040100856604 0.363651875023 
 8.052140882586 0.364058567373 
 8.064181049370 0.364466299428 
 8.076221363041 0.364875074375 
 8.088261825568 0.365284895274 
 8.100302421072 0.365695764597 
 8.112343154577 0.366107685533 
 8.124384036699 0.366520661479 
 8.136425079506 0.366934695900 
 8.148466294993 0.367349792275 
 8.160507678528 0.367765953531 
 8.172549229514 0.368183182743 
 8.184590955860 0.368601483298 
 8.196632841241 0.369020857756 
 8.208674888252 0.369441309346 
 8.220717104427 0.369862841482 
 8.232759501617 0.370285457752 
 8.244802091597 0.370709161755 
 8.256844880510 0.371133956915 
 8.268887857082 0.371559846057 
 8.280931032119 0.371986832798 
 8.292974394595 0.372414920000 
 8.305017940871 0.372844110799 
 8.317061676438 0.373274408672 
 8.329105612925 0.373705817331 
 8.341149761886 0.374138340507 
 8.353194134799 0.374571981949 
 8.365238718630 0.375006744543 
 8.377283521340 0.375442631943 
 8.389328544661 0.375879647600 
 8.401373773713 0.376317794376 
 8.413419213246 0.376757075861 
 8.425464873193 0.377197495852 
 8.437510764878 0.377639058216 
 8.449556899553 0.378081766841 
 8.461603277455 0.378525625233 
 8.473649893367 0.378970636710 
 8.485696756532 0.379416805145 
 8.497743851151 0.379864133500 
 8.509791177993 0.380312625368 
 8.521838744290 0.380762284598 
 8.533886561135 0.381213115208 
 8.545934639544 0.381665121232 
 8.557982990461 0.382118306727 
 8.570031598561 0.382572674785 
 8.582080474245 0.383028229480 
 8.594129615802 0.383484974450 
 8.606179012312 0.383942913005 
 8.618228667259 0.384402049017 
 8.630278591121 0.384862386645 
 8.642328794676 0.385323930085 
 8.654379288628 0.385786683553 
 8.666430073639 0.386250650905 
 8.678481144217 0.386715835781 
 8.690532509889 0.387182242418 
 8.702584154727 0.387649874094 
 8.714636079333 0.388118734740 
 8.726688290740 0.388588828563 
 8.738740799370 0.389060159924 
 8.750793615388 0.389532733202 
 8.762846749182 0.390006552807 
 8.774900176022 0.390481621800 
 8.786953889199 0.390957943960 
 8.799007864261 0.391435522385 
 8.811062095512 0.391914360930 
 8.823116587458 0.392394463875 
 8.835171349506 0.392875835721 
 8.847226385393 0.393358480769 
 8.859281689944 0.393842402992 
 8.871337253924 0.394327606215 
 8.883393077005 0.394814094647 
 8.895449140784 0.395301871788 
 8.907505442241 0.395790941779 
 8.919561988298 0.396281309187 
 8.931618786688 0.396772978642 
 8.943675845196 0.397265954802 
 8.955733147288 0.397760241361 
 8.967790695134 0.398255842797 
 8.979848483880 0.398752763328 
 8.991906496241 0.399251006682 
 9.003964731521 0.399750577292 
 9.016023197595 0.400251479972 
 9.028081903355 0.400753719609 
 9.040140854647 0.401257300997 
 9.052200029647 0.401762227801 
 9.064259436637 0.402268504965 
 9.076319059142 0.402776136427 
 9.088378889177 0.403285126502 
 9.100438927145 0.403795479884 
 9.112499182084 0.404307201663 
 9.124559662610 0.404820296943 
 9.136620364564 0.405334770319 
 9.148681276674 0.405850626111 
 9.160742403270 0.406367869327 
 9.172803720236 0.406886503793 
 9.184865228508 0.407406534427 
 9.196926933159 0.407927966360 
 9.208988841112 0.408450804836 
 9.221050959847 0.408975055159 
 9.233113276279 0.409500721772 
 9.245175791743 0.410027809775 
 9.257238493080 0.410556323665 
 9.269301364964 0.411086267874 
 9.281364412265 0.411617647745 
 9.293427641896 0.412150468747 
 9.305491064684 0.412684736562 
 9.317554676725 0.413220456258 
 9.329618467643 0.413757632645 
 9.341682438436 0.414296271074 
 9.353746566810 0.414836375888 
 9.365810854234 0.415377952521 
 9.377875302844 0.415921006474 
 9.389939922409 0.416465543628 
 9.402004720060 0.417011569788 
 9.414069679179 0.417559089726 
 9.426134802610 0.418108109123 
 9.438200078180 0.418658633019 
 9.450265491402 0.419210666378 
 9.462331048935 0.419764215166 
 9.474396756133 0.420319285332 
 9.486462621277 0.420875883000 
 9.498528638325 0.421434013680 
 9.510594802635 0.421993682982 
 9.522661108727 0.422554896517 
 9.534727539555 0.423117659396 
 9.546794092303 0.423681977426 
 9.558860775028 0.424247856965 
 9.570927597427 0.424815304496 
 9.582994563466 0.425384326279 
 9.595061658146 0.425954927726 
 9.607128882056 0.426527115022 
 9.619196216041 0.427100893460 
 9.631263653428 0.427676268963 
 9.643331203027 0.428253248233 
 9.655398873182 0.428831838004 
 9.667466672833 0.429412045086 
 9.679534582976 0.429993874999 
 9.691602605889 0.430577334327 
 9.703670728208 0.431162428946 
 9.715738936823 0.431749164784 
 9.727807238992 0.432337548805 
 9.739875643583 0.432927588105 
 9.751944159118 0.433519289817 
 9.764012775879 0.434112660237 
 9.776081487637 0.434707705876 
 9.788150283059 0.435304433044 
 9.800219151855 0.435902848146 
 9.812288094711 0.436502958183 
 9.824357123297 0.437104770753 
 9.836426244715 0.437708293291 
 9.848495449792 0.438313532474 
 9.860564736336 0.438920495381 
 9.872634089172 0.439529188492 
 9.884703500977 0.440139618731 
 9.896772970871 0.440751793402 
 9.908842506353 0.441365720292 
 9.920912119248 0.441981407472 
 9.932981798295 0.442598861901 
 9.945051542734 0.443218091129 
 9.957121340224 0.443839102172 
 9.969191174931 0.444461901918 
 9.981261052963 0.445086498444 
 9.993330986162 0.445712900190 
10.005400976108 0.446341115134 
10.017471014399 0.446971150799 
10.029541099814 0.447603015143 
10.041611220832 0.448236715650 
10.053681368263 0.448873002911 
10.065751531619 0.449510273837 
10.077821731408 0.450150257878 
10.089891973300 0.450791243355 
10.101962246398 0.451434133560 
10.114032550705 0.452078994135 
10.126102872794 0.452725716304 
10.138173199592 0.453374310461 
10.150243537556 0.454024812556 
10.162313899030 0.454677239847 
10.174384287241 0.455331601568 
10.186454681543 0.455987905799 
10.198525091623 0.456646162519 
10.210595498921 0.457306379904 
10.222665892663 0.457968566280 
10.234736281397 0.458632730902 
10.246806674365 0.459298883097 
10.258877077528 0.459967793162 
10.270947466141 0.460637820975 
10.283017854018 0.461310731385 
10.295088204949 0.461984778628 
10.307158533762 0.462660882323 
10.319228848416 0.463339116154 
10.331299149681 0.464019370604 
10.343369432297 0.464701655146 
10.355439694322 0.465386006883 
10.367509926992 0.466072444058 
10.379580115641 0.466760976246 
10.391650263673 0.467451613874 
10.403720372140 0.468144367683 
10.415790454407 0.468840025957 
10.427860489112 0.469536917610 
10.439930493078 0.470236838561 
10.452000430535 0.470938016327 
10.464070306912 0.471641382674 
10.476140127655 0.472347018023 
10.488209897866 0.473054811939 
10.500279621964 0.473764773266 
10.512349289275 0.474476940014 
10.524418895436 0.475191332603 
10.536488415874 0.475907961225 
10.548557855163 0.476627629414 
10.560627219258 0.477348638648 
10.572696521519 0.478072813908 
10.584765736199 0.478798359338 
10.596834879141 0.479526218977 
10.608903933398 0.480256478542 
10.620972886383 0.480989025616 
10.633041744764 0.481723868128 
10.645110519637 0.482461046771 
10.657179204495 0.483201390967 
10.669247779935 0.483943170727 
10.681316264934 0.484688238226 
10.693384628736 0.485434776730 
10.705452869622 0.486183739923 
10.717520998993 0.486935221377 
10.729589031028 0.487689109656 
10.741656943421 0.488445409971 
10.753724738961 0.489204163736 
10.765792405931 0.489966215620 
10.777859925823 0.490729808685 
10.789927307665 0.491496820874 
10.801994558897 0.492265415389 
10.814061682332 0.493037458216 
10.826128667138 0.493811087988 
10.838195509350 0.494587281109 
10.850262188689 0.495366147236 
10.862328709147 0.496147577102 
10.874395081686 0.496931576513 
10.886461307342 0.497719026057 
10.898527364430 0.498508148606 
10.910593273174 0.499300855797 
10.922658988250 0.500095278699 
10.934724520314 0.500893314622 
10.946789873867 0.501693076091 
10.958855066922 0.502495553401 
10.970920086135 0.503300865120 
10.982984919095 0.504108900241 
10.995049553502 0.504919661718 
11.007113983599 0.505734048956 
11.019178206626 0.506550253142 
11.031242242443 0.507370219482 
11.043306071534 0.508192052271 
11.055369708288 0.509017682465 
11.067433117749 0.509845188532 
11.079496298041 0.510676516884 
11.091559248377 0.511509751966 
11.103621991158 0.512345904081 
11.115684521368 0.513185103523 
11.127746817246 0.514027238425 
11.139808874534 0.514873183869 
11.151870673879 0.515721116686 
11.163932224320 0.516573026954 
11.175993530418 0.517426986697 
11.188054596123 0.518284966879 
11.200115406111 0.519145011359 
11.212175962436 0.520009106785 
11.224236230649 0.520875299631 
11.236296223448 0.521745588086 
11.248355947950 0.522618012292 
11.260415409671 0.523494578225 
11.272474586701 0.524373318952 
11.284533479296 0.525256247411 
11.296592066048 0.526141389742 
11.308650354052 0.527030766749 
11.320708342410 0.527922399589 
11.332766032390 0.528818316138 
11.344823417450 0.529716530143 
11.356880499311 0.530619077298 
11.368937249718 0.531523962631 
11.380993666364 0.532433229539 
11.393049753385 0.533344878139 
11.405105517382 0.534260960793 
11.417160952536 0.535179469377 
11.429216050369 0.536102463641 
11.441270787575 0.537027926409 
11.453325164577 0.537957926836 
11.465379184318 0.538890441905 
11.477432847726 0.539827549779 
11.489486147192 0.540767218602 
11.501539078308 0.541711535287 
11.513591628528 0.542658459395 
11.525643796347 0.543610087418 
11.537695566364 0.544564370338 
11.549746945575 0.545523414860 
11.561797932779 0.546485164598 
11.573848519991 0.547451734817 
11.585898698933 0.548421059904 
11.597948456498 0.549395264622 
11.609997784771 0.550372274575 
11.622046692629 0.551354226398 
11.634095178221 0.552339037247 
11.646143224463 0.553328851947 
11.658190821555 0.554321577873 
11.670237966469 0.555319371465 
11.682284655492 0.556320131341 
11.694330892160 0.557326025156 
11.706376664781 0.558334941447 
11.718421959826 0.559349057302 
11.730466773649 0.560366252333 
11.742511100877 0.561388715361 
11.754554937308 0.562414316210 
11.766598281704 0.563445255308 
11.778641127817 0.564479392394 
11.790683458040 0.565518937949 
11.802725271279 0.566562603972 
11.814766552110 0.567610735269 
11.826807302363 0.568663287127 
11.838847523988 0.569720286786 
11.850887207612 0.570781756547 
11.862926348110 0.571846732546 
11.874964931223 0.572917475680 
11.887002933543 0.573991614514 
11.899040356377 0.575071450859 
11.911077212502 0.576154851356 
11.923113501672 0.577244097142 
11.935149196501 0.578337855319 
11.947184294079 0.579436484618 
11.959218769145 0.580539943503 
11.971252629049 0.581648263411 
11.983285879387 0.582761472389 
11.995318504870 0.583879604737 
12.007350489555 0.585002698033 
12.019381828970 0.586129757050 
12.031412522647 0.587263139145 
12.043442549215 0.588400393179 
12.055471911906 0.589543901078 
12.067500613159 0.590692394513 
12.079528621996 0.591846206904 
12.091555943476 0.593005309565 
12.103582563701 0.594169736954 
12.115608482825 0.595339522334 
12.127633689431 0.596514705519 
12.139658176994 0.597695329995 
12.151681926620 0.598881440176 
12.163704938460 0.600073083766 
12.175727199463 0.601270308145 
12.187748695372 0.602473161304 
12.199769432095 0.603681693843 
12.211789402737 0.604895955611 
12.223808589903 0.606115995863 
12.235826997213 0.607341866447 
12.247844593798 0.608573616155 
12.259861368158 0.609811296200 
12.271877326758 0.611054960134 
12.283892466666 0.612304661053 
12.295906768113 0.613560450808 
12.307920234413 0.614822384174 
12.319932839939 0.616090513423 
12.331944565476 0.617364892014 
12.343955413691 0.618645576277 
12.355965389594 0.619932623382 
12.367974467638 0.621226087806 
12.379982637315 0.622526026202 
12.391989890895 0.623832496113 
12.403996212740 0.625145554818 
12.416001614832 0.626465263230 
12.428006083878 0.627791680126 
12.440009591340 0.629124863196 
12.452012119823 0.630464871956 
12.464013676224 0.631811769274 
12.476014238245 0.633165615394 
12.488013808944 0.634526474055 
12.500012388415 0.635894409342 
12.512009943386 0.637269482189 
12.524006452878 0.638651755550 
12.536001926312 0.640041296554 
12.547996344583 0.641438169721 
12.559989690639 0.642842440468 
12.571981973430 0.644254177944 
12.583973168624 0.645673448092 
12.595963258766 0.647100318330 
12.607952253548 0.648534860011 
12.619940129672 0.649977141270 
12.631926861511 0.651427230629 
12.643912445098 0.652885199927 
12.655896877388 0.654351121847 
12.667880133116 0.655825067080 
12.679862221303 0.657307111248 
12.691843118379 0.658797326698 
12.703822806402 0.660295787180 
12.715801255462 0.661802565650 
12.727778485435 0.663317742065 
12.739754468333 0.664841391116 
12.751729191498 0.666373590154 
12.763702648735 0.667914418113 
12.775674818690 0.669463952731 
12.787645681217 0.671022272630 
12.799615255762 0.672589462359 
12.811583511839 0.674165600743 
12.823550422939 0.675750767832 
12.835515987491 0.677345047734 
12.847480173740 0.678948521302 
12.859442971178 0.680561272970 
12.871404398893 0.682183391974 
12.883364432476 0.683814962479 
12.895323042097 0.685456068641 
12.907280199286 0.687106795520 
12.919235914618 0.688767234341 
12.931190156257 0.690437471246 
12.943142915772 0.692117596389 
12.955094195220 0.693807702204 
12.967043968740 0.695507877980 
12.978992212144 0.697218213974 
12.990938935392 0.698938806119 
13.002884106770 0.700669745154 
13.014827702818 0.702411123736 
13.026769711042 0.704163036875 
13.038710125520 0.705925581334 
13.050648920686 0.707698851752 
13.062586106235 0.709482948777 
13.074521648881 0.711277967441 
13.086455520236 0.713084004206 
13.098387694978 0.714901156713 
13.110318192712 0.716729530221 
13.122246989630 0.718569224174 
13.134174047886 0.720420336541 
13.146099374888 0.722282973034 
13.158022930975 0.724157232786 
13.169944703951 0.726043219918 
13.181864708831 0.727941043646 
13.193782909548 0.729850805833 
13.205699278520 0.731772610348 
13.217613793110 0.733706562531 
13.229526459945 0.735652773196 
13.241437251596 0.737611348344 
13.253346158887 0.739582397649 
13.265253147515 0.741566027307 
13.277158211023 0.743562348795 
13.289061318365 0.745571470148 
13.300962470575 0.747593505460 
13.312861642630 0.749628565096 
13.324758814512 0.751676760889 
13.336653956117 0.753738203539 
13.348547082675 0.755813012243 
13.360438163190 0.757901298826 
13.372327184615 0.760003178831 
13.384214112919 0.762118764673 
13.396098919559 0.764248170252 
13.407981593644 0.766391513179 
13.419862148880 0.768548916135 
13.431740549179 0.770720493377 
13.443616765859 0.772906360967 
13.455490771250 0.775106635622 
13.467362571058 0.777321440760 
13.479232136885 0.779550893995 
13.491099442062 0.781795113689 
13.502964489192 0.784054224216 
13.514827232855 0.786328341283 
13.526687670578 0.788617589195 
13.538545806697 0.790922094094 
13.550401599418 0.793241973602 
13.562255007239 0.795577345658 
13.574106022422 0.797928335165 
13.585954651694 0.800295070347 
13.597800879941 0.802677675506 
13.609644679152 0.805076272670 
13.621486008390 0.807490981483 
13.633324865379 0.809921929709 
13.645161230155 0.812369241827 
13.656995074206 0.814833040777 
13.668826395629 0.817313455278 
13.680655164614 0.819810608471 
13.692481371313 0.822324627889 
13.704305010629 0.824855642333 
13.716126070521 0.827403779359 
13.727944504425 0.829969159210 
13.739760291559 0.832551907743 
13.751573427961 0.835152154641 
13.763383905735 0.837770028913 
13.775191714688 0.840405659208 
13.786996802634 0.843059164839 
13.798799165311 0.845730675835 
13.810598782438 0.848420318699 
13.822395653676 0.851128224534 
13.834189748070 0.853854517479 
13.845981069725 0.856599329759 
13.857769596633 0.859362787593 
13.869555280677 0.862145010959 
13.881338138064 0.864946134906 
13.893118163439 0.867766289485 
13.904895324633 0.870605598263 
13.916669594650 0.873464185877 
13.928440980733 0.876342185182 
13.940209458504 0.879239721286 
13.951975016787 0.882156922390 
13.963737652602 0.885093918648 
13.975497345853 0.888050835844 
13.987254080979 0.891027800724 
13.999007863268 0.894024945194 
14.010758673382 0.897042394800 
14.022506445686 0.900080262873 
14.034251222148 0.903138690264 
14.045992982904 0.906217801813 
14.057731703483 0.909317720895 
14.069467413409 0.912438585005 
14.081200097180 0.915580519691 
14.092929674254 0.918743632707 
14.104656206061 0.921928069738 
14.116379666219 0.925133952803 
14.128100044724 0.928361408132 
14.139817322486 0.931610559273 
14.151531530149 0.934881543453 
14.163242617773 0.938174475350 
14.174950608739 0.941489489957 
14.186655507848 0.944826717065 
14.198357251757 0.948186266802 
14.210055913678 0.951568288242 
14.221751439237 0.954972893757 
14.233443810144 0.958400205751 
14.245133051458 0.961850359204 
14.256819173610 0.965323484844 
14.268502136792 0.968819698309 
14.280181972429 0.972339136309 
14.291858709243 0.975881934910 
14.303532260295 0.979448194926 
14.315202675500 0.983038058530 
14.326869962809 0.986651655268 
14.338534084109 0.990289100311 
14.350195109485 0.993950542525 
14.361852986412 0.997636092575 
14.373507717920 1.001345878396 
14.385159364939 1.005080046610 
14.396807859534 1.008838702797 
14.408453221401 1.012621980534 
14.420095533346 1.016430034374 
14.431734702488 1.020262961772 
14.443370809573 1.024120917112 
14.455003821844 1.028004017710 
14.466633710367 1.031912381974 
14.478260595336 1.035846178719 
14.489884375901 1.039805502583 
14.501505087720 1.043790494251 
14.513122816041 1.047801312038 
14.524737462125 1.051838051135 
14.536349148617 1.055900883502 
14.547957831591 1.059989923681 
14.559563454595 1.064105281477 
14.571166165161 1.068247139280 
14.582765857176 1.072415589824 
14.594362604152 1.076610790072 
14.605956477367 1.080832897149 
14.617547389646 1.085082010929 
14.629135462685 1.089358307862 
14.640720604908 1.093661886554 
14.652302834913 1.097992886204 
14.663882315696 1.102351500946 
14.675458901712 1.106737809810 
14.687032686020 1.111151981804 
14.698603691326 1.115594160293 
14.710171917739 1.120064480586 
14.721737500708 1.124563131268 
14.733300274926 1.129090185092 
14.744860331691 1.133645815076 
14.756417782638 1.138230204188 
14.767972503693 1.142843443290 
14.779524669677 1.147485743221 
14.791074198664 1.152157213852 
14.802621138131 1.156858017991 
14.814165593480 1.161588343834 
14.825707478316 1.166348302510 
14.837246937177 1.171138101008 
14.848783897316 1.175957857716 
14.860318394309 1.180807736213 
14.871850523885 1.185687926147 
14.883380231656 1.190598554112 
14.894907663142 1.195539831483 
14.906432737928 1.200511873128 
14.917955551942 1.205514868826 
14.929476223778 1.210549018489 
14.940994561325 1.215614385670 
14.952510852895 1.220711243623 
14.964024919138 1.225839659743 
14.975536824229 1.230999807964 
14.987046765164 1.236191922666 
14.998554602997 1.241416087842 
15.010060498637 1.246672523135 
15.021564429738 1.251961366299 
15.033066464685 1.257282797434 
15.044566713217 1.262637017492 
15.056065002657 1.268024097074 
15.067561581123 1.273444303825 
15.079056370101 1.278897753795 
15.090549395199 1.284384611831 
15.102040922925 1.289905158610 
15.113530692370 1.295459422243 
15.125018942742 1.301047669761 
15.136505683508 1.306670057124 
15.147990887595 1.312326720343 
15.159474830146 1.318017942667 
15.170957230573 1.323743731165 
15.182438338609 1.329504352980 
15.193918235051 1.335299990753 
15.205396791944 1.341130719711 
15.216874304491 1.346996827710 
15.228350589909 1.352898358796 
15.239825762608 1.358835506849 
15.251299986234 1.364808491651 
15.262773130891 1.370817380218 
15.274245479100 1.376862454179 
15.285716838394 1.382943746161 
15.297187399779 1.389061489719 
15.308657388970 1.395215938545 
15.320126489388 1.401407055408 
15.331595042877 1.407635155161 
15.343062945948 1.413900312879 
15.354530239631 1.420202680457 
15.365997302847 1.426542596279 
15.377463747910 1.432919976996 
15.388929838785 1.439335098219 
15.400395658459 1.445788137642 
15.411861189866 1.452279217847 
15.423326721730 1.458808635959 
15.434791954711 1.465376357121 
15.446257138829 1.471982659197 
15.457722425738 1.478627766670 
15.469187626329 1.485311706789 
15.480653085678 1.492034815567 
15.492118623573 1.498797121508 
15.503584343362 1.505598814559 
15.515050621266 1.512440243625 
15.526517019411 1.519321268276 
15.537983929335 1.526242234643 
15.549451340136 1.533203242338 
15.560919161821 1.540204333798 
15.572387855793 1.547245879703 
15.583856972767 1.554327687030 
15.595326812692 1.561450013030 
15.606797635075 1.568613087104 
15.618269116532 1.575816770675 
15.629741607802 1.583061341208 
15.641214972591 1.590346769511 
15.652689275195 1.597673150930 
15.664164970989 1.605040832925 
15.675641491601 1.612449511324 
15.687119213417 1.619899489030 
15.698598277828 1.627390925034 
15.710078484909 1.634923760180 
15.721560229549 1.642498327352 
15.733043199170 1.650114498646 
15.744527548289 1.657772452488 
15.756013703329 1.665472549210 
15.767501096464 1.673214481014 
15.778990116504 1.680998570637 
15.790480805965 1.688824900435 
15.801973018990 1.696693411407 
15.813467142266 1.704604393776 
15.824962847600 1.712557634492 
15.836460248907 1.720553207283 
15.847959798150 1.728591409434 
15.859460868298 1.736671776251 
15.870963870220 1.744794555984 
15.882468850736 1.752959739100 
15.893975591330 1.761167124646 
15.905484444151 1.769416916854 
15.916995167973 1.777708902024 
15.928507773063 1.786043051012 
15.940022704724 1.794419660102 
15.951539381626 1.802838295579 
15.963058072834 1.811299153183 
15.974579195244 1.819802558984 
15.986102029825 1.828348024910 
15.997627006847 1.836935929656 
16.009154176819 1.845566399832 
16.020683263739 1.854239343751 
16.032214566441 1.862955125386 
16.043747954974 1.871713813599 
16.055283347105 1.880515534593 
16.066821001347 1.889360693513 
16.078360691200 1.898249341383 
16.089902439188 1.907181726731 
16.101446483724 1.916158268307 
16.112992552151 1.925178986587 
16.124540632624 1.934244093074 
16.136091165076 1.943354140406 
16.147643542564 1.952508841777 
16.159197980454 1.961708530825 
16.170754898040 1.970953680413 
16.182313626276 1.980243867617 
16.193874435481 1.989579383288 
16.205437736887 1.998960601682 
16.217002833936 2.008386965918 
16.228570124531 2.017858763729 
16.240139756143 2.027376046057 
16.251711256357 2.036938320426 
16.263284915317 2.046545688408 
16.274860860450 2.056198097798 
16.286438828368 2.065895158141 
16.298019108598 2.075636936539 
16.309601538887 2.085423135850 
16.321186041220 2.095253554466 
16.332772823848 2.105128274271 
16.344361899369 2.115047268150 
16.355952924121 2.125010270685 
16.367546334898 2.135017758778 
16.379141956195 2.145069769855 
16.390739660137 2.155166465774 
16.402339854646 2.165308557408 
16.413942184280 2.175496172138 
16.425546858746 2.185729996845 
16.437153938559 2.196010645375 
16.448763272421 2.206338583217 
16.460374954923 2.216714510459 
16.471989098293 2.227139138813 
16.483605660559 2.237613012362 
16.495224524113 2.248136550167 
16.506846097852 2.258710566050 
16.518470061759 2.269335113935 
16.530096336471 2.280010340357 
16.541725559702 2.290736913143 
16.553357139245 2.301514233064 
16.564991210759 2.312342225681 
16.576628380046 2.323221127525 
16.588267885748 2.334149797353 
16.599910008288 2.345127978061 
16.611555276635 2.356155604066 
16.623203019982 2.367231474875 
16.634853630432 2.378355424099 
16.646507424451 2.389527292912 
16.658163834448 2.400746188470 
16.669823138454 2.412012157340 
16.681485787922 2.423325569208 
16.693151200381 2.434685955876 
16.704819678948 2.446093851593 
16.716491647638 2.457550041944 
16.728166526143 2.469054431399 
16.739844515920 2.480607742338 
16.751526167779 2.492211056903 
16.763210879683 2.503864284956 
16.774898899848 2.515568088243 
16.786590721501 2.527323246873 
16.798285750243 2.539129289938 
16.809984142762 2.550986303159 
16.821686497129 2.562894617926 
16.833392204894 2.574853147434 
16.845101485821 2.586861454302 
16.856814853727 2.598919249237 
16.868531713735 2.611024998544 
16.880252210584 2.623177861238 
16.891976966968 2.635377487254 
16.903705349627 2.647622282899 
16.915437593742 2.659911652823 
16.927174218763 2.672245447910 
16.938914592485 2.684622498447 
16.950658895259 2.697042676158 
16.962407736397 2.709506502114 
16.974160439887 2.722013325862 
16.985917302127 2.734563668112 
16.997678834602 2.747158386741 
17.009444327373 2.759797094564 
17.021214051674 2.772478764020 
17.032988105170 2.785206118949 
17.044764186972 2.797975252386 
17.056542857728 2.810788411528 
17.068323860429 2.823643518734 
17.080107036104 2.836541498009 
17.091892655968 2.849480335361 
17.103680723298 2.862460629267 
17.115471023514 2.875479360015 
17.127263834677 2.888535517248 
17.139059220958 2.901628150142 
17.150856850918 2.914755392751 
17.162656954008 2.927915906572 
17.174459675457 2.941108250851 
17.186264793291 2.954330630807 
17.198072349961 2.967581638106 
17.209882598905 2.980860220167 
17.221695177275 2.994164774776 
17.233510166402 3.007494331855 
17.245327771777 3.020848187686 
17.257148028603 3.034225554614 
17.268970655835 3.047625368385 
17.280795828354 3.061047121250 
17.292623744075 3.074490344863 
17.304453978832 3.087953852865 
17.316286648905 3.101437018078 
17.328122257083 3.114939577171 
17.339960302232 3.128460049037 
17.351800678494 3.141997307146 
17.363643806971 3.155550730659 
17.375489623627 3.169119070396 
17.387337589068 3.182700477719 
17.399188128017 3.196294157990 
17.411041689513 3.209899333194 
17.422897382242 3.223513725296 
17.434755517829 3.237136468337 
17.446614649448 3.250764774456 
17.458475689181 3.264398628456 
17.470338242978 3.278036643167 
17.482202185217 3.291677860661 
17.494068690457 3.305322923722 
17.505937235490 3.318970671321 
17.517807725153 3.332620548865 
17.529681366795 3.346273581011 
17.541557446786 3.359928693592 
17.553436067085 3.373585800752 
17.565318451417 3.387246123208 
17.577203992065 3.400908816974 
17.589092733862 3.414573771269 
17.600985912908 3.428242189731 
17.612881679327 3.441911730065 
17.624779882279 3.455581922641 
17.636680642250 3.469252531353 
17.648583995863 3.482923141963 
17.660489684475 3.496592925475 
17.672397743483 3.510261315431 
17.684308310244 3.523927798441 
17.696221412385 3.537591679537 
17.708136677637 3.551251764153 
17.720054304700 3.564907473842 
17.731974428951 3.578558150350 
17.743897023810 3.592202958358 
17.755821865482 3.605840851384 
17.767749013746 3.619471125311 
17.779678525416 3.633093119014 
17.791610503943 3.646706288850 
17.803544594386 3.660309642445 
17.815480928268 3.673902794844 
17.827419898815 3.687485725093 
17.839361307413 3.701057845498 
17.851304837775 3.714618541051 
17.863250900805 3.728168091366 
17.875199581722 3.741706482667 
17.887150263817 3.755233011999 
17.899103368640 3.768748240841 
17.911058770898 3.782252213903 
17.923016563152 3.795745284696 
17.934976674841 3.809227687144 
17.946939204941 3.822699926267 
17.958904023096 3.836162343198 
17.970871066295 3.849615414660 
17.982840702210 3.863060118503 
17.994813053167 3.876497189069 
18.006787522905 3.889926621796 
18.018764404018 3.903349433247 
18.030744333205 3.916767007929 
18.042726257283 3.930178840910 
18.054708717412 3.943583979040 
18.066691111015 3.956982418799 
18.078673475198 3.970374831254 
18.090655980569 3.983761960394 
18.102638682211 3.997144349955 
18.114621413135 4.010522265247 
18.126603817474 4.023895744426 
18.138586042265 4.037265322004 
18.150568079317 4.050631280625 
18.162550115299 4.063994061998 
18.174532175375 4.077353921892 
18.186514418524 4.090711256908 
18.198496871213 4.104066280447 
18.210479622212 4.117419229126 
18.222462455119 4.130770000872 
18.234445383624 4.144118772669 
18.246428564780 4.157465886659 
18.258412032845 4.170811526918 
18.270395935108 4.184155983940 
18.282379616946 4.197498696264 
18.294363238627 4.210840024767 
18.306346788912 4.224180131774 
18.318330397062 4.237519283649 
18.330314114216 4.250857618821 
18.342298037595 4.264195309450 
18.354282323009 4.277532566686 
18.366266442570 4.290868791992 
18.378250271294 4.304203742544 
18.390233899075 4.317537351884 
18.402217401841 4.330869519524 
18.414200813799 4.344200079852 
18.426184289373 4.357528950335 
18.438167770015 4.370855772652 
18.450151387851 4.384180400759 
18.462134844857 4.397502271155 
18.474118111137 4.410821170135 
18.486101352576 4.424137142123 
18.498084491856 4.437450037926 
18.510067713465 4.450760122498 
18.522050785348 4.464067371605 
18.534033311097 4.477371730314 
18.546015244710 4.490673632088 
18.557996683604 4.503973763136 
18.569977686457 4.517272884454 
18.581958248225 4.530571801187 
18.593938530511 4.543871560033 
18.605918434443 4.557172924080 
18.617898140342 4.570476937627 
18.629877289925 4.583784038806 
18.641855556268 4.597094657768 
18.653832864680 4.610409392151 
18.665809265073 4.623728810712 
18.677784880358 4.637053396934 
18.689759652515 4.650383310588 
18.701733711967 4.663718808352 
18.713707099144 4.677059924381 
18.725679806454 4.690406513159 
18.737651823411 4.703758347571 
18.749622851455 4.717114884025 
18.761592758117 4.730475797354 
18.773561753452 4.743841156070 
18.785529817830 4.757210775401 
18.797496962433 4.770584518825 
18.809463361150 4.783962479599 
18.821428954696 4.797344557826 
18.833393268543 4.810730222750 
18.845355838552 4.824118923335 
18.857316787619 4.837510688117 
18.869276172151 4.850905403500 
18.881233917328 4.864302723523 
18.893190213118 4.877702445516 
18.905144982796 4.891103870084 
18.917098309109 4.904506258594 
18.929050399984 4.917908827619 
18.941000632442 4.931309741971 
18.952948536004 4.944707215307 
18.964893947083 4.958099698815 
18.976837056704 4.971485988669 
18.988777972407 4.984864829754 
19.000716539852 4.998234795628 
19.012653020819 5.011595072702 
19.024587466623 5.024944803526 
19.036519353420 5.038282728794 
19.048448469721 5.051608190681 
19.060374941265 5.064921161356 
19.072298687997 5.078221623394 
19.084219924716 5.091510079465 
19.096138775521 5.104787103174 
19.108054441073 5.118052409638 
19.119966325836 5.131306038589 
19.131874350463 5.144548627420 
19.143778784876 5.157781199417 
19.155679621892 5.171004524499 
19.167576953678 5.184219604504 
19.179471128001 5.197427897234 
19.191362022457 5.210630552071 
19.203249069265 5.223828448056 
19.215131589207 5.237022572534 
19.227009557748 5.250214864501 
19.238883307460 5.263407858163 
19.250753042853 5.276604056445 
19.262618776672 5.289805721656 
19.274480944444 5.303015417183 
19.286339715938 5.316235168109 
19.298193947157 5.329465235396 
19.310043876077 5.342706939925 
19.321889973339 5.355961307731 
19.333732205359 5.369228258255 
19.345571011359 5.382507765148 
19.357405924886 5.395798500363 
19.369235439665 5.409097855371 
19.381060113350 5.422405481958 
19.392879980842 5.435720567897 
19.404695445888 5.449042940609 
19.416507093809 5.462372945027 
19.428314949597 5.475710645856 
19.440117958631 5.489055204788 
19.451915594236 5.502406545913 
19.463707996605 5.515765363253 
19.475495781100 5.529132744911 
19.487279379514 5.542509292952 
19.499059028873 5.555895015378 
19.510833566274 5.569287965464 
19.522603552989 5.582687709614 
19.534369148211 5.596092990380 
19.546130938261 5.609502722281 
19.557888228511 5.622914235617 
19.569639555359 5.636324050967 
19.581385537887 5.649731232362 
19.593126902774 5.663135306134 
19.604863927823 5.676535727838 
19.616597335799 5.689932947791 
19.628325507899 5.703325375239 
19.640047937554 5.716713226032 
19.651764276577 5.730097375601 
19.663475383450 5.743480426566 
19.675182244766 5.756865419372 
19.686885938886 5.770255718699 
19.698582733041 5.783649497886 
19.710273007401 5.797049622671 
19.721957896645 5.810459835388 
19.733638434447 5.823883813174 
19.745315409150 5.837325013240 
19.756986770248 5.850783739202 
19.768651178657 5.864261086438 
19.780309769360 5.877760909350 
19.791963745938 5.891287111688 
19.803614106836 5.904843277776 
19.815258662007 5.918429191176 
19.826898279594 5.932047841398 
19.838534155763 5.945702292329 
19.850166757977 5.959394458348 
19.861793138469 5.973121967182 
19.873408352598 5.986879694264 
19.885013626514 6.000669089798 
19.896610522381 6.014491468251 
19.908200474256 6.028347544588 
19.919784582997 6.042237282812 
19.931363832880 6.056160309852 
19.942939531595 6.070116671436 
19.954512254580 6.084105811790 
19.966081694347 6.098126514299 
19.977647362934 6.112177800366 
19.989209922112 6.126260574542 
20.000770016860 6.140376245121 
20.012328574004 6.154526913332 
20.023885465636 6.168713518813 
20.035438572933 6.182934483896 
20.046986270482 6.197188473647 
20.058529491177 6.211476677624 
20.070066496055 6.225796459414 
20.081597563780 6.240147103132 
20.093121096567 6.254525414625 
20.104637356129 6.268930585435 
20.116147163160 6.283362847187 
20.127651507911 6.297823133900 
20.139150713792 6.312312143997 
20.150640860653 6.326825916705 
20.162123367691 6.341367182305 
20.173598969204 6.355937450613 
20.185068904092 6.370538107483 
20.196531445384 6.385165989088 
20.207984159982 6.399816180051 
20.219428366854 6.414487689207 
20.230864828960 6.429178568329 
20.242294793276 6.443887983577 
20.253719247174 6.458616064781 
20.265139826194 6.473365580596 
20.276557325837 6.488140330066 
20.287969665542 6.502942630284 
20.299377298334 6.517779827022 
20.310782144267 6.532662264014 
20.322185679183 6.547599985976 
20.333588756603 6.562601688393 
20.344993994261 6.577677107772 
20.356394231996 6.592821737182 
20.367786103312 6.608033839591 
20.379170809167 6.623315299464 
20.390546859804 6.638662364843 
20.401915870395 6.654073453380 
20.413278530659 6.669544090673 
20.424635921114 6.685068902373 
20.435984503184 6.700635463392 
20.447325602284 6.716237527968 
20.458660508443 6.731869251173 
20.469990961860 6.747526579185 
20.481317936708 6.763206320678 
20.492634928338 6.778897779957 
20.503943660800 6.794603849151 
20.515245458231 6.810328810115 
20.526542243435 6.826078886837 
20.537834969818 6.841859172344 
20.549125603157 6.857675146574 
20.560411746218 6.873524267713 
20.571695266850 6.889406849631 
20.582975947550 6.905317141989 
20.594256534569 6.921250510681 
20.605539377530 6.937199604247 
20.616823800256 6.953151921446 
20.628105350521 6.969090103052 
20.639379202415 6.984997765197 
20.650645547444 7.000867612038 
20.661905745959 7.016696485079 
20.673158812097 7.032480569114 
20.684405833616 7.048221122993 
20.695646292056 7.063919167762 
20.706882598480 7.079581123364 
20.718109645745 7.095204352438 
20.729328047020 7.110794786193 
20.740539737175 7.126360747138 
20.751744632829 7.141908200757 
20.762946299221 7.157447847259 
20.774145967530 7.172986609976 
20.785338491996 7.188521872871 
20.796523660548 7.204056106876 
20.807700924698 7.219589465168 
20.818873455660 7.235125326202 
20.830042863411 7.250663536177 
20.841208938859 7.266200531546 
20.852370146935 7.281730533249 
20.863526672759 7.297249998932 
20.874680431992 7.312757697895 
20.885832381264 7.328251171230 
20.896985892997 7.343731313321 
20.908142787491 7.359196948605 
20.919301812773 7.374642693931 
20.930455673246 7.390055197115 
20.941601848313 7.405427676960 
20.952741886135 7.420758827996 
20.963870890818 7.436039070827 
20.974991537135 7.451269208430 
20.986106020327 7.466449743582 
20.997215691662 7.481580370066 
21.008315350138 7.496652503996 
21.019405168072 7.511664659217 
21.030489800742 7.526620731009 
21.041572521247 7.541522068680 
21.052654991944 7.556367243461 
21.063741083476 7.571157115189 
21.074823040838 7.585877640997 
21.085896655321 7.600519809629 
21.096965612813 7.615085228049 
21.108033147677 7.629575861515 
21.119095190558 7.643986017938 
21.130150633587 7.658315285066 
21.141204635505 7.672571984185 
21.152262129013 7.686764442403 
21.163321822167 7.700893221273 
21.174390960090 7.714968461443 
21.185474856749 7.728996564457 
21.196577060425 7.742980428525 
21.207675330072 7.756891389312 
21.218773428367 7.770731143320 
21.229867786544 7.784491448450 
21.240954775906 7.798163417881 
21.252038991526 7.811747160169 
21.263123088848 7.825239916403 
21.274210286715 7.838639343999 
21.285299287988 7.851937885468 
21.296387591879 7.865126794611 
21.307479521971 7.878205047917 
21.318575667871 7.891167427935 
21.329673734568 7.904005683329 
21.340782972340 7.916723759786 
21.351891591528 7.929302779149 
21.362998313513 7.941735632078 
21.374106061570 7.954019157187 
21.385218162711 7.966149884175 
21.396330776074 7.978116867773 
21.407449507337 7.989918736262 
21.418575802519 8.001549638530 
21.429709417887 8.013002234396 
21.440847196526 8.024267149344 
21.451998659728 8.035347559180 
21.463156620833 8.046231837710 
21.474312393081 8.056909172354 
21.485469799303 8.067381759918 
21.496630800501 8.077651364339 
21.507801794428 8.087724726090 
21.518979502397 8.097601895605 
21.530158761972 8.107283135920 
21.541344520062 8.116777099973 
21.552538867369 8.126089153012 
21.563742398339 8.135222441268 
21.574948264610 8.144173854319 
21.586156023204 8.152944195018 
21.597368239381 8.161534961782 
21.608586094844 8.169945529645 
21.619815245293 8.178177630477 
21.631052637158 8.186227177328 
21.642291350383 8.194088998225 
21.653533433579 8.201764776587 
21.664779231821 8.209255176853 
21.676033200814 8.216562423878 
21.687297538650 8.223686236025 
21.698568324903 8.230622142711 
21.709849770526 8.237368789978 
21.721136776856 8.243917595404 
21.732432437467 8.250262387739 
21.743738317566 8.256394822539 
21.755051711489 8.262304332489 
21.766370729962 8.267981285238 
21.777691194368 8.273416568530 
21.789012481599 8.278604875091 
21.800338455873 8.283544814152 
21.811668180403 8.288235366355 
21.823003698622 8.292678742530 
21.834339056517 8.296876676882 
21.845670317605 8.300832913766 
21.857001529483 8.304553445492 
21.868331561552 8.308042472270 
21.879663276518 8.311304754114 
21.890993911993 8.314343203435 
21.902324314611 8.317160929081 
21.913658185174 8.319760839955 
21.924995330308 8.322144458787 
21.936336144830 8.324312795756 
21.947678496972 8.326266239535 
21.959018333356 8.328005430931 
21.970360365258 8.329531151394 
21.981705117077 8.330843625907 
21.993041074802 8.331944531438 
22.004371266726 8.332838378091 
22.015695280477 8.333530983104 
22.027016618602 8.334028635785 
22.038335412278 8.334338635804 
22.049657006842 8.334468393246 
22.060979784288 8.334425581387 
22.072302094027 8.334216845728 
22.083621083077 8.333848253557 
22.094935694607 8.333324797496 
22.106248720530 8.332649565021 
22.117564518431 8.331823809359 
22.128881307122 8.330849145527 
22.140206555779 8.329725325544 
22.151532303143 8.328454413623 
22.162858897160 8.327037096240 
22.174193011299 8.325471981124 
22.185523664230 8.323761858834 
22.196847089124 8.321907057354 
22.208169452751 8.319903046837 
22.219490339867 8.317745270094 
22.230815949056 8.315426082443 
22.242135067422 8.312943205418 
22.253445793344 8.310292271137 
22.264755343516 8.307466581178 
22.276066823850 8.304461610448 
22.287382273318 8.301275787573 
22.298703416869 8.297910935597 
22.310021271648 8.294376750223 
22.321343498872 8.290677287575 
22.332671563101 8.286817635091 
22.343988353878 8.282811406977 
22.355300200743 8.278660668954 
22.366610158709 8.274366126676 
22.377924057283 8.269923183108 
22.389243602681 8.265326264264 
22.400567260367 8.260570459095 
22.411885743184 8.255656068060 
22.423201569922 8.250578562471 
22.434522094295 8.245331295590 
22.445850581278 8.239911785998 
22.457187245659 8.234321540091 
22.468528497865 8.228566667453 
22.479873935851 8.222652553785 
22.491230088945 8.216579992853 
22.502590298542 8.210357645401 
22.513944934275 8.203997311719 
22.525297730432 8.197503808129 
22.536656582426 8.190880646642 
22.548017683963 8.184142500467 
22.559372390525 8.177311543923 
22.570725732602 8.170404447073 
22.582075190651 8.163446424908 
22.593429336409 8.156455750412 
22.604790405279 8.149453276628 
22.616155929374 8.142459732942 
22.627526106726 8.135489086142 
22.638901989286 8.128547875379 
22.650279334682 8.121639119661 
22.661648530673 8.114763473176 
22.673011559018 8.107910038146 
22.684377719662 8.101060759933 
22.695745356122 8.094205071412 
22.707124004014 8.087325238059 
22.718495697996 8.080428026044 
22.729858698554 8.073514358570 
22.741223554479 8.066583734115 
22.752590874666 8.059636801475 
22.763967757938 8.052671201049 
22.775352215257 8.045689532773 
22.786739734905 8.038692528620 
22.798139650085 8.031668264621 
22.809545113218 8.024616144653 
22.820938987193 8.017543980516 
22.832333859525 8.010436443454 
22.843726894380 8.003288927860 
22.855119875647 7.996096901610 
22.866500456007 7.988874510455 
22.877872802490 7.981630407923 
22.889246710841 7.974369274138 
22.900624007753 7.967100359294 
22.912005774988 7.959832247664 
22.923390873771 7.952571903411 
22.934784804381 7.945316360752 
22.946171779384 7.938076618246 
22.957540967576 7.930859175109 
22.968903356001 7.923653057826 
22.980262278164 7.916454788572 
22.991629145580 7.909260903888 
23.002984141851 7.902102632153 
23.014324472017 7.895005071787 
23.025661581360 7.887979383678 
23.037000935774 7.881033853946 
23.048351507244 7.874163616666 
23.059700086344 7.867368239313 
23.071053757594 7.860627325253 
23.082422221827 7.853919987798 
23.093774575772 7.847260140815 
23.105119194463 7.840640632403 
23.116469217143 7.834055704899 
23.127798612627 7.827530379669 
23.139107275758 7.821073635370 
23.150415215064 7.814679687785 
23.161721509287 7.808352469993 
23.173032691237 7.802086756227 
23.184340692066 7.795888538736 
23.195664092767 7.789746992840 
23.206965069559 7.783690759569 
23.218235859879 7.777734431900 
23.229476799891 7.771892359683 
23.240688702893 7.766179729886 
23.251871386633 7.760611009834 
23.263026398763 7.755196261188 
23.274152982261 7.749939862890 
23.285247931688 7.744838810157 
23.296311823580 7.739882749612 
23.307343842319 7.735064487432 
23.318345304690 7.730381068177 
23.329311677848 7.725836417377 
23.340244489349 7.721434175822 
23.351142251101 7.717183199905 
23.362006481209 7.713090249512 
23.372823005203 7.709164775874 
23.383593449802 7.705402112464 
23.394316277280 7.701793037850 
23.404996447025 7.698320022721 
23.415634037310 7.694965497012 
23.426231587308 7.691712875172 
23.436787773196 7.688551585434 
23.447307025047 7.685466669384 
23.457790127901 7.682461707858 
23.468238846039 7.679526155820 
23.478652444553 7.676662853219 
23.489034107021 7.673871775449 
23.499385674054 7.671150498319 
23.509707279658 7.668495491840 
23.519999173905 7.665902574078 
23.530262468300 7.663367225727 
23.540498463247 7.660885963077 
23.550708809463 7.658456857074 
23.560890982694 7.656081592915 
23.571044081585 7.653763764147 
23.581168822479 7.651507814304 
23.591264774773 7.649318027487 
23.601334496319 7.647195288286 
23.611375194646 7.645140277276 
23.621390335035 7.643150997249 
23.631378443832 7.641227125615 
23.641340718921 7.639367509327 
23.651276088711 7.637571930873 
23.661182124534 7.635841528906 
23.671057475455 7.634177628468 
23.680904706751 7.632580731587 
23.690717976656 7.631055209766 
23.700499103986 7.629605184985 
23.710251348182 7.628235670783 
23.719970370455 7.626954224135 
23.729659767810 7.625764968834 
23.739314460738 7.624672225209 
23.748940319896 7.623674930127 
23.758537773404 7.622769425733 
23.768106441909 7.621949048019 
23.777645275909 7.621205636746 
23.787157895885 7.620530050749 
23.796644541849 7.619915547830 
23.806109602647 7.619356232184 
23.815546979621 7.618849727912 
23.824966701365 7.618392670342 
23.834363009522 7.617987261826 
23.843743978377 7.617635909332 
23.853103201582 7.617345009124 
23.862443658545 7.617120147476 
23.871773247435 7.616967033528 
23.881086781320 7.616894501987 
23.890393127859 7.616908852406 
23.899678587514 7.617016525586 
23.908955653350 7.617215442498 
23.918226763253 7.617500306920 
23.927492968512 7.617864370352 
23.936749783770 7.618301610787 
23.946000169575 7.618806986063 
23.955245848020 7.619376697240 
23.964498397261 7.620007071872 
23.973742580930 7.620698777078 
23.982986017094 7.621453185855 
23.992233136565 7.622272367015 
24.001479282239 7.623159304390 
24.010735564621 7.624115461068 
24.019985032901 7.625142459859 
24.029237932562 7.626241224466 
24.038498743934 7.627412171388 
24.047773208852 7.628654879448 
24.057050526980 7.629967934126 
24.066339003342 7.631349644347 
24.075632589834 7.632799278925 
24.084938175852 7.634317620542 
24.094263432677 7.635904397558 
24.103587426109 7.637557145686 
24.112921143618 7.639274232412 
24.122271016276 7.641053619852 
24.131642640168 7.642894367876 
24.141024425763 7.644796845010 
24.150424417615 7.646764500137 
24.159836152586 7.648798474713 
24.169264699065 7.650898278788 
24.178718803632 7.653060721790 
24.188180389761 7.655278944669 
24.197656321003 7.657548903147 
24.207152936917 7.659866445128 
24.216680732902 7.662228330588 
24.226223085468 7.664629694980 
24.235784057120 7.667070664465 
24.245363268560 7.669552467864 
24.254964487496 7.672076646448 
24.264594315900 7.674643135860 
24.274240981656 7.677254294362 
24.283904402070 7.679899615064 
24.293590515139 7.682586280466 
24.303309445128 7.685302386603 
24.313050952335 7.688048964538 
24.322809899709 7.690816232312 
24.332588526725 7.693599441176 
24.342395226277 7.696397049281 
24.352231917377 7.699208004838 
24.362091322658 7.702030700646 
24.371968810715 7.704864171943 
24.381870313083 7.707708426669 
24.391803446028 7.710557012888 
24.401765828226 7.713418071351 
24.411745492951 7.716280864800 
24.421746365070 7.719155227358 
24.431777614588 7.722039443632 
24.441841553080 7.724933833167 
24.451929513116 7.727838958399 
24.462039633099 7.730757346470 
24.472175110676 7.733691317769 
24.482342605020 7.736640515059 
24.492542450087 7.739599897479 
24.502761088399 7.742560897738 
24.513003398700 7.745518014633 
24.523277782557 7.748467635178 
24.533586227719 7.751407533538 
24.543920800506 7.754335914586 
24.554278744933 7.757252743673 
24.564664372630 7.760159109836 
24.575085121050 7.763055095279 
24.585536552509 7.765936996956 
24.596011261476 7.768798762874 
24.606512432733 7.771634242943 
24.617046070403 7.774438670534 
24.627614602289 7.777211486279 
24.638208152379 7.779957403605 
24.648826650891 7.782687539521 
24.659476302089 7.785413883532 
24.670164888728 7.788143793034 
24.680879900032 7.790876140921 
24.691624350544 7.793606050594 
24.702396228098 7.796324993978 
24.713200467560 7.799026127549 
24.724039685710 7.801705454673 
24.734902115407 7.804361975438 
24.745792341402 7.806999034697 
24.756715880284 7.809619586469 
24.767668293218 7.812223992249 
24.778638564330 7.814809555691 
24.789619808849 7.817370338699 
24.800609207371 7.819897527111 
24.811617467150 7.822382612544 
24.822631937560 7.824819987862 
24.833652415116 7.827212837614 
24.844680973246 7.829568663699 
24.855719455135 7.831893708626 
24.866767065861 7.834189077990 
24.877826701239 7.836450786717 
24.888900575091 7.838671563653 
24.899986793681 7.840842689670 
24.911091101031 7.842954653072 
24.922209849099 7.844997239504 
24.933351258922 7.846961844502 
24.944507482622 7.848842316315 
24.955687082735 7.850636148771 
24.966885917628 7.852343010648 
24.978108010734 7.853964378167 
24.989353789798 7.855502516739 
25.000622590894 7.856960680302 
25.011919683280 7.858343270358 
25.023240151734 7.859657632916 
25.034591109210 7.860913405947 
25.045966565986 7.862122043799 
25.057374282530 7.863293359524 
25.068809010265 7.864434090628 
25.080276369507 7.865544867177 
25.091772831030 7.866622073652 
25.103303474276 7.867661794305 
25.114865124912 7.868668221299 
25.126461129403 7.869657461643 
25.138089497537 7.870656991672 
25.149753539929 7.871698046057 
25.161451203481 7.872807402043 
25.173163582739 7.874003121404 
25.184876410990 7.875292695193 
25.196591768829 7.876676022722 
25.208308932850 7.878153541621 
25.220030409709 7.879732363050 
25.231755490078 7.881428004370 
25.243486151849 7.883261809268 
25.255220733455 7.885256569442 
25.266952903138 7.887430572546 
25.278682825175 7.889792810422 
25.290409384850 7.892341019643 
25.302132826772 7.895063858871 
25.313851896402 7.897946173290 
25.325566950945 7.900974197005 
25.337277640940 7.904138112197 
25.348983812322 7.907433148733 
25.360684918553 7.910859000282 
25.372381665690 7.914418018122 
25.384073579550 7.918111805014 
25.395760015388 7.921938387024 
25.407441788997 7.925891926785 
25.419118335613 7.929964932942 
25.430790282078 7.934151682301 
25.442457529903 7.938449435270 
25.454119628658 7.942858317852 
25.465777629489 7.947378660725 
25.477430699616 7.952006257720 
25.489077918602 7.956730256740 
25.500720649052 7.961532765574 
25.512358102662 7.966389623467 
25.523989370531 7.971275469086 
25.535615503535 7.976169289837 
25.547235307836 7.981058034754 
25.558847864293 7.985939238569 
25.570454114963 7.990819006615 
25.582053162906 7.995706717864 
25.593644064969 8.000610597117 
25.605227648614 8.005533710412 
25.616802972920 8.010471605482 
25.628369084326 8.015414566433 
25.639927607528 8.020351608824 
25.651477398699 8.025272897875 
25.663017414907 8.030173061195 
25.674548721722 8.035051796947 
25.686070512706 8.039910817891 
25.697583431196 8.044751720938 
25.709088140739 8.049573667291 
25.720584403980 8.054372639056 
25.732073048402 8.059143342319 
25.743553636370 8.063882316068 
25.755029786275 8.068591356464 
25.766499697087 8.073275329190 
25.777965418512 8.077942714473 
25.789429826734 8.082601365503 
25.800891161637 8.087253530427 
25.812355044894 8.091896332322 
25.823820410386 8.096519091176 
25.835283803587 8.101106164727 
25.846745312794 8.105640801538 
25.858203436166 8.110108622085 
25.869661903175 8.114502227665 
25.881121329228 8.118819572959 
25.892584238914 8.123064006544 
25.904051928678 8.127240382750 
25.915525609511 8.131350556058 
25.927006530055 8.135392717858 
25.938498951378 8.139364156932 
25.949999008192 8.143262148930 
25.961509798590 8.147088021595 
25.973034806869 8.150846024074 
25.984567618168 8.154540377429 
25.996113677189 8.158175996301 
26.007672001063 8.161758132472 
26.019242290838 8.165295402705 
26.030804425705 8.168799671090 
26.042359348861 8.172289979924 
26.053910231816 8.175786948440 
26.065458764882 8.179310786771 
26.077005679385 8.182877475222 
26.088555450335 8.186493541546 
26.100109417508 8.190153538615 
26.111669306293 8.193842976172 
26.123238835699 8.197541725932 
26.134819846042 8.201230045153 
26.146411943526 8.204896982323 
26.158010095966 8.208544177994 
26.169617819392 8.212186722215 
26.181236381622 8.215845880029 
26.192865894402 8.219539209321 
26.204509289246 8.223273087456 
26.216167639872 8.227039158211 
26.227841505823 8.230815176910 
26.239528322881 8.234569182664 
26.251212169533 8.238268241175 
26.262892293604 8.241890517199 
26.274569474596 8.245428421297 
26.286243099837 8.248886871616 
26.297910554631 8.252274035427 
26.309573778364 8.255594365377 
26.321232008444 8.258848516379 
26.332886108159 8.262035730215 
26.344535349073 8.265153921330 
26.356177081980 8.268199929073 
26.367813369307 8.271170297394 
26.379443447278 8.274063871318 
26.391068475798 8.276882372793 
26.402687005325 8.279625657528 
26.414296990679 8.282289614607 
26.425900490353 8.284867019228 
26.437496741129 8.287348579866 
26.449087347040 8.289725776212 
26.460669774683 8.291996313502 
26.472242976483 8.294168180895 
26.483808888852 8.296256908079 
26.495366838447 8.298277628290 
26.506918091906 8.300239187227 
26.518460441094 8.302145911859 
26.529993353716 8.303999988459 
26.541518568848 8.305800413066 
26.553035480297 8.307544270878 
26.564544673819 8.309232312315 
26.576044651913 8.310874172107 
26.587535594418 8.312485388701 
26.599018793760 8.314079247326 
26.610493060530 8.315662821349 
26.621959066354 8.317237525313 
26.633415794765 8.318799521318 
26.644864632149 8.320338800779 
26.656305994474 8.321844632459 
26.667736688846 8.323313736038 
26.679159221917 8.324747975145 
26.690572606944 8.326147286222 
26.701978980043 8.327506945516 
26.713375902154 8.328822587034 
26.724762936017 8.330091917407 
26.736142028451 8.331314276133 
26.747510734388 8.332493717042 
26.758870674059 8.333639647141 
26.770221227248 8.334764457078 
26.781564584601 8.335877918052 
26.792898683660 8.336985596191 
26.804220158017 8.338088300467 
26.815533086607 8.339180724444 
26.826837005702 8.340254082582 
26.838131868644 8.341295411505 
26.849415899957 8.342285126158 
26.860690801746 8.343197073210 
26.871957946784 8.344007353750 
26.883212911267 8.344705690474 
26.894459011236 8.345297317742 
26.905695324791 8.345803551068 
26.916924834365 8.346253736714 
26.928144505807 8.346674454356 
26.939354349094 8.347074090327 
26.950557012050 8.347437076943 
26.961749546910 8.347733360288 
26.972934495484 8.347928667647 
26.984111825580 8.347996807895 
26.995285150916 8.347928957898 
27.006451844308 8.347740723886 
27.017608032431 8.347460787030 
27.028759424903 8.347108441454 
27.039906325441 8.346686303207 
27.051049848316 8.346182167672 
27.062187998264 8.345579708035 
27.073322620516 8.344863246373 
27.084456269917 8.344024632743 
27.095586561957 8.343073944692 
27.106715931877 8.342038283735 
27.117844549124 8.340953027178 
27.128977684081 8.339841682343 
27.140112645129 8.338708820333 
27.151247042833 8.337540542144 
27.162386005894 8.336311457394 
27.173529960514 8.334997459570 
27.184681003654 8.333582761467 
27.195839086319 8.332071185422 
27.207006325173 8.330488123990 
27.218184776879 8.328872558100 
27.229372290398 8.327264025743 
27.240572394367 8.325687755843 
27.251786988481 8.324152322310 
27.263019385548 8.322646350197 
27.274268342746 8.321142608750 
27.285534183810 8.319606329143 
27.296820345309 8.318011078086 
27.308126860677 8.316355296667 
27.319457321873 8.314661388072 
27.330812203167 8.312965581176 
27.342188897522 8.311300082057 
27.353591724826 8.309676127505 
27.365023423647 8.308084387836 
27.376483229607 8.306498735588 
27.387971475508 8.304878536811 
27.399491490989 8.303180985105 
27.411036271938 8.301389246114 
27.422605169851 8.299518688590 
27.434205973654 8.297605594687 
27.445848270051 8.295687853346 
27.457520999725 8.293793645799 
27.469230781140 8.291917260334 
27.480976403590 8.290038802511 
27.492759680911 8.288136178300 
27.504573225269 8.286197177508 
27.516416789626 8.284217028928 
27.528289202709 8.282201766342 
27.540188093504 8.280164837008 
27.552113215546 8.278123006877 
27.564060338206 8.276092537822 
27.576003723213 8.274087911795 
27.587946662425 8.272102692733 
27.599889937234 8.270131245803 
27.611830542033 8.268175669986 
27.623768958414 8.266241748795 
27.635706376642 8.264337975487 
27.647642035596 8.262473506882 
27.659575270324 8.260654864352 
27.671505915989 8.258884097274 
27.683433828280 8.257155343702 
27.695359047152 8.255453727904 
27.707282407203 8.253759351960 
27.719203050013 8.252055274375 
27.731119320441 8.250330891594 
27.743032896645 8.248579505115 
27.754943462033 8.246800607130 
27.766849754533 8.245000262258 
27.778750681602 8.243190671730 
27.790647532516 8.241387335594 
27.802541075986 8.239603203294 
27.814427747768 8.237846461627 
27.826307092479 8.236117655823 
27.838177025400 8.234408442564 
27.850040615942 8.232699764450 
27.861899621417 8.230967868533 
27.873754472299 8.229189766212 
27.885605606931 8.227351192536 
27.897450764218 8.225448716468 
27.909289413814 8.223484227684 
27.921123539101 8.221464946836 
27.932951046405 8.219402083369 
27.944773328751 8.217301242429 
27.956594386615 8.215163893411 
27.968413171293 8.212992626688 
27.980230612508 8.210786315959 
27.992043751653 8.208543652551 
28.003851633652 8.206263924720 
28.015655521135 8.203946761791 
28.027450375774 8.201595554629 
28.039240492024 8.199211356077 
28.051026855574 8.196797847939 
28.062812978363 8.194357934355 
28.074597760426 8.191896704487 
28.086382025025 8.189421555872 
28.098166371177 8.186941655385 
28.109946663352 8.184464001054 
28.121724928634 8.181986424940 
28.133498780447 8.179502986637 
28.145271506488 8.176998397114 
28.157042475095 8.174451579968 
28.168808937158 8.171839826623 
28.180573940148 8.169140997926 
28.192337815287 8.166342075717 
28.204101808800 8.163441430787 
28.215868261514 8.160447671843 
28.227640666243 8.157373060558 
28.239414998326 8.154232517106 
28.251188596182 8.151039455550 
28.262958840443 8.147806438414 
28.274728047941 8.144540900389 
28.286493786886 8.141250228934 
28.298256051863 8.137941467968 
28.310017187830 8.134621549929 
28.321778418891 8.131296663423 
28.333539257618 8.127970458130 
28.345304202679 8.124640910602 
28.357072248583 8.121306858099 
28.368842933297 8.117966574613 
28.380615639423 8.114619301057 
28.392395181372 8.111261729476 
28.404179140212 8.107893235745 
28.415963688849 8.104513224201 
28.427751564171 8.101119153468 
28.439542695249 8.097712802381 
28.451340879724 8.094296272299 
28.463142606782 8.090877873909 
28.474952546044 8.087464646650 
28.486770276960 8.084065819867 
28.498591527537 8.080689280010 
28.510416535056 8.077337876268 
28.522246659748 8.074012329322 
28.534083118518 8.070710801332 
28.545927274481 8.067427346396 
28.557777030396 8.064154071418 
28.569636027243 8.060877301194 
28.581503317373 8.057583071084 
28.593382319006 8.054255301919 
28.605268281494 8.050884788228 
28.617162550040 8.047463942561 
28.629049856682 8.043999518040 
28.640920272803 8.040503498578 
28.652782738055 8.036984668928 
28.664639722463 8.033459305521 
28.676488972780 8.029947772898 
28.688342091377 8.026460582482 
28.700197715136 8.023010354738 
28.712060430778 8.019601573727 
28.723934889112 8.016231734524 
28.735830312743 8.012891283420 
28.747747183162 8.009572718139 
28.759673009609 8.006275800317 
28.771622480413 8.002989608909 
28.783599468421 7.999708927498 
28.795600841926 7.996432556905 
28.807611662313 7.993166101464 
28.819629440550 7.989908869630 
28.831659273292 7.986654503898 
28.843694698856 7.983402304959 
28.855742772900 7.980147628329 
28.867799337077 7.976894541731 
28.879867293169 7.973647450873 
28.891943873877 7.970416103723 
28.904030426674 7.967210697891 
28.916126450456 7.964042139100 
28.928233787268 7.960916792618 
28.940342104331 7.957842528780 
28.952454118194 7.954816752526 
28.964570290461 7.951832864082 
28.976692243882 7.948881728766 
28.988819613001 7.945955737874 
29.000950859149 7.943050534926 
29.013088423434 7.940163772501 
29.025230078553 7.937297551305 
29.037376535434 7.934453375605 
29.049529139559 7.931631985997 
29.061680389571 7.928836526856 
29.073826663102 7.926066808287 
29.085965137195 7.923322314518 
29.098092563978 7.920605023533 
29.110207964420 7.917918064248 
29.122312830593 7.915263107082 
29.134408869788 7.912638237993 
29.146491003451 7.910039848514 
29.158559360694 7.907459338731 
29.170616765431 7.904887172283 
29.182663403965 7.902318224203 
29.194697886583 7.899751567505 
29.206720431024 7.897185933142 
29.218731943611 7.894615620494 
29.230732766257 7.892028890525 
29.242718592619 7.889412712079 
29.254690523373 7.886753266992 
29.266651584852 7.884039722255 
29.278601518033 7.881268887966 
29.290535244424 7.878447353690 
29.302456252653 7.875582595288 
29.314365410888 7.872683052557 
29.326264216923 7.869755238357 
29.338152664942 7.866804675444 
29.350031042547 7.863834596330 
29.361903596041 7.860843394482 
29.373764808354 7.857831739846 
29.385615922929 7.854795584288 
29.397460380207 7.851725673976 
29.409300342865 7.848609256982 
29.421131026246 7.845435406104 
29.432954818517 7.842190034285 
29.444774982038 7.838860345172 
29.456591916910 7.835440580982 
29.468407050841 7.831932649293 
29.480220503289 7.828346010720 
29.492030134828 7.824694291159 
29.503837428642 7.820988496196 
29.515647806703 7.817234438306 
29.527457198569 7.813437950936 
29.539264842429 7.809597608511 
29.551074096181 7.805705577710 
29.562887922000 7.801753271130 
29.574703452171 7.797737884670 
29.586524634974 7.793657228746 
29.598351599460 7.789513824296 
29.610191102079 7.785307563906 
29.622033269063 7.781048206910 
29.633880005978 7.776739461048 
29.645732508003 7.772385965398 
29.657595067402 7.767992952170 
29.669469670850 7.763566819600 
29.681349126162 7.759116860732 
29.693232832137 7.754646965245 
29.705122462227 7.750157746751 
29.717021905742 7.745646689711 
29.728931997580 7.741112354341 
29.740856139438 7.736551092204 
29.752790110307 7.731963796849 
29.764730142215 7.727353962433 
29.776682533729 7.722720646477 
29.788644797424 7.718066332766 
29.800621950266 7.713386826030 
29.812603917780 7.708684928224 
29.824589704747 7.703957750910 
29.836580601350 7.699201990274 
29.848576704957 7.694418054589 
29.860581926463 7.689607545127 
29.872592774606 7.684779131697 
29.884615297790 7.679937063080 
29.896640182453 7.675094139303 
29.908667266619 7.670255192916 
29.920695220760 7.665422247839 
29.932726961227 7.660593143695 
29.944765659745 7.655765203499 
29.956806746882 7.650941364215 
29.968855442382 7.646120269750 
29.980908684213 7.641307150089 
29.992965600446 7.636507129498 
30.005025771285 7.631721884689 
30.017090690972 7.626944850677 
30.029162523913 7.622162545070 
30.041237561248 7.617363734998 
30.053320841614 7.612536842208 
30.065406287315 7.607684132317 
30.077492681311 7.602811446372 
30.089581188625 7.597928456414 
30.101668185412 7.593050954245 
30.113758851715 7.588186641376 
30.125852522419 7.583339721660 
30.137951851766 7.578506270304 
30.150058020057 7.573679734337 
30.162166782382 7.568856688342 
30.174276474796 7.564032795387 
30.186385700434 7.559204169820 
30.198496211691 7.554367808293 
30.210609461716 7.549523752925 
30.222722627729 7.544675995742 
30.234841333260 7.539825337241 
30.246965337054 7.534978496673 
30.259094261870 7.530144181329 
30.271225959663 7.525331786101 
30.283358888938 7.520547691842 
30.295497833420 7.515791415086 
30.307640367864 7.511063927919 
30.319783094700 7.506362369824 
30.331926695078 7.501675859119 
30.344070388204 7.496992688655 
30.356216421302 7.492303010487 
30.368366166747 7.487603628037 
30.380518032488 7.482900145848 
30.392669971433 7.478204805237 
30.404821634984 7.473532298164 
30.416975254249 7.468894169857 
30.429131677927 7.464296262478 
30.441289669493 7.459737864446 
30.453448603888 7.455212341878 
30.465606308584 7.450711778803 
30.477764862464 7.446227983460 
30.489925239200 7.441759590466 
30.502086047363 7.437314324826 
30.514250481241 7.432902285479 
30.526418274016 7.428535080135 
30.538587880960 7.424219842259 
30.550759979696 7.419954336571 
30.562933435905 7.415729742185 
30.575108192696 7.411532775696 
30.587281114190 7.407352864125 
30.599452642211 7.403183727251 
30.611623226051 7.399027754517 
30.623793263401 7.394894985596 
30.635963562702 7.390798703130 
30.648134371178 7.386750792313 
30.660304340558 7.382758668838 
30.672474068771 7.378822220825 
30.684643779629 7.374935746085 
30.696814059991 7.371089652539 
30.708985540266 7.367272302913 
30.721155840884 7.363473073265 
30.733325213613 7.359681464085 
30.745493754854 7.355889595215 
30.757662137874 7.352091525047 
30.769830705235 7.348282129793 
30.781998901940 7.344456915693 
30.794164985690 7.340613843824 
30.806326288296 7.336755190120 
30.818482031495 7.332886502691 
30.830633168918 7.329015396070 
30.842781113000 7.325150146686 
30.854927795612 7.321296893042 
30.867070861259 7.317459087682 
30.879207426059 7.313634256188 
30.891338895257 7.309812531071 
30.903464448791 7.305983206012 
30.915586502149 7.302136562769 
30.927705261316 7.298270314651 
30.939822242208 7.294389612986 
30.951938683293 7.290506015559 
30.964055528591 7.286632776185 
30.976174229292 7.282778604640 
30.988296320021 7.278944042960 
31.000422615361 7.275122467967 
31.012539295929 7.271311928370 
31.024647082190 7.267506519070 
31.036746989247 7.263706404261 
31.048840337340 7.259918587956 
31.060928177678 7.256153716899 
31.073011383541 7.252420001294 
31.085091043487 7.248718112310 
31.097168134171 7.245040332405 
31.109243658373 7.241373493514 
31.121318521092 7.237704623805 
31.133393592269 7.234025924693 
31.145469942533 7.230336538666 
31.157548101487 7.226642165223 
31.169628859097 7.222951706931 
31.181713178705 7.219272824097 
31.193801678553 7.215608749965 
31.205895115683 7.211957017760 
31.217993985051 7.208311370342 
31.230099199194 7.204665149776 
31.242211293629 7.201014597702 
31.254330432439 7.197359346801 
31.266444445392 7.193706804045 
31.278555598524 7.190057034563 
31.290666023132 7.186407414219 
31.302778312557 7.182752953604 
31.314894490685 7.179088730998 
31.327016342808 7.175412911355 
31.339144691484 7.171728816554 
31.351276414961 7.168044779063 
31.363400482878 7.164373181534 
31.375519208316 7.160717421733 
31.387635092330 7.157075376637 
31.399749693236 7.153439706151 
31.411861996064 7.149800237659 
31.423974390001 7.146144070762 
31.436089293390 7.142460339359 
31.448208593873 7.138743237050 
31.460334487453 7.134992425306 
31.472468619284 7.131211798650 
31.484604282035 7.127410849658 
31.496733903525 7.123600074829 
31.508860041798 7.119785167329 
31.520985141089 7.115971347341 
31.533111511067 7.112163164385 
31.545241609173 7.108363796662 
31.557377662468 7.104574289478 
31.569520974039 7.100792969267 
31.581672201316 7.097015159111 
31.593832228733 7.093233596270 
31.605993742435 7.089444256482 
31.618158622603 7.085639627428 
31.630324301511 7.081815784061 
31.642491358455 7.077969216859 
31.654660412000 7.074097707362 
31.666831826088 7.070199233354 
31.679006104462 7.066270267530 
31.691183691187 7.062305468508 
31.703364447571 7.058298866752 
31.715543138640 7.054247777404 
31.727719507543 7.050148794846 
31.739893976337 7.045999795399 
31.752066115352 7.041801064489 
31.764235549812 7.037555429875 
31.776402701626 7.033268358250 
31.788567555720 7.028948665585 
31.800729601303 7.024607946348 
31.812889161132 7.020258268507 
31.825045926706 7.015910564197 
31.837199649749 7.011571529545 
31.849350726526 7.007241156317 
31.861498912872 7.002913462888 
31.873644326478 6.998578262962 
31.885787328560 6.994224065234 
31.897927299846 6.989841066631 
31.910064773272 6.985421626726 
31.922199262543 6.980961970461 
31.934330745418 6.976461447207 
31.946460120672 6.971922347638 
31.958586641494 6.967351006671 
31.970709964670 6.962754736614 
31.982831087027 6.958137963141 
31.994949576845 6.953501087077 
32.007066466713 6.948838441009 
32.019181757813 6.944142483513 
32.031291886683 6.939410558296 
32.043400099103 6.934642225095 
32.055507065672 6.929842581996 
32.067615392042 6.925015139053 
32.079724642603 6.920160339650 
32.091833480335 6.915273401505 
32.103942697264 6.910345115223 
32.116052206342 6.905368249178 
32.128162294280 6.900340491810 
32.140274291744 6.895264143050 
32.152387889764 6.890145396850 
32.164504821462 6.884989767634 
32.176624232991 6.879803836195 
32.188746246396 6.874594342994 
32.200872657157 6.869369278811 
32.213002998450 6.864139723726 
32.225138376939 6.858914417155 
32.237278113617 6.853698629644 
32.249422463175 6.848492333569 
32.261570494387 6.843293792128 
32.273723387602 6.838100525338 
32.285880909152 6.832912904228 
32.298044980323 6.827732272744 
32.310214613277 6.822563517035 
32.322385980719 6.817414712158 
32.334556932779 6.812294100752 
32.346727431508 6.807209459667 
32.358897431029 6.802168353268 
32.371064452698 6.797177470950 
32.383226672055 6.792238751362 
32.395384405638 6.787347607057 
32.407537879750 6.782495016132 
32.419685424814 6.777671180882 
32.431827632472 6.772866821393 
32.443964704849 6.768077608763 
32.456096472764 6.763305123672 
32.468223554346 6.758554639614 
32.480346341643 6.753832812046 
32.492465676442 6.749144614706 
32.504581455579 6.744492205489 
32.516694229939 6.739873328683 
32.528804771658 6.735282282034 
32.540911545688 6.730713229082 
32.553012057224 6.726161764727 
32.565106629644 6.721624815642 
32.577195600909 6.717102975960 
32.589279417090 6.712599751660 
32.601359430041 6.708119053879 
32.613435276269 6.703664477245 
32.625507622952 6.699236644150 
32.637577572811 6.694833024656 
32.649645849909 6.690448923204 
32.661713175474 6.686078494782 
32.673780483657 6.681715912555 
32.685849819988 6.677356254312 
32.697921142931 6.672998384851 
32.709995663120 6.668643793442 
32.722075155281 6.664296219196 
32.734160985744 6.659960909891 
32.746251614823 6.655644470118 
32.758342933773 6.651353034413 
32.770435661372 6.647087203931 
32.782530992022 6.642844121280 
32.794625606283 6.638621276046 
32.806719812513 6.634413943425 
32.818812773584 6.630218680925 
32.830905147483 6.626032869005 
32.842995938398 6.621856531501 
32.855085908273 6.617690471763 
32.867173867912 6.613537277270 
32.879259930205 6.609398710845 
32.891343700818 6.605275647984 
32.903424628615 6.601167443687 
32.915502866558 6.597071672442 
32.927576773634 6.592986201213 
32.939647038333 6.588907990237 
32.951712460360 6.584835307910 
32.963773056185 6.580766248326 
32.975828128179 6.576699866343 
32.987877425777 6.572636071485 
32.999920619309 6.568575844091 
33.011957231554 6.564520777982 
33.023986694938 6.560472492348 
33.036009442165 6.556431309613 
33.048024411432 6.552396622245 
33.060032553094 6.548365017626 
33.072032145782 6.544333191643 
33.084023049775 6.540297371911 
33.096003446809 6.536256423760 
33.107972435935 6.532211678421 
33.119930540956 6.528166491566 
33.131878477284 6.524125454108 
33.143815262737 6.520093536735 
33.155741030776 6.516073649814 
33.167657106703 6.512065901575 
33.179563081374 6.508068438817 
33.191459907548 6.504076631577 
33.203346662072 6.500086581126 
33.215226558306 6.496093820082 
33.227098010931 6.492098543672 
33.238962410937 6.488102405544 
33.250813956784 6.484112385167 
33.262656902090 6.480130914325 
33.274489538107 6.476161995081 
33.286312268941 6.472206529230 
33.298127091489 6.468262239388 
33.309933515419 6.464326565845 
33.321734476141 6.460394386433 
33.333527070548 6.456463375050 
33.345316978831 6.452528740110 
33.357101536588 6.448591139909 
33.368884834299 6.444648858241 
33.380665299459 6.440703428509 
33.392448873258 6.436752945789 
33.404232918827 6.432799323287 
33.416022664461 6.428841557661 
33.427816078844 6.424883408617 
33.439618240713 6.420926707714 
33.451430628559 6.416976145964 
33.463253666239 6.413037673024 
33.475080837278 6.409120234323 
33.486912916107 6.405228004091 
33.498751835462 6.401362317365 
33.510598409742 6.397522228750 
