     time       kinetic-energy 
 0.000000000000 0.026612082798 
 0.005000000000 0.026433119927 
 0.013250000000 0.026433010548 
 0.027000000000 0.026432856116 
 0.038724157114 0.026432742021 
 0.050485067291 0.026432639028 
 0.062277086782 0.026432544572 
 0.074095847057 0.026432456748 
 0.085930619017 0.026432374317 
 0.097776725413 0.026432296356 
 0.109634330909 0.026432222151 
 0.121503407344 0.026432151156 
 0.133383724399 0.026432082938 
 0.145274979711 0.026432017151 
 0.157176760614 0.026431953510 
 0.169088728733 0.026431891780 
 0.181010518463 0.026431831762 
 0.192941745203 0.026431773279 
 0.204881893164 0.026431716166 
 0.216830593757 0.026431660294 
 0.228787561453 0.026431605570 
 0.240752617946 0.026431551897 
 0.252725341265 0.026431499203 
 0.264705369859 0.026431447410 
 0.276692459798 0.026431396455 
 0.288686375542 0.026431346282 
 0.300686860581 0.026431296839 
 0.312693654637 0.026431248078 
 0.324706529041 0.026431199958 
 0.336725301264 0.026431152438 
 0.348749747932 0.026431105483 
 0.360779687222 0.026431059059 
 0.372814879302 0.026431013137 
 0.384855175039 0.026430967688 
 0.396900423215 0.026430922685 
 0.408950444498 0.026430878106 
 0.421005066241 0.026430833926 
 0.433064128781 0.026430790126 
 0.445127516939 0.026430746686 
 0.457195093367 0.026430703586 
 0.469266731557 0.026430660810 
 0.481342263569 0.026430618342 
 0.493421586754 0.026430576167 
 0.505504611982 0.026430534269 
 0.517591214385 0.026430492636 
 0.529681284653 0.026430451254 
 0.541774692873 0.026430410111 
 0.553871366499 0.026430369197 
 0.565971227215 0.026430328499 
 0.578074172472 0.026430288007 
 0.590180097287 0.026430247712 
 0.602288913007 0.026430207603 
 0.614400562818 0.026430167673 
 0.626514972359 0.026430127912 
 0.638632066380 0.026430088311 
 0.650751730233 0.026430048864 
 0.662873914279 0.026430009562 
 0.674998573741 0.026429970398 
 0.687125632764 0.026429931365 
 0.699255026162 0.026429892457 
 0.711386665140 0.026429853667 
 0.723520512832 0.026429814988 
 0.735656532432 0.026429776416 
 0.747794651227 0.026429737943 
 0.759934800475 0.026429699565 
 0.772076922724 0.026429661275 
 0.784220988709 0.026429623070 
 0.796366956901 0.026429584943 
 0.808514775030 0.026429546890 
 0.820664366244 0.026429508907 
 0.832815696462 0.026429470988 
 0.844968742424 0.026429433129 
 0.857123460262 0.026429395327 
 0.869279803545 0.026429357576 
 0.881437701952 0.026429319873 
 0.893596817772 0.026429282215 
 0.905756910779 0.026429244599 
 0.917917960847 0.026429207020 
 0.930079947988 0.026429169476 
 0.942242835534 0.026429131963 
 0.954406596950 0.026429094477 
 0.966571205550 0.026429057015 
 0.978736645904 0.026429019574 
 0.990902900993 0.026428982151 
 1.003069939340 0.026428944742 
 1.015237736646 0.026428907345 
 1.027406268452 0.026428869956 
 1.039575523182 0.026428832572 
 1.051745483862 0.026428795192 
 1.063916123986 0.026428757812 
 1.076087419713 0.026428720429 
 1.088259351161 0.026428683041 
 1.100431910008 0.026428645645 
 1.112605081174 0.026428608239 
 1.124778841873 0.026428570820 
 1.136953169098 0.026428533386 
 1.149128045396 0.026428495934 
 1.161303464610 0.026428458463 
 1.173479411180 0.026428420969 
 1.185655866034 0.026428383452 
 1.197832805221 0.026428345908 
 1.210010216621 0.026428308335 
 1.222188095554 0.026428270732 
 1.234366427827 0.026428233096 
 1.246545197099 0.026428195426 
 1.258724379750 0.026428157718 
 1.270903965749 0.026428119972 
 1.283083951648 0.026428082186 
 1.295264322752 0.026428044357 
 1.307445065450 0.026428006484 
 1.319626155228 0.026427968565 
 1.331807586166 0.026427930599 
 1.343989355722 0.026427892583 
 1.356171450553 0.026427854515 
 1.368353858839 0.026427816395 
 1.380536556708 0.026427778220 
 1.392719539158 0.026427739988 
 1.404902804668 0.026427701699 
 1.417086339600 0.026427663351 
 1.429270133789 0.026427624941 
 1.441454163375 0.026427586469 
 1.453638426075 0.026427547933 
 1.465822921132 0.026427509331 
 1.478007636135 0.026427470662 
 1.490192562576 0.026427431925 
 1.502377676672 0.026427393118 
 1.514562976780 0.026427354240 
 1.526748462801 0.026427315289 
 1.538934122400 0.026427276263 
 1.551119947733 0.026427237163 
 1.563305915994 0.026427197985 
 1.575492026870 0.026427158730 
 1.587678280835 0.026427119395 
 1.599864667039 0.026427079979 
 1.612051178911 0.026427040481 
 1.624237793674 0.026427000900 
 1.636424511008 0.026426961235 
 1.648611331885 0.026426921484 
 1.660798246070 0.026426881646 
 1.672985247549 0.026426841720 
 1.685172313996 0.026426801704 
 1.697359445817 0.026426761598 
 1.709546592085 0.026426721401 
 1.721733748042 0.026426681111 
 1.733920912725 0.026426640727 
 1.746108077502 0.026426600248 
 1.758295242682 0.026426559673 
 1.770482408596 0.026426519001 
 1.782669575596 0.026426478230 
 1.794856743889 0.026426437361 
 1.807043905508 0.026426396390 
 1.819231059344 0.026426355319 
 1.831418205825 0.026426314144 
 1.843605345398 0.026426272866 
 1.855792478532 0.026426231483 
 1.867979598563 0.026426189995 
 1.880166703152 0.026426148400 
 1.892353792812 0.026426106697 
 1.904540868077 0.026426064885 
 1.916727929501 0.026426022963 
 1.928914973602 0.026425980931 
 1.941101995104 0.026425938787 
 1.953288994597 0.026425896530 
 1.965475972691 0.026425854160 
 1.977662930016 0.026425811675 
 1.989849841675 0.026425769075 
 2.002036666269 0.026425726358 
 2.014223406766 0.026425683524 
 2.026410066198 0.026425640571 
 2.038596634314 0.026425597500 
 2.050783109588 0.026425554309 
 2.062969472404 0.026425510997 
 2.075155725954 0.026425467563 
 2.087341872780 0.026425424007 
 2.099527908898 0.026425380327 
 2.111713829809 0.026425336523 
 2.123899620327 0.026425292593 
 2.136085277763 0.026425248538 
 2.148270803035 0.026425204355 
 2.160456195040 0.026425160045 
 2.172641454426 0.026425115607 
 2.184826568182 0.026425071039 
 2.197011526148 0.026425026340 
 2.209196328205 0.026424981511 
 2.221380974725 0.026424936550 
 2.233565469456 0.026424891456 
 2.245749807429 0.026424846228 
 2.257933972051 0.026424800867 
 2.270117958736 0.026424755370 
 2.282301768670 0.026424709738 
 2.294485405763 0.026424663969 
 2.306668873734 0.026424618062 
 2.318852156477 0.026424572017 
 2.331035240646 0.026424525833 
 2.343218127715 0.026424479510 
 2.355400821749 0.026424433046 
 2.367583326872 0.026424386441 
 2.379765637520 0.026424339693 
 2.391947740252 0.026424292803 
 2.404129626396 0.026424245770 
 2.416311300156 0.026424198592 
 2.428492765796 0.026424151269 
 2.440674027636 0.026424103801 
 2.452855070877 0.026424056186 
 2.465035882509 0.026424008424 
 2.477216463095 0.026423960514 
 2.489396817028 0.026423912455 
 2.501576948755 0.026423864247 
 2.513756856489 0.026423815889 
 2.525936527511 0.026423767380 
 2.538115949523 0.026423718719 
 2.550295127036 0.026423669907 
 2.562474064618 0.026423620941 
 2.574652766892 0.026423571822 
 2.586831225288 0.026423522548 
 2.599009427444 0.026423473120 
 2.611187367795 0.026423423536 
 2.623365051020 0.026423373795 
 2.635542481852 0.026423323897 
 2.647719665083 0.026423273842 
 2.659896587163 0.026423223628 
 2.672073236241 0.026423173255 
 2.684249611549 0.026423122722 
 2.696425717926 0.026423072029 
 2.708601560266 0.026423021174 
 2.720777140981 0.026422970158 
 2.732952447116 0.026422918979 
 2.745127464685 0.026422867637 
 2.757302197194 0.026422816131 
 2.769476649635 0.026422764461 
 2.781650827055 0.026422712625 
 2.793824729278 0.026422660624 
 2.805998345510 0.026422608456 
 2.818171661003 0.026422556122 
 2.830344680838 0.026422503619 
 2.842517410155 0.026422450948 
 2.854689854147 0.026422398108 
 2.866862010853 0.026422345098 
 2.879033869816 0.026422291918 
 2.891205417847 0.026422238566 
 2.903376660172 0.026422185043 
 2.915547602070 0.026422131348 
 2.927718248879 0.026422077480 
 2.939888598431 0.026422023438 
 2.952058641111 0.026421969222 
 2.964228363247 0.026421914832 
 2.976397770204 0.026421860265 
 2.988566867398 0.026421805523 
 3.000735660306 0.026421750604 
 3.012904147470 0.026421695507 
 3.025072319666 0.026421640233 
 3.037240162154 0.026421584780 
 3.049407680431 0.026421529147 
 3.061574880051 0.026421473335 
 3.073741766621 0.026421417342 
 3.085908341013 0.026421361168 
 3.098074592504 0.026421304812 
 3.110240508100 0.026421248274 
 3.122406090943 0.026421191553 
 3.134571346717 0.026421134649 
 3.146736281160 0.026421077560 
 3.158900898556 0.026421020286 
 3.171065184797 0.026420962826 
 3.183229130577 0.026420905181 
 3.195392735422 0.026420847349 
 3.207556005142 0.026420789330 
 3.219718945603 0.026420731122 
 3.231881562725 0.026420672726 
 3.244043844117 0.026420614141 
 3.256205783006 0.026420555366 
 3.268367373186 0.026420496401 
 3.280528620592 0.026420437245 
 3.292689531214 0.026420377897 
 3.304850111094 0.026420318357 
 3.317010353656 0.026420258624 
 3.329170252576 0.026420198698 
 3.341329795302 0.026420138578 
 3.353488987890 0.026420078263 
 3.365647836452 0.026420017753 
 3.377806347152 0.026419957047 
 3.389964520838 0.026419896144 
 3.402122347021 0.026419835045 
 3.414279815189 0.026419773747 
 3.426436926205 0.026419712252 
 3.438593686299 0.026419650558 
 3.450750101755 0.026419588664 
 3.462906178910 0.026419526570 
 3.475061904916 0.026419464275 
 3.487217275105 0.026419401779 
 3.499372281356 0.026419339081 
 3.511526930016 0.026419276181 
 3.523681227487 0.026419213077 
 3.535835180221 0.026419149770 
 3.547988785336 0.026419086259 
 3.560142036103 0.026419022542 
 3.572294919655 0.026418958620 
 3.584447439240 0.026418894492 
 3.596599601372 0.026418830158 
 3.608751412620 0.026418765615 
 3.620902879602 0.026418700865 
 3.633053987693 0.026418635907 
 3.645204733982 0.026418570739 
 3.657355110106 0.026418505362 
 3.669505122691 0.026418439774 
 3.681654778416 0.026418373975 
 3.693804084012 0.026418307965 
 3.705953037487 0.026418241743 
 3.718101631212 0.026418175307 
 3.730249854739 0.026418108659 
 3.742397708891 0.026418041796 
 3.754545200458 0.026417974719 
 3.766692336278 0.026417907427 
 3.778839123239 0.026417839919 
 3.790985549724 0.026417772195 
 3.803131473927 0.026417704254 
 3.815276830935 0.026417636097 
 3.827421631793 0.026417567723 
 3.839565887620 0.026417499131 
 3.851709590450 0.026417430321 
 3.863852732847 0.026417361292 
 3.875995326015 0.026417292044 
 3.888137348707 0.026417222576 
 3.900278806363 0.026417152887 
 3.912419710266 0.026417082976 
 3.924560071774 0.026417012844 
 3.936699869690 0.026416942490 
 3.948839109784 0.026416871912 
 3.960977797112 0.026416801111 
 3.973115910727 0.026416730085 
 3.985253462071 0.026416658835 
 3.997390462661 0.026416587359 
 4.009526917259 0.026416515658 
 4.021662805633 0.026416443729 
 4.033798139377 0.026416371574 
 4.045932912185 0.026416299190 
 4.058067114471 0.026416226578 
 4.070200757906 0.026416153738 
 4.082333854236 0.026416080667 
 4.094466398363 0.026416007366 
 4.106598379870 0.026415933835 
 4.118729810578 0.026415860072 
 4.130860675023 0.026415786077 
 4.142990972677 0.026415711849 
 4.155120715433 0.026415637388 
 4.167249915256 0.026415562693 
 4.179378557754 0.026415487764 
 4.191506641753 0.026415412599 
 4.203634179291 0.026415337199 
 4.215761146539 0.026415261563 
 4.227887551324 0.026415185689 
 4.240013405758 0.026415109578 
 4.252138722017 0.026415033229 
 4.264263478862 0.026414956641 
 4.276387681914 0.026414879814 
 4.288511341728 0.026414802747 
 4.300634431632 0.026414725439 
 4.312756963880 0.026414647890 
 4.324878950794 0.026414570099 
 4.337000404757 0.026414492066 
 4.349121298218 0.026414413789 
 4.361241643049 0.026414335269 
 4.373361444850 0.026414256504 
 4.385480681882 0.026414177495 
 4.397599366605 0.026414098240 
 4.409717511541 0.026414018739 
 4.421835126133 0.026413938990 
 4.433952185186 0.026413858995 
 4.446068701291 0.026413778751 
 4.458184677132 0.026413698259 
 4.470300093768 0.026413617517 
 4.482414963856 0.026413536526 
 4.494529300112 0.026413455284 
 4.506643109066 0.026413373790 
 4.518756368370 0.026413292045 
 4.530869090804 0.026413210047 
 4.542981277138 0.026413127796 
 4.555092910324 0.026413045291 
 4.567204003207 0.026412962532 
 4.579314568690 0.026412879518 
 4.591424612897 0.026412796248 
 4.603534113817 0.026412712722 
 4.615643084416 0.026412628938 
 4.627751525510 0.026412544898 
 4.639859419883 0.026412460598 
 4.651966780562 0.026412376041 
 4.664073620627 0.026412291223 
 4.676179946325 0.026412206145 
 4.688285735453 0.026412120806 
 4.700391001150 0.026412035206 
 4.712495745358 0.026411949344 
 4.724599949709 0.026411863219 
 4.736703627404 0.026411776830 
 4.748806791692 0.026411690178 
 4.760909451381 0.026411603260 
 4.773011581637 0.026411516077 
 4.785113195765 0.026411428628 
 4.797214298599 0.026411340912 
 4.809314868756 0.026411252929 
 4.821414919600 0.026411164678 
 4.833514464540 0.026411076158 
 4.845613515517 0.026410987368 
 4.857712044493 0.026410898309 
 4.869810064934 0.026410808978 
 4.881907585929 0.026410719377 
 4.894004581817 0.026410629503 
 4.906101066117 0.026410539356 
 4.918197052389 0.026410448936 
 4.930292554234 0.026410358242 
 4.942387545922 0.026410267273 
 4.954482037033 0.026410176028 
 4.966576041218 0.026410084508 
 4.978669529489 0.026409992710 
 4.990762514156 0.026409900635 
 5.002855008924 0.026409808282 
 5.014947027530 0.026409715650 
 5.027038550109 0.026409622738 
 5.039129580311 0.026409529546 
 5.051220131925 0.026409436073 
 5.063310182988 0.026409342319 
 5.075399738768 0.026409248282 
 5.087488813099 0.026409153962 
 5.099577419853 0.026409059358 
 5.111665547500 0.026408964470 
 5.123753191289 0.026408869297 
 5.135840365135 0.026408773837 
 5.147927055455 0.026408678092 
 5.160013259021 0.026408582059 
 5.172098989794 0.026408485738 
 5.184184261763 0.026408389128 
 5.196269072304 0.026408292229 
 5.208353407702 0.026408195040 
 5.220437281989 0.026408097560 
 5.232520691783 0.026407999789 
 5.244603623648 0.026407901725 
 5.256686091659 0.026407803369 
 5.268768109917 0.026407704718 
 5.280849687300 0.026407605774 
 5.292930798536 0.026407506534 
 5.305011457767 0.026407406998 
 5.317091671715 0.026407307166 
 5.329171418057 0.026407207037 
 5.341250709650 0.026407106609 
 5.353329560695 0.026407005883 
 5.365407985415 0.026406904857 
 5.377485959804 0.026406803531 
 5.389563491440 0.026406701904 
 5.401640593410 0.026406599975 
 5.413717243942 0.026406497744 
 5.425793449074 0.026406395210 
 5.437869223101 0.026406292372 
 5.449944580333 0.026406189229 
 5.462019511011 0.026406085781 
 5.474094008422 0.026405982026 
 5.486168086909 0.026405877965 
 5.498241736346 0.026405773596 
 5.510314949856 0.026405668918 
 5.522387741818 0.026405563932 
 5.534460126622 0.026405458635 
 5.546532109314 0.026405353028 
 5.558603668335 0.026405247109 
 5.570674818107 0.026405140878 
 5.582745556939 0.026405034334 
 5.594815877369 0.026404927476 
 5.606885786013 0.026404820304 
 5.618955297330 0.026404712816 
 5.631024425788 0.026404605012 
 5.643093148357 0.026404496891 
 5.655161471542 0.026404388453 
 5.667229402417 0.026404279696 
 5.679296932635 0.026404170620 
 5.691364061211 0.026404061225 
 5.703430802372 0.026403951508 
 5.715497170641 0.026403841470 
 5.727563160693 0.026403731109 
 5.739628761304 0.026403620425 
 5.751693987024 0.026403509418 
 5.763758824650 0.026403398085 
 5.775823279847 0.026403286427 
 5.787887357704 0.026403174443 
 5.799951072794 0.026403062132 
 5.812014439690 0.026402949492 
 5.824077427486 0.026402836524 
 5.836140050538 0.026402723226 
 5.848202305974 0.026402609598 
 5.860264195460 0.026402495639 
 5.872325720559 0.026402381348 
 5.884386893055 0.026402266724 
 5.896447727557 0.026402151766 
 5.908508213685 0.026402036474 
 5.920568345249 0.026401920847 
 5.932628130627 0.026401804883 
 5.944687560924 0.026401688583 
 5.956746647410 0.026401571945 
 5.968805391580 0.026401454968 
 5.980863808072 0.026401337652 
 5.992921908094 0.026401219995 
 6.004979665365 0.026401101997 
 6.017037093045 0.026400983658 
 6.029094181793 0.026400864976 
 6.041150939798 0.026400745950 
 6.053207373312 0.026400626580 
 6.065263489486 0.026400506864 
 6.077319302965 0.026400386802 
 6.089374804040 0.026400266393 
 6.101429985885 0.026400145636 
 6.113484852009 0.026400024530 
 6.125539398590 0.026399903075 
 6.137593639506 0.026399781270 
 6.149647576534 0.026399659113 
 6.161701221318 0.026399536604 
 6.173754581248 0.026399413741 
 6.185807641064 0.026399290525 
 6.197860403705 0.026399166954 
 6.209912862790 0.026399043027 
 6.221965026665 0.026398918744 
 6.234016908270 0.026398794103 
 6.246068508070 0.026398669104 
 6.258119840694 0.026398543745 
 6.270170899287 0.026398418027 
 6.282221677509 0.026398291947 
 6.294272172858 0.026398165506 
 6.306322385661 0.026398038702 
 6.318372328404 0.026397911534 
 6.330422010681 0.026397784001 
 6.342471436293 0.026397656103 
 6.354520611056 0.026397527838 
 6.366569531907 0.026397399206 
 6.378618189559 0.026397270206 
 6.390666581319 0.026397140837 
 6.402714713532 0.026397011098 
 6.414762600801 0.026396880988 
 6.426810249051 0.026396750506 
 6.438857665693 0.026396619650 
 6.450904846245 0.026396488421 
 6.462951791558 0.026396356818 
 6.474998489117 0.026396224839 
 6.487044942435 0.026396092483 
 6.499091161336 0.026395959750 
 6.511137160369 0.026395826639 
 6.523182943222 0.026395693148 
 6.535228511395 0.026395559276 
 6.547273864733 0.026395425023 
 6.559319001198 0.026395290389 
 6.571363909607 0.026395155371 
 6.583408595098 0.026395019969 
 6.595453071214 0.026394884182 
 6.607497352434 0.026394748009 
 6.619541439730 0.026394611448 
 6.631585328304 0.026394474500 
 6.643629023923 0.026394337163 
 6.655672517386 0.026394199436 
 6.667715806005 0.026394061318 
 6.679758895754 0.026393922808 
 6.691801801069 0.026393783906 
 6.703844536346 0.026393644610 
 6.715887096316 0.026393504918 
 6.727929480131 0.026393364831 
 6.739971693446 0.026393224347 
 6.752013719725 0.026393083466 
 6.764055562980 0.026392942186 
 6.776097232243 0.026392800506 
 6.788138741858 0.026392658425 
 6.800180105751 0.026392515942 
 6.812221310119 0.026392373057 
 6.824262362024 0.026392229768 
 6.836303264316 0.026392086074 
 6.848343998937 0.026391941974 
 6.860384573229 0.026391797467 
 6.872424998266 0.026391652553 
 6.884465288291 0.026391507230 
 6.896505457020 0.026391361497 
 6.908545484694 0.026391215352 
 6.920585382731 0.026391068796 
 6.932625148031 0.026390921827 
 6.944664770352 0.026390774444 
 6.956704254452 0.026390626646 
 6.968743613836 0.026390478432 
 6.980782862634 0.026390329800 
 6.992822007329 0.026390180750 
 7.004861035421 0.026390031281 
 7.016899956556 0.026389881392 
 7.028938763845 0.026389731081 
 7.040977451952 0.026389580348 
 7.053016025639 0.026389429192 
 7.065054498961 0.026389277610 
 7.077092885924 0.026389125604 
 7.089131189178 0.026388973170 
 7.101169400126 0.026388820308 
 7.113207527273 0.026388667018 
 7.125245559489 0.026388513298 
 7.137283494964 0.026388359146 
 7.149321340263 0.026388204563 
 7.161359109307 0.026388049547 
 7.173396815968 0.026387894096 
 7.185434458105 0.026387738209 
 7.197472031944 0.026387581886 
 7.209509544923 0.026387425125 
 7.221546983870 0.026387267926 
 7.233584349473 0.026387110287 
 7.245621648920 0.026386952207 
 7.257658895992 0.026386793685 
 7.269696104414 0.026386634719 
 7.281733270607 0.026386475309 
 7.293770392313 0.026386315454 
 7.305807476477 0.026386155152 
 7.317844507216 0.026385994402 
 7.329881487169 0.026385833204 
 7.341918424713 0.026385671556 
 7.353955333479 0.026385509456 
 7.365992227037 0.026385346904 
 7.378029099273 0.026385183899 
 7.390065950504 0.026385020439 
 7.402102787292 0.026384856523 
 7.414139593499 0.026384692151 
 7.426176372556 0.026384527320 
 7.438213132692 0.026384362031 
 7.450249887379 0.026384196280 
 7.462286650026 0.026384030069 
 7.474323415634 0.026383863394 
 7.486360183485 0.026383696255 
 7.498396960369 0.026383528651 
 7.510433729123 0.026383360581 
 7.522470493407 0.026383192044 
 7.534507261955 0.026383023038 
 7.546544048070 0.026382853562 
 7.558580864990 0.026382683614 
 7.570617707561 0.026382513195 
 7.582654575267 0.026382342302 
 7.594691475196 0.026382170934 
 7.606728391622 0.026381999090 
 7.618765327310 0.026381826769 
 7.630802290156 0.026381653970 
 7.642839293285 0.026381480691 
 7.654876349758 0.026381306932 
 7.666913457826 0.026381132690 
 7.678950613654 0.026380957965 
 7.690987825179 0.026380782755 
 7.703025077122 0.026380607059 
 7.715062370967 0.026380430877 
 7.727099714524 0.026380254206 
 7.739137120736 0.026380077046 
 7.751174602476 0.026379899395 
 7.763212160005 0.026379721252 
 7.775249787532 0.026379542615 
 7.787287493953 0.026379363484 
 7.799325267151 0.026379183857 
 7.811363106071 0.026379003733 
 7.823401016938 0.026378823110 
 7.835439012503 0.026378641988 
 7.847477105449 0.026378460365 
 7.859515301881 0.026378278239 
 7.871553590249 0.026378095610 
 7.883591980980 0.026377912475 
 7.895630464002 0.026377728835 
 7.907669035345 0.026377544687 
 7.919707700504 0.026377360030 
 7.931746472033 0.026377174863 
 7.943785362415 0.026376989185 
 7.955824382000 0.026376802994 
 7.967863515058 0.026376616288 
 7.979902773612 0.026376429067 
 7.991942152334 0.026376241330 
 8.003981642823 0.026376053074 
 8.016021248966 0.026375864299 
 8.028060982800 0.026375675003 
 8.040100856604 0.026375485185 
 8.052140882586 0.026375294843 
 8.064181049370 0.026375103976 
 8.076221363041 0.026374912583 
 8.088261825568 0.026374720663 
 8.100302421072 0.026374528213 
 8.112343154577 0.026374335233 
 8.124384036699 0.026374141722 
 8.136425079506 0.026373947677 
 8.148466294993 0.026373753098 
 8.160507678528 0.026373557982 
 8.172549229514 0.026373362329 
 8.184590955860 0.026373166138 
 8.196632841241 0.026372969406 
 8.208674888252 0.026372772133 
 8.220717104427 0.026372574317 
 8.232759501617 0.026372375957 
 8.244802091597 0.026372177051 
 8.256844880510 0.026371977597 
 8.268887857082 0.026371777595 
 8.280931032119 0.026371577042 
 8.292974394595 0.026371375938 
 8.305017940871 0.026371174281 
 8.317061676438 0.026370972070 
 8.329105612925 0.026370769303 
 8.341149761886 0.026370565978 
 8.353194134799 0.026370362095 
 8.365238718630 0.026370157651 
 8.377283521340 0.026369952645 
 8.389328544661 0.026369747076 
 8.401373773713 0.026369540942 
 8.413419213246 0.026369334242 
 8.425464873193 0.026369126975 
 8.437510764878 0.026368919138 
 8.449556899553 0.026368710731 
 8.461603277455 0.026368501751 
 8.473649893367 0.026368292197 
 8.485696756532 0.026368082068 
 8.497743851151 0.026367871362 
 8.509791177993 0.026367660078 
 8.521838744290 0.026367448215 
 8.533886561135 0.026367235770 
 8.545934639544 0.026367022742 
 8.557982990461 0.026366809129 
 8.570031598561 0.026366594930 
 8.582080474245 0.026366380144 
 8.594129615802 0.026366164768 
 8.606179012312 0.026365948802 
 8.618228667259 0.026365732244 
 8.630278591121 0.026365515092 
 8.642328794676 0.026365297345 
 8.654379288628 0.026365079000 
 8.666430073639 0.026364860057 
 8.678481144217 0.026364640513 
 8.690532509889 0.026364420368 
 8.702584154727 0.026364199619 
 8.714636079333 0.026363978265 
 8.726688290740 0.026363756305 
 8.738740799370 0.026363533737 
 8.750793615388 0.026363310558 
 8.762846749182 0.026363086768 
 8.774900176022 0.026362862365 
 8.786953889199 0.026362637347 
 8.799007864261 0.026362411714 
 8.811062095512 0.026362185464 
 8.823116587458 0.026361958596 
 8.835171349506 0.026361731106 
 8.847226385393 0.026361502995 
 8.859281689944 0.026361274260 
 8.871337253924 0.026361044900 
 8.883393077005 0.026360814913 
 8.895449140784 0.026360584298 
 8.907505442241 0.026360353053 
 8.919561988298 0.026360121177 
 8.931618786688 0.026359888668 
 8.943675845196 0.026359655524 
 8.955733147288 0.026359421743 
 8.967790695134 0.026359187325 
 8.979848483880 0.026358952267 
 8.991906496241 0.026358716568 
 9.003964731521 0.026358480226 
 9.016023197595 0.026358243240 
 9.028081903355 0.026358005607 
 9.040140854647 0.026357767327 
 9.052200029647 0.026357528397 
 9.064259436637 0.026357288816 
 9.076319059142 0.026357048583 
 9.088378889177 0.026356807695 
 9.100438927145 0.026356566151 
 9.112499182084 0.026356323950 
 9.124559662610 0.026356081089 
 9.136620364564 0.026355837566 
 9.148681276674 0.026355593381 
 9.160742403270 0.026355348531 
 9.172803720236 0.026355103015 
 9.184865228508 0.026354856831 
 9.196926933159 0.026354609978 
 9.208988841112 0.026354362453 
 9.221050959847 0.026354114255 
 9.233113276279 0.026353865382 
 9.245175791743 0.026353615832 
 9.257238493080 0.026353365604 
 9.269301364964 0.026353114697 
 9.281364412265 0.026352863107 
 9.293427641896 0.026352610834 
 9.305491064684 0.026352357875 
 9.317554676725 0.026352104229 
 9.329618467643 0.026351849895 
 9.341682438436 0.026351594869 
 9.353746566810 0.026351339151 
 9.365810854234 0.026351082739 
 9.377875302844 0.026350825631 
 9.389939922409 0.026350567825 
 9.402004720060 0.026350309319 
 9.414069679179 0.026350050111 
 9.426134802610 0.026349790200 
 9.438200078180 0.026349529584 
 9.450265491402 0.026349268261 
 9.462331048935 0.026349006229 
 9.474396756133 0.026348743487 
 9.486462621277 0.026348480032 
 9.498528638325 0.026348215862 
 9.510594802635 0.026347950976 
 9.522661108727 0.026347685372 
 9.534727539555 0.026347419047 
 9.546794092303 0.026347152002 
 9.558860775028 0.026346884232 
 9.570927597427 0.026346615736 
 9.582994563466 0.026346346513 
 9.595061658146 0.026346076560 
 9.607128882056 0.026345805875 
 9.619196216041 0.026345534457 
 9.631263653428 0.026345262304 
 9.643331203027 0.026344989414 
 9.655398873182 0.026344715784 
 9.667466672833 0.026344441413 
 9.679534582976 0.026344166299 
 9.691602605889 0.026343890439 
 9.703670728208 0.026343613833 
 9.715738936823 0.026343336477 
 9.727807238992 0.026343058371 
 9.739875643583 0.026342779511 
 9.751944159118 0.026342499897 
 9.764012775879 0.026342219524 
 9.776081487637 0.026341938393 
 9.788150283059 0.026341656500 
 9.800219151855 0.026341373845 
 9.812288094711 0.026341090424 
 9.824357123297 0.026340806236 
 9.836426244715 0.026340521279 
 9.848495449792 0.026340235549 
 9.860564736336 0.026339949046 
 9.872634089172 0.026339661768 
 9.884703500977 0.026339373712 
 9.896772970871 0.026339084877 
 9.908842506353 0.026338795259 
 9.920912119248 0.026338504858 
 9.932981798295 0.026338213670 
 9.945051542734 0.026337921693 
 9.957121340224 0.026337628926 
 9.969191174931 0.026337335367 
 9.981261052963 0.026337041013 
 9.993330986162 0.026336745863 
10.005400976108 0.026336449912 
10.017471014399 0.026336153161 
10.029541099814 0.026335855606 
10.041611220832 0.026335557245 
10.053681368263 0.026335257905 
10.065751531619 0.026334957869 
10.077821731408 0.026334656887 
10.089891973300 0.026334355210 
10.101962246398 0.026334052751 
10.114032550705 0.026333749484 
10.126102872794 0.026333445398 
10.138173199592 0.026333140489 
10.150243537556 0.026332834757 
10.162313899030 0.026332528198 
10.174384287241 0.026332220810 
10.186454681543 0.026331912590 
10.198525091623 0.026331603537 
10.210595498921 0.026331293648 
10.222665892663 0.026330982920 
10.234736281397 0.026330671351 
10.246806674365 0.026330358939 
10.258877077528 0.026330045504 
10.270947466141 0.026329731337 
10.283017854018 0.026329416181 
10.295088204949 0.026329100296 
10.307158533762 0.026328783591 
10.319228848416 0.026328466037 
10.331299149681 0.026328147626 
10.343369432297 0.026327828352 
10.355439694322 0.026327508214 
10.367509926992 0.026327187209 
10.379580115641 0.026326865336 
10.391650263673 0.026326542591 
10.403720372140 0.026326218971 
10.415790454407 0.026325894294 
10.427860489112 0.026325568857 
10.439930493078 0.026325242395 
10.452000430535 0.026324915175 
10.464070306912 0.026324587104 
10.476140127655 0.026324258153 
10.488209897866 0.026323928312 
10.500279621964 0.026323597575 
10.512349289275 0.026323265942 
10.524418895436 0.026322933409 
10.536488415874 0.026322599975 
10.548557855163 0.026322265452 
10.560627219258 0.026321930143 
10.572696521519 0.026321593779 
10.584765736199 0.026321256631 
10.596834879141 0.026320918603 
10.608903933398 0.026320579666 
10.620972886383 0.026320239811 
10.633041744764 0.026319899032 
10.645110519637 0.026319557326 
10.657179204495 0.026319214507 
10.669247779935 0.026318870879 
10.681316264934 0.026318526169 
10.693384628736 0.026318180653 
10.705452869622 0.026317834234 
10.717520998993 0.026317486882 
10.729589031028 0.026317138585 
10.741656943421 0.026316789341 
10.753724738961 0.026316439144 
10.765792405931 0.026316087806 
10.777859925823 0.026315735636 
10.789927307665 0.026315382356 
10.801994558897 0.026315028247 
10.814061682332 0.026314673024 
10.826128667138 0.026314316965 
10.838195509350 0.026313959971 
10.850262188689 0.026313602013 
10.862328709147 0.026313243080 
10.874395081686 0.026312883167 
10.886461307342 0.026312522081 
10.898527364430 0.026312160134 
10.910593273174 0.026311797046 
10.922658988250 0.026311433101 
10.934724520314 0.026311068012 
10.946789873867 0.026310702058 
10.958855066922 0.026310335140 
10.970920086135 0.026309967226 
10.982984919095 0.026309598308 
10.995049553502 0.026309228378 
11.007113983599 0.026308857241 
11.019178206626 0.026308485215 
11.031242242443 0.026308112014 
11.043306071534 0.026307737926 
11.055369708288 0.026307362657 
11.067433117749 0.026306986495 
11.079496298041 0.026306609149 
11.091559248377 0.026306230902 
11.103621991158 0.026305851652 
11.115684521368 0.026305471369 
11.127746817246 0.026305090042 
11.139808874534 0.026304707467 
11.151870673879 0.026304323971 
11.163932224320 0.026303939260 
11.175993530418 0.026303553629 
11.188054596123 0.026303166777 
11.200115406111 0.026302778997 
11.212175962436 0.026302389991 
11.224236230649 0.026302000050 
11.236296223448 0.026301608877 
11.248355947950 0.026301216761 
11.260415409671 0.026300823406 
11.272474586701 0.026300429101 
11.284533479296 0.026300033548 
11.296592066048 0.026299637041 
11.308650354052 0.026299239279 
11.320708342410 0.026298840554 
11.332766032390 0.026298440566 
11.344823417450 0.026298039608 
11.356880499311 0.026297637380 
11.368937249718 0.026297234176 
11.380993666364 0.026296829693 
11.393049753385 0.026296424227 
11.405105517382 0.026296017473 
11.417160952536 0.026295609728 
11.429216050369 0.026295200688 
11.441270787575 0.026294790650 
11.453325164577 0.026294379308 
11.465379184318 0.026293966961 
11.477432847726 0.026293553300 
11.489486147192 0.026293138627 
11.501539078308 0.026292722632 
11.513591628528 0.026292305617 
11.525643796347 0.026291887271 
11.537695566364 0.026291467897 
11.549746945575 0.026291047184 
11.561797932779 0.026290625434 
11.573848519991 0.026290202335 
11.585898698933 0.026289778193 
11.597948456498 0.026289352692 
11.609997784771 0.026288926140 
11.622046692629 0.026288498220 
11.634095178221 0.026288069240 
11.646143224463 0.026287638882 
11.658190821555 0.026287207457 
11.670237966469 0.026286774644 
11.682284655492 0.026286340756 
11.694330892160 0.026285905468 
11.706376664781 0.026285469099 
11.718421959826 0.026285031319 
11.730466773649 0.026284592449 
11.742511100877 0.026284152159 
11.754554937308 0.026283710770 
11.766598281704 0.026283267950 
11.778641127817 0.026282824023 
11.790683458040 0.026282378654 
11.802725271279 0.026281931946 
11.814766552110 0.026281483935 
11.826807302363 0.026281034623 
11.838847523988 0.026280584009 
11.850887207612 0.026280132087 
11.862926348110 0.026279679066 
11.874964931223 0.026279224588 
11.887002933543 0.026278768959 
11.899040356377 0.026278311849 
11.911077212502 0.026277853578 
11.923113501672 0.026277393811 
11.935149196501 0.026276932651 
11.947184294079 0.026276470133 
11.959218769145 0.026276006260 
11.971252629049 0.026275541029 
11.983285879387 0.026275074434 
11.995318504870 0.026274606470 
12.007350489555 0.026274137133 
12.019381828970 0.026273666632 
12.031412522647 0.026273194603 
12.043442549215 0.026272721358 
12.055471911906 0.026272246560 
12.067500613159 0.026271770309 
12.079528621996 0.026271292640 
12.091555943476 0.026270813555 
12.103582563701 0.026270333051 
12.115608482825 0.026269851122 
12.127633689431 0.026269367763 
12.139658176994 0.026268882967 
12.151681926620 0.026268396729 
12.163704938460 0.026267909043 
12.175727199463 0.026267419903 
12.187748695372 0.026266929303 
12.199769432095 0.026266437237 
12.211789402737 0.026265943698 
12.223808589903 0.026265448681 
12.235826997213 0.026264952180 
12.247844593798 0.026264454188 
12.259861368158 0.026263954700 
12.271877326758 0.026263453708 
12.283892466666 0.026262951207 
12.295906768113 0.026262447189 
12.307920234413 0.026261941648 
12.319932839939 0.026261434578 
12.331944565476 0.026260925973 
12.343955413691 0.026260415825 
12.355965389594 0.026259904127 
12.367974467638 0.026259390873 
12.379982637315 0.026258876056 
12.391989890895 0.026258359668 
12.403996212740 0.026257841704 
12.416001614832 0.026257322155 
12.428006083878 0.026256801014 
12.440009591340 0.026256278275 
12.452012119823 0.026255753930 
12.464013676224 0.026255227973 
12.476014238245 0.026254700395 
12.488013808944 0.026254171189 
12.500012388415 0.026253640347 
12.512009943386 0.026253107862 
12.524006452878 0.026252573727 
12.536001926312 0.026252037935 
12.547996344583 0.026251500476 
12.559989690639 0.026250961344 
12.571981973430 0.026250420531 
12.583973168624 0.026249878028 
12.595963258766 0.026249333829 
12.607952253548 0.026248787923 
12.619940129672 0.026248240304 
12.631926861511 0.026247690964 
12.643912445098 0.026247139895 
12.655896877388 0.026246587088 
12.667880133116 0.026246032535 
12.679862221303 0.026245476226 
12.691843118379 0.026244918155 
12.703822806402 0.026244358312 
12.715801255462 0.026243796690 
12.727778485435 0.026243233279 
12.739754468333 0.026242668070 
12.751729191498 0.026242101056 
12.763702648735 0.026241532226 
12.775674818690 0.026240961573 
12.787645681217 0.026240389087 
12.799615255762 0.026239814758 
12.811583511839 0.026239238578 
12.823550422939 0.026238660539 
12.835515987491 0.026238080629 
12.847480173740 0.026237498842 
12.859442971178 0.026236915168 
12.871404398893 0.026236329594 
12.883364432476 0.026235742113 
12.895323042097 0.026235152716 
12.907280199286 0.026234561394 
12.919235914618 0.026233968135 
12.931190156257 0.026233372931 
12.943142915772 0.026232775771 
12.955094195220 0.026232176646 
12.967043968740 0.026231575545 
12.978992212144 0.026230972458 
12.990938935392 0.026230367375 
13.002884106770 0.026229760286 
13.014827702818 0.026229151182 
13.026769711042 0.026228540051 
13.038710125520 0.026227926882 
13.050648920686 0.026227311667 
13.062586106235 0.026226694392 
13.074521648881 0.026226075049 
13.086455520236 0.026225453626 
13.098387694978 0.026224830115 
13.110318192712 0.026224204501 
13.122246989630 0.026223576775 
13.134174047886 0.026222946926 
13.146099374888 0.026222314943 
13.158022930975 0.026221680815 
13.169944703951 0.026221044530 
13.181864708831 0.026220406077 
13.193782909548 0.026219765444 
13.205699278520 0.026219122621 
13.217613793110 0.026218477596 
13.229526459945 0.026217830357 
13.241437251596 0.026217180892 
13.253346158887 0.026216529189 
13.265253147515 0.026215875237 
13.277158211023 0.026215219024 
13.289061318365 0.026214560539 
13.300962470575 0.026213899769 
13.312861642630 0.026213236701 
13.324758814512 0.026212571323 
13.336653956117 0.026211903625 
13.348547082675 0.026211233592 
13.360438163190 0.026210561213 
13.372327184615 0.026209886473 
13.384214112919 0.026209209363 
13.396098919559 0.026208529869 
13.407981593644 0.026207847979 
13.419862148880 0.026207163679 
13.431740549179 0.026206476955 
13.443616765859 0.026205787797 
13.455490771250 0.026205096191 
13.467362571058 0.026204402124 
13.479232136885 0.026203705582 
13.491099442062 0.026203006552 
13.502964489192 0.026202305022 
13.514827232855 0.026201600978 
13.526687670578 0.026200894406 
13.538545806697 0.026200185292 
13.550401599418 0.026199473623 
13.562255007239 0.026198759388 
13.574106022422 0.026198042571 
13.585954651694 0.026197323158 
13.597800879941 0.026196601135 
13.609644679152 0.026195876488 
13.621486008390 0.026195149205 
13.633324865379 0.026194419271 
13.645161230155 0.026193686672 
13.656995074206 0.026192951394 
13.668826395629 0.026192213423 
13.680655164614 0.026191472745 
13.692481371313 0.026190729345 
13.704305010629 0.026189983207 
13.716126070521 0.026189234318 
13.727944504425 0.026188482665 
13.739760291559 0.026187728233 
13.751573427961 0.026186971007 
13.763383905735 0.026186210971 
13.775191714688 0.026185448111 
13.786996802634 0.026184682414 
13.798799165311 0.026183913864 
13.810598782438 0.026183142447 
13.822395653676 0.026182368147 
13.834189748070 0.026181590950 
13.845981069725 0.026180810840 
13.857769596633 0.026180027801 
13.869555280677 0.026179241822 
13.881338138064 0.026178452884 
13.893118163439 0.026177660972 
13.904895324633 0.026176866072 
13.916669594650 0.026176068169 
13.928440980733 0.026175267247 
13.940209458504 0.026174463291 
13.951975016787 0.026173656285 
13.963737652602 0.026172846213 
13.975497345853 0.026172033061 
13.987254080979 0.026171216812 
13.999007863268 0.026170397449 
14.010758673382 0.026169574959 
14.022506445686 0.026168749328 
14.034251222148 0.026167920538 
14.045992982904 0.026167088573 
14.057731703483 0.026166253419 
14.069467413409 0.026165415056 
14.081200097180 0.026164573469 
14.092929674254 0.026163728648 
14.104656206061 0.026162880571 
14.116379666219 0.026162029225 
14.128100044724 0.026161174592 
14.139817322486 0.026160316657 
14.151531530149 0.026159455403 
14.163242617773 0.026158590815 
14.174950608739 0.026157722877 
14.186655507848 0.026156851569 
14.198357251757 0.026155976882 
14.210055913678 0.026155098791 
14.221751439237 0.026154217287 
14.233443810144 0.026153332352 
14.245133051458 0.026152443968 
14.256819173610 0.026151552119 
14.268502136792 0.026150656790 
14.280181972429 0.026149757963 
14.291858709243 0.026148855618 
14.303532260295 0.026147949747 
14.315202675500 0.026147040329 
14.326869962809 0.026146127346 
14.338534084109 0.026145210785 
14.350195109485 0.026144290625 
14.361852986412 0.026143366853 
14.373507717920 0.026142439452 
14.385159364939 0.026141508401 
14.396807859534 0.026140573690 
14.408453221401 0.026139635300 
14.420095533346 0.026138693208 
14.431734702488 0.026137747406 
14.443370809573 0.026136797871 
14.455003821844 0.026135844590 
14.466633710367 0.026134887548 
14.478260595336 0.026133926720 
14.489884375901 0.026132962098 
14.501505087720 0.026131993662 
14.513122816041 0.026131021390 
14.524737462125 0.026130045275 
14.536349148617 0.026129065289 
14.547957831591 0.026128081420 
14.559563454595 0.026127093658 
14.571166165161 0.026126101974 
14.582765857176 0.026125106361 
14.594362604152 0.026124106797 
14.605956477367 0.026123103260 
14.617547389646 0.026122095743 
14.629135462685 0.026121084218 
14.640720604908 0.026120068678 
14.652302834913 0.026119049106 
14.663882315696 0.026118025473 
14.675458901712 0.026116997774 
14.687032686020 0.026115965987 
14.698603691326 0.026114930094 
14.710171917739 0.026113890080 
14.721737500708 0.026112845916 
14.733300274926 0.026111797603 
14.744860331691 0.026110745116 
14.756417782638 0.026109688431 
14.767972503693 0.026108627543 
14.779524669677 0.026107562421 
14.791074198664 0.026106493057 
14.802621138131 0.026105419431 
14.814165593480 0.026104341519 
14.825707478316 0.026103259312 
14.837246937177 0.026102172783 
14.848783897316 0.026101081922 
14.860318394309 0.026099986712 
14.871850523885 0.026098887126 
14.883380231656 0.026097783157 
14.894907663142 0.026096674773 
14.906432737928 0.026095561968 
14.917955551942 0.026094444716 
14.929476223778 0.026093322992 
14.940994561325 0.026092196798 
14.952510852895 0.026091066090 
14.964024919138 0.026089930872 
14.975536824229 0.026088791122 
14.987046765164 0.026087646804 
14.998554602997 0.026086497917 
15.010060498637 0.026085344431 
15.021564429738 0.026084186332 
15.033066464685 0.026083023597 
15.044566713217 0.026081856201 
15.056065002657 0.026080684146 
15.067561581123 0.026079507391 
15.079056370101 0.026078325930 
15.090549395199 0.026077139743 
15.102040922925 0.026075948789 
15.113530692370 0.026074753079 
15.125018942742 0.026073552573 
15.136505683508 0.026072347255 
15.147990887595 0.026071137111 
15.159474830146 0.026069922097 
15.170957230573 0.026068702228 
15.182438338609 0.026067477461 
15.193918235051 0.026066247773 
15.205396791944 0.026065013162 
15.216874304491 0.026063773580 
15.228350589909 0.026062529032 
15.239825762608 0.026061279490 
15.251299986234 0.026060024920 
15.262773130891 0.026058765322 
15.274245479100 0.026057500648 
15.285716838394 0.026056230905 
15.297187399779 0.026054956055 
15.308657388970 0.026053676057 
15.320126489388 0.026052390932 
15.331595042877 0.026051100624 
15.343062945948 0.026049805130 
15.354530239631 0.026048504430 
15.365997302847 0.026047198463 
15.377463747910 0.026045887259 
15.388929838785 0.026044570770 
15.400395658459 0.026043248971 
15.411861189866 0.026041921848 
15.423326721730 0.026040589349 
15.434791954711 0.026039251494 
15.446257138829 0.026037908237 
15.457722425738 0.026036559542 
15.469187626329 0.026035205415 
15.480653085678 0.026033845797 
15.492118623573 0.026032480692 
15.503584343362 0.026031110071 
15.515050621266 0.026029733869 
15.526517019411 0.026028352122 
15.537983929335 0.026026964764 
15.549451340136 0.026025571778 
15.560919161821 0.026024173157 
15.572387855793 0.026022768826 
15.583856972767 0.026021358821 
15.595326812692 0.026019943086 
15.606797635075 0.026018521572 
15.618269116532 0.026017094299 
15.629741607802 0.026015661205 
15.641214972591 0.026014222289 
15.652689275195 0.026012777523 
15.664164970989 0.026011326832 
15.675641491601 0.026009870268 
15.687119213417 0.026008407765 
15.698598277828 0.026006939286 
15.710078484909 0.026005464836 
15.721560229549 0.026003984346 
15.733043199170 0.026002497836 
15.744527548289 0.026001005266 
15.756013703329 0.025999506560 
15.767501096464 0.025998001773 
15.778990116504 0.025996490831 
15.790480805965 0.025994973710 
15.801973018990 0.025993450407 
15.813467142266 0.025991920850 
15.824962847600 0.025990385062 
15.836460248907 0.025988843007 
15.847959798150 0.025987294603 
15.859460868298 0.025985739914 
15.870963870220 0.025984178864 
15.882468850736 0.025982611427 
15.893975591330 0.025981037612 
15.905484444151 0.025979457351 
15.916995167973 0.025977870658 
15.928507773063 0.025976277512 
15.940022704724 0.025974677831 
15.951539381626 0.025973071676 
15.963058072834 0.025971458991 
15.974579195244 0.025969839696 
15.986102029825 0.025968213874 
15.997627006847 0.025966581444 
16.009154176819 0.025964942377 
16.020683263739 0.025963296693 
16.032214566441 0.025961644328 
16.043747954974 0.025959985278 
16.055283347105 0.025958319532 
16.066821001347 0.025956647029 
16.078360691200 0.025954967779 
16.089902439188 0.025953281751 
16.101446483724 0.025951588886 
16.112992552151 0.025949889196 
16.124540632624 0.025948182655 
16.136091165076 0.025946469168 
16.147643542564 0.025944748797 
16.159197980454 0.025943021480 
16.170754898040 0.025941287121 
16.182313626276 0.025939545791 
16.193874435481 0.025937797417 
16.205437736887 0.025936041904 
16.217002833936 0.025934279325 
16.228570124531 0.025932509588 
16.240139756143 0.025930732635 
16.251711256357 0.025928948509 
16.263284915317 0.025927157131 
16.274860860450 0.025925358450 
16.286438828368 0.025923552475 
16.298019108598 0.025921739130 
16.309601538887 0.025919918411 
16.321186041220 0.025918090298 
16.332772823848 0.025916254730 
16.344361899369 0.025914411674 
16.355952924121 0.025912561154 
16.367546334898 0.025910703070 
16.379141956195 0.025908837417 
16.390739660137 0.025906964183 
16.402339854646 0.025905083267 
16.413942184280 0.025903194688 
16.425546858746 0.025901298374 
16.437153938559 0.025899394272 
16.448763272421 0.025897482362 
16.460374954923 0.025895562580 
16.471989098293 0.025893634858 
16.483605660559 0.025891699149 
16.495224524113 0.025889755417 
16.506846097852 0.025887803537 
16.518470061759 0.025885843503 
16.530096336471 0.025883875269 
16.541725559702 0.025881898666 
16.553357139245 0.025879913737 
16.564991210759 0.025877920399 
16.576628380046 0.025875918491 
16.588267885748 0.025873908090 
16.599910008288 0.025871889097 
16.611555276635 0.025869861370 
16.623203019982 0.025867824980 
16.634853630432 0.025865779815 
16.646507424451 0.025863725776 
16.658163834448 0.025861662924 
16.669823138454 0.025859591170 
16.681485787922 0.025857510393 
16.693151200381 0.025855420655 
16.704819678948 0.025853321858 
16.716491647638 0.025851213880 
16.728166526143 0.025849096774 
16.739844515920 0.025846970453 
16.751526167779 0.025844834758 
16.763210879683 0.025842689738 
16.774898899848 0.025840535287 
16.786590721501 0.025838371248 
16.798285750243 0.025836197664 
16.809984142762 0.025834014441 
16.821686497129 0.025831821402 
16.833392204894 0.025829618596 
16.845101485821 0.025827405923 
16.856814853727 0.025825183226 
16.868531713735 0.025822950564 
16.880252210584 0.025820707860 
16.891976966968 0.025818454944 
16.903705349627 0.025816191896 
16.915437593742 0.025813918626 
16.927174218763 0.025811634991 
16.938914592485 0.025809341073 
16.950658895259 0.025807036794 
16.962407736397 0.025804721987 
16.974160439887 0.025802396739 
16.985917302127 0.025800060938 
16.997678834602 0.025797714426 
17.009444327373 0.025795357283 
17.021214051674 0.025792988931 
17.032988105170 0.025790610055 
17.044764186972 0.025788220386 
17.056542857728 0.025785820449 
17.068323860429 0.025783409544 
17.080107036104 0.025780988334 
17.091892655968 0.025778556006 
17.103680723298 0.025776113198 
17.115471023514 0.025773659201 
17.127263834677 0.025771194145 
17.139059220958 0.025768718046 
17.150856850918 0.025766230964 
17.162656954008 0.025763732826 
17.174459675457 0.025761223574 
17.186264793291 0.025758703233 
17.198072349961 0.025756171772 
17.209882598905 0.025753629115 
17.221695177275 0.025751075323 
17.233510166402 0.025748510361 
17.245327771777 0.025745934166 
17.257148028603 0.025743346715 
17.268970655835 0.025740748051 
17.280795828354 0.025738138118 
17.292623744075 0.025735516854 
17.304453978832 0.025732884335 
17.316286648905 0.025730240521 
17.328122257083 0.025727585280 
17.339960302232 0.025724918713 
17.351800678494 0.025722240830 
17.363643806971 0.025719551528 
17.375489623627 0.025716850814 
17.387337589068 0.025714138809 
17.399188128017 0.025711415417 
17.411041689513 0.025708680535 
17.422897382242 0.025705934378 
17.434755517829 0.025703176883 
17.446614649448 0.025700408401 
17.458475689181 0.025697628735 
17.470338242978 0.025694837993 
17.482202185217 0.025692036223 
17.494068690457 0.025689223161 
17.505937235490 0.025686398945 
17.517807725153 0.025683563612 
17.529681366795 0.025680716881 
17.541557446786 0.025677858933 
17.553436067085 0.025674989749 
17.565318451417 0.025672109036 
17.577203992065 0.025669216941 
17.589092733862 0.025666313454 
17.600985912908 0.025663398268 
17.612881679327 0.025660471837 
17.624779882279 0.025657534198 
17.636680642250 0.025654585324 
17.648583995863 0.025651625205 
17.660489684475 0.025648653912 
17.672397743483 0.025645671441 
17.684308310244 0.025642677767 
17.696221412385 0.025639672893 
17.708136677637 0.025636656929 
17.720054304700 0.025633629843 
17.731974428951 0.025630591621 
17.743897023810 0.025627542293 
17.755821865482 0.025624481944 
17.767749013746 0.025621410590 
17.779678525416 0.025618328246 
17.791610503943 0.025615234922 
17.803544594386 0.025612130744 
17.815480928268 0.025609015716 
17.827419898815 0.025605889772 
17.839361307413 0.025602753002 
17.851304837775 0.025599605528 
17.863250900805 0.025596447278 
17.875199581722 0.025593278266 
17.887150263817 0.025590098692 
17.899103368640 0.025586908478 
17.911058770898 0.025583707692 
17.923016563152 0.025580496340 
17.934976674841 0.025577274471 
17.946939204941 0.025574042088 
17.958904023096 0.025570799253 
17.970871066295 0.025567546009 
17.982840702210 0.025564282278 
17.994813053167 0.025561008049 
18.006787522905 0.025557723504 
18.018764404018 0.025554428582 
18.030744333205 0.025551123121 
18.042726257283 0.025547807428 
18.054708717412 0.025544481922 
18.066691111015 0.025541146789 
18.078673475198 0.025537802034 
18.090655980569 0.025534447620 
18.102638682211 0.025531083543 
18.114621413135 0.025527709858 
18.126603817474 0.025524326674 
18.138586042265 0.025520933956 
18.150568079317 0.025517531714 
18.162550115299 0.025514119898 
18.174532175375 0.025510698505 
18.186514418524 0.025507267495 
18.198496871213 0.025503826863 
18.210479622212 0.025500376588 
18.222462455119 0.025496916737 
18.234445383624 0.025493447314 
18.246428564780 0.025489968279 
18.258412032845 0.025486479630 
18.270395935108 0.025482981333 
18.282379616946 0.025479473590 
18.294363238627 0.025475956367 
18.306346788912 0.025472429682 
18.318330397062 0.025468893510 
18.330314114216 0.025465347853 
18.342298037595 0.025461792696 
18.354282323009 0.025458228011 
18.366266442570 0.025454653973 
18.378250271294 0.025451070640 
18.390233899075 0.025447478006 
18.402217401841 0.025443876070 
18.414200813799 0.025440264843 
18.426184289373 0.025436644301 
18.438167770015 0.025433014485 
18.450151387851 0.025429375379 
18.462134844857 0.025425727097 
18.474118111137 0.025422069674 
18.486101352576 0.025418403085 
18.498084491856 0.025414727378 
18.510067713465 0.025411042519 
18.522050785348 0.025407348606 
18.534033311097 0.025403645782 
18.546015244710 0.025399934086 
18.557996683604 0.025396213505 
18.569977686457 0.025392484038 
18.581958248225 0.025388745700 
18.593938530511 0.025384998448 
18.605918434443 0.025381242322 
18.617898140342 0.025377477264 
18.629877289925 0.025373703389 
18.641855556268 0.025369920794 
18.653832864680 0.025366129499 
18.665809265073 0.025362329476 
18.677784880358 0.025358520675 
18.689759652515 0.025354703099 
18.701733711967 0.025350876693 
18.713707099144 0.025347041426 
18.725679806454 0.025343197284 
18.737651823411 0.025339344255 
18.749622851455 0.025335482419 
18.761592758117 0.025331611808 
18.773561753452 0.025327732339 
18.785529817830 0.025323844008 
18.797496962433 0.025319946798 
18.809463361150 0.025316040642 
18.821428954696 0.025312125550 
18.833393268543 0.025308201668 
18.845355838552 0.025304269144 
18.857316787619 0.025300327931 
18.869276172151 0.025296378008 
18.881233917328 0.025292419398 
18.893190213118 0.025288452039 
18.905144982796 0.025284475959 
18.917098309109 0.025280491139 
18.929050399984 0.025276497520 
18.941000632442 0.025272495330 
18.952948536004 0.025268484753 
18.964893947083 0.025264465877 
18.976837056704 0.025260438677 
18.988777972407 0.025256403159 
19.000716539852 0.025252359425 
19.012653020819 0.025248307437 
19.024587466623 0.025244247234 
19.036519353420 0.025240179049 
19.048448469721 0.025236103012 
19.060374941265 0.025232019135 
19.072298687997 0.025227927497 
19.084219924716 0.025223828069 
19.096138775521 0.025219720849 
19.108054441073 0.025215606150 
19.119966325836 0.025211484210 
19.131874350463 0.025207355083 
19.143778784876 0.025203218695 
19.155679621892 0.025199075064 
19.167576953678 0.025194924171 
19.179471128001 0.025190765902 
19.191362022457 0.025186600308 
19.203249069265 0.025182427592 
19.215131589207 0.025178247998 
19.227009557748 0.025174061538 
19.238883307460 0.025169868092 
19.250753042853 0.025165667579 
19.262618776672 0.025161459981 
19.274480944444 0.025157245123 
19.286339715938 0.025153022921 
19.298193947157 0.025148793755 
19.310043876077 0.025144557510 
19.321889973339 0.025140313980 
19.333732205359 0.025136063142 
19.345571011359 0.025131804799 
19.357405924886 0.025127539089 
19.369235439665 0.025123266530 
19.381060113350 0.025118986903 
19.392879980842 0.025114700179 
19.404695445888 0.025110406204 
19.416507093809 0.025106104759 
19.428314949597 0.025101795834 
19.440117958631 0.025097479820 
19.451915594236 0.025093156920 
19.463707996605 0.025088827092 
19.475495781100 0.025084490117 
19.487279379514 0.025080145841 
19.499059028873 0.025075794181 
19.510833566274 0.025071435577 
19.522603552989 0.025067069828 
19.534369148211 0.025062696885 
19.546130938261 0.025058316542 
19.557888228511 0.025053929076 
19.569639555359 0.025049535059 
19.581385537887 0.025045134292 
19.593126902774 0.025040726533 
19.604863927823 0.025036311712 
19.616597335799 0.025031889592 
19.628325507899 0.025027460826 
19.640047937554 0.025023025651 
19.651764276577 0.025018584245 
19.663475383450 0.025014136323 
19.675182244766 0.025009681543 
19.686885938886 0.025005219521 
19.698582733041 0.025000751710 
19.710273007401 0.024996277990 
19.721957896645 0.024991797932 
19.733638434447 0.024987311134 
19.745315409150 0.024982817273 
19.756986770248 0.024978317116 
19.768651178657 0.024973811149 
19.780309769360 0.024969298893 
19.791963745938 0.024964779825 
19.803614106836 0.024960253494 
19.815258662007 0.024955720690 
19.826898279594 0.024951181016 
19.838534155763 0.024946633941 
19.850166757977 0.024942079224 
19.861793138469 0.024937517979 
19.873408352598 0.024932952133 
19.885013626514 0.024928381193 
19.896610522381 0.024923804529 
19.908200474256 0.024919221560 
19.919784582997 0.024914631836 
19.931363832880 0.024910034951 
19.942939531595 0.024905430372 
19.954512254580 0.024900817855 
19.966081694347 0.024896197511 
19.977647362934 0.024891569532 
19.989209922112 0.024886933648 
20.000770016860 0.024882289599 
20.012328574004 0.024877637012 
20.023885465636 0.024872975940 
20.035438572933 0.024868307251 
20.046986270482 0.024863631621 
20.058529491177 0.024858948679 
20.070066496055 0.024854259139 
20.081597563780 0.024849562888 
20.093121096567 0.024844860580 
20.104637356129 0.024840152108 
20.116147163160 0.024835437137 
20.127651507911 0.024830715263 
20.139150713792 0.024825986363 
20.150640860653 0.024821252087 
20.162123367691 0.024816511891 
20.173598969204 0.024811765515 
20.185068904092 0.024807012490 
20.196531445384 0.024802253589 
20.207984159982 0.024797489895 
20.219428366854 0.024792720929 
20.230864828960 0.024787946442 
20.242294793276 0.024783165984 
20.253719247174 0.024778379210 
20.265139826194 0.024773585499 
20.276557325837 0.024768784570 
20.287969665542 0.024763977344 
20.299377298334 0.024759163648 
20.310782144267 0.024754342645 
20.322185679183 0.024749513634 
20.333588756603 0.024744676130 
20.344993994261 0.024739828851 
20.356394231996 0.024734974672 
20.367786103312 0.024730114861 
20.379170809167 0.024725248741 
20.390546859804 0.024720376817 
20.401915870395 0.024715498303 
20.413278530659 0.024710612856 
20.424635921114 0.024705720011 
20.435984503184 0.024700821357 
20.447325602284 0.024695916413 
20.458660508443 0.024691004726 
20.469990961860 0.024686085647 
20.481317936708 0.024681158851 
20.492634928338 0.024676227285 
20.503943660800 0.024671290291 
20.515245458231 0.024666347348 
20.526542243435 0.024661397638 
20.537834969818 0.024656440735 
20.549125603157 0.024651475744 
20.560411746218 0.024646503680 
20.571695266850 0.024641523668 
20.582975947550 0.024636535763 
20.594256534569 0.024631538725 
20.605539377530 0.024626531517 
20.616823800256 0.024621514498 
20.628105350521 0.024616489782 
20.639379202415 0.024611459728 
20.650645547444 0.024606424487 
20.661905745959 0.024601383703 
20.673158812097 0.024596338082 
20.684405833616 0.024591287382 
20.695646292056 0.024586232060 
20.706882598480 0.024581171219 
20.718109645745 0.024576107328 
20.729328047020 0.024571040240 
20.740539737175 0.024565969174 
20.751744632829 0.024560894236 
20.762946299221 0.024555813845 
20.774145967530 0.024550727455 
20.785338491996 0.024545637432 
20.796523660548 0.024540543887 
20.807700924698 0.024535447070 
20.818873455660 0.024530345514 
20.830042863411 0.024525238464 
20.841208938859 0.024520126005 
20.852370146935 0.024515008857 
20.863526672759 0.024509886977 
20.874680431992 0.024504759545 
20.885832381264 0.024499626205 
20.896985892997 0.024494485500 
20.908142787491 0.024489336709 
20.919301812773 0.024484180560 
20.930455673246 0.024479020617 
20.941601848313 0.024473858263 
20.952741886135 0.024468692987 
20.963870890818 0.024463527286 
20.974991537135 0.024458360123 
20.986106020327 0.024453190673 
20.997215691662 0.024448018496 
21.008315350138 0.024442846216 
21.019405168072 0.024437673942 
21.030489800742 0.024432499654 
21.041572521247 0.024427321952 
21.052654991944 0.024422140175 
21.063741083476 0.024416952611 
21.074823040838 0.024411763030 
21.085896655321 0.024406573561 
21.096965612813 0.024401382615 
21.108033147677 0.024396188822 
21.119095190558 0.024390994275 
21.130150633587 0.024385799691 
21.141204635505 0.024380602826 
21.152262129013 0.024375401530 
21.163321822167 0.024370196586 
21.174390960090 0.024364984718 
21.185474856749 0.024359763534 
21.196577060425 0.024354531457 
21.207675330072 0.024349299144 
21.218773428367 0.024344064928 
21.229867786544 0.024338830593 
21.240954775906 0.024333597949 
21.252038991526 0.024328364902 
21.263123088848 0.024323130273 
21.274210286715 0.024317892630 
21.285299287988 0.024312652713 
21.296387591879 0.024307411870 
21.307479521971 0.024302168227 
21.318575667871 0.024296921697 
21.329673734568 0.024291673585 
21.340782972340 0.024286419703 
21.351891591528 0.024281165890 
21.362998313513 0.024275913012 
21.374106061570 0.024270659928 
21.385218162711 0.024265405295 
21.396330776074 0.024260151193 
21.407449507337 0.024254895210 
21.418575802519 0.024249636905 
21.429709417887 0.024244376645 
21.440847196526 0.024239116203 
21.451998659728 0.024233851321 
21.463156620833 0.024228585669 
21.474312393081 0.024223323653 
21.485469799303 0.024218063746 
21.496630800501 0.024212805290 
21.507801794428 0.024207545512 
21.518979502397 0.024202286207 
21.530158761972 0.024197030056 
21.541344520062 0.024191774933 
21.552538867369 0.024186520031 
21.563742398339 0.024181265223 
21.574948264610 0.024176013878 
21.586156023204 0.024170766327 
21.597368239381 0.024165521458 
21.608586094844 0.024160278786 
21.619815245293 0.024155035712 
21.631052637158 0.024149793737 
21.642291350383 0.024144556192 
21.653533433579 0.024139322185 
21.664779231821 0.024134091597 
21.676033200814 0.024128862369 
21.687297538650 0.024123633494 
21.698568324903 0.024118406839 
21.709849770526 0.024113180466 
21.721136776856 0.024107956785 
21.732432437467 0.024102734413 
21.743738317566 0.024097512716 
21.755051711489 0.024092293091 
21.766370729962 0.024087076586 
21.777691194368 0.024081865328 
21.789012481599 0.024076659813 
21.800338455873 0.024071458460 
21.811668180403 0.024066261900 
21.823003698622 0.024061069386 
21.834339056517 0.024055883851 
21.845670317605 0.024050707283 
21.857001529483 0.024045537952 
21.868331561552 0.024040376483 
21.879663276518 0.024035221651 
21.890993911993 0.024030074788 
21.902324314611 0.024024935542 
21.913658185174 0.024019802228 
21.924995330308 0.024014674923 
21.936336144830 0.024009553429 
21.947678496972 0.024004438695 
21.959018333356 0.023999332536 
21.970360365258 0.023994232774 
21.981705117077 0.023989139132 
21.993041074802 0.023984056828 
22.004371266726 0.023978984529 
22.015695280477 0.023973922443 
22.027016618602 0.023968868996 
22.038335412278 0.023963824132 
22.049657006842 0.023958785442 
22.060979784288 0.023953753623 
22.072302094027 0.023948729371 
22.083621083077 0.023943713918 
22.094935694607 0.023938707689 
22.106248720530 0.023933709381 
22.117564518431 0.023928716981 
22.128881307122 0.023923731227 
22.140206555779 0.023918748753 
22.151532303143 0.023913773042 
22.162858897160 0.023908803885 
22.174193011299 0.023903838242 
22.185523664230 0.023898880880 
22.196847089124 0.023893933372 
22.208169452751 0.023888992879 
22.219490339867 0.023884059470 
22.230815949056 0.023879130335 
22.242135067422 0.023874210379 
22.253445793344 0.023869300478 
22.264755343516 0.023864397526 
22.276066823850 0.023859500223 
22.287382273318 0.023854607747 
22.298703416869 0.023849719420 
22.310021271648 0.023844839236 
22.321343498872 0.023839963891 
22.332671563101 0.023835092720 
22.343988353878 0.023830233150 
22.355300200743 0.023825382415 
22.366610158709 0.023820539145 
22.377924057283 0.023815700769 
22.389243602681 0.023810866531 
22.400567260367 0.023806037134 
22.411885743184 0.023801216684 
22.423201569922 0.023796404253 
22.434522094295 0.023791596857 
22.445850581278 0.023786793323 
22.457187245659 0.023781993833 
22.468528497865 0.023777200231 
22.479873935851 0.023772413007 
22.491230088945 0.023767629667 
22.502590298542 0.023762853325 
22.513944934275 0.023758088338 
22.525297730432 0.023753333321 
22.536656582426 0.023748585037 
22.548017683963 0.023743845156 
22.559372390525 0.023739117373 
22.570725732602 0.023734399562 
22.582075190651 0.023729692681 
22.593429336409 0.023724992927 
22.604790405279 0.023720299047 
22.616155929374 0.023715611661 
22.627526106726 0.023710930180 
22.638901989286 0.023706253586 
22.650279334682 0.023701583076 
22.661648530673 0.023696922177 
22.673011559018 0.023692269737 
22.684377719662 0.023687621690 
22.695745356122 0.023682978640 
22.707124004014 0.023678336659 
22.718495697996 0.023673703291 
22.729858698554 0.023669079468 
22.741223554479 0.023664461295 
22.752590874666 0.023659848514 
22.763967757938 0.023655238294 
22.775352215257 0.023650631543 
22.786739734905 0.023646030209 
22.798139650085 0.023641430556 
22.809545113218 0.023636835465 
22.820938987193 0.023632252076 
22.832333859525 0.023627675392 
22.843726894380 0.023623106667 
22.855119875647 0.023618545296 
22.866500456007 0.023613996447 
22.877872802490 0.023609458557 
22.889246710841 0.023604927629 
22.900624007753 0.023600402745 
22.912005774988 0.023595883209 
22.923390873771 0.023591369184 
22.934784804381 0.023586858154 
22.946171779384 0.023582356232 
22.957540967576 0.023577867703 
22.968903356001 0.023573388176 
22.980262278164 0.023568916321 
22.991629145580 0.023564447598 
23.002984141851 0.023559989958 
23.014324472017 0.023555544515 
23.025661581360 0.023551106515 
23.037000935774 0.023546673425 
23.048351507244 0.023542241258 
23.059700086344 0.023537814866 
23.071053757594 0.023533391266 
23.082422221827 0.023528966630 
23.093774575772 0.023524553363 
23.105119194463 0.023520148514 
23.116469217143 0.023515747165 
23.127798612627 0.023511359667 
23.139107275758 0.023506986030 
23.150415215064 0.023502618173 
23.161721509287 0.023498256071 
23.173032691237 0.023493896757 
23.184340692066 0.023489543080 
23.195664092767 0.023485187642 
23.206965069559 0.023480845172 
23.218235859879 0.023476518814 
23.229476799891 0.023472208507 
23.240688702893 0.023467913847 
23.251871386633 0.023463634632 
23.263026398763 0.023459369833 
23.274152982261 0.023455119242 
23.285247931688 0.023450883621 
23.296311823580 0.023446662399 
23.307343842319 0.023442455745 
23.318345304690 0.023438263159 
23.329311677848 0.023434086436 
23.340244489349 0.023429924972 
23.351142251101 0.023425779199 
23.362006481209 0.023421648229 
23.372823005203 0.023417537106 
23.383593449802 0.023413444756 
23.394316277280 0.023409371336 
23.404996447025 0.023405314564 
23.415634037310 0.023401274136 
23.426231587308 0.023397248931 
23.436787773196 0.023393239430 
23.447307025047 0.023389243695 
23.457790127901 0.023385261929 
23.468238846039 0.023381293107 
23.478652444553 0.023377337664 
23.489034107021 0.023373394407 
23.499385674054 0.023369462553 
23.509707279658 0.023365541958 
23.519999173905 0.023361632463 
23.530262468300 0.023357733619 
23.540498463247 0.023353844920 
23.550708809463 0.023349965738 
23.560890982694 0.023346097079 
23.571044081585 0.023342239347 
23.581168822479 0.023338392291 
23.591264774773 0.023334556038 
23.601334496319 0.023330729504 
23.611375194646 0.023326913629 
23.621390335035 0.023323106919 
23.631378443832 0.023319309755 
23.641340718921 0.023315521492 
23.651276088711 0.023311742377 
23.661182124534 0.023307973219 
23.671057475455 0.023304214460 
23.680904706751 0.023300465073 
23.690717976656 0.023296727305 
23.700499103986 0.023293000465 
23.710251348182 0.023289283264 
23.719970370455 0.023285577324 
23.729659767810 0.023281881164 
23.739314460738 0.023278196621 
23.748940319896 0.023274521283 
23.758537773404 0.023270854835 
23.768106441909 0.023267197309 
23.777645275909 0.023263549031 
23.787157895885 0.023259908542 
23.796644541849 0.023256275721 
23.806109602647 0.023252648846 
23.815546979621 0.023249030277 
23.824966701365 0.023245416104 
23.834363009522 0.023241808557 
23.843743978377 0.023238204515 
23.853103201582 0.023234606493 
23.862443658545 0.023231013340 
23.871773247435 0.023227421939 
23.881086781320 0.023223834273 
23.890393127859 0.023220246836 
23.899678587514 0.023216664912 
23.908955653350 0.023213083531 
23.918226763253 0.023209501614 
23.927492968512 0.023205918704 
23.936749783770 0.023202336593 
23.946000169575 0.023198754188 
23.955245848020 0.023195170847 
23.964498397261 0.023191582008 
23.973742580930 0.023187993679 
23.982986017094 0.023184402927 
23.992233136565 0.023180808015 
24.001479282239 0.023177210756 
24.010735564621 0.023173606695 
24.019985032901 0.023170002439 
24.029237932562 0.023166393890 
24.038498743934 0.023162779161 
24.047773208852 0.023159155839 
24.057050526980 0.023155528096 
24.066339003342 0.023151892602 
24.075632589834 0.023148251768 
24.084938175852 0.023144602900 
24.094263432677 0.023140942924 
24.103587426109 0.023137280159 
24.112921143618 0.023133610253 
24.122271016276 0.023129930589 
24.131642640168 0.023126238856 
24.141024425763 0.023122539637 
24.150424417615 0.023118829686 
24.159836152586 0.023115111496 
24.169264699065 0.023111382898 
24.178718803632 0.023107640194 
24.188180389761 0.023103890540 
24.197656321003 0.023100131209 
24.207152936917 0.023096359677 
24.216680732902 0.023092571724 
24.226223085468 0.023088774126 
24.235784057120 0.023084965412 
24.245363268560 0.023081145869 
24.254964487496 0.023077314056 
24.264594315900 0.023073467316 
24.274240981656 0.023069610726 
24.283904402070 0.023065743943 
24.293590515139 0.023061864978 
24.303309445128 0.023057969203 
24.313050952335 0.023054061109 
24.322809899709 0.023050142618 
24.332588526725 0.023046212808 
24.342395226277 0.023042268253 
24.352231917377 0.023038308139 
24.362091322658 0.023034335428 
24.371968810715 0.023030352038 
24.381870313083 0.023026355555 
24.391803446028 0.023022342550 
24.401765828226 0.023018314487 
24.411745492951 0.023014275897 
24.421746365070 0.023010225694 
24.431777614588 0.023006159951 
24.441841553080 0.023002077647 
24.451929513116 0.022997982340 
24.462039633099 0.022993874829 
24.472175110676 0.022989753805 
24.482342605020 0.022985616495 
24.492542450087 0.022981462735 
24.502761088399 0.022977298189 
24.513003398700 0.022973120964 
24.523277782557 0.022968927664 
24.533586227719 0.022964717509 
24.543920800506 0.022960493842 
24.554278744933 0.022956257862 
24.564664372630 0.022952007785 
24.575085121050 0.022947740449 
24.585536552509 0.022943457610 
24.596011261476 0.022939162319 
24.606512432733 0.022934853265 
24.617046070403 0.022930527964 
24.627614602289 0.022926185439 
24.638208152379 0.022921829888 
24.648826650891 0.022917461419 
24.659476302089 0.022913077424 
24.670164888728 0.022908674535 
24.680879900032 0.022904257893 
24.691624350544 0.022899826217 
24.702396228098 0.022895380371 
24.713200467560 0.022890918342 
24.724039685710 0.022886439071 
24.734902115407 0.022881947541 
24.745792341402 0.022877441827 
24.756715880284 0.022872919499 
24.767668293218 0.022868382284 
24.778638564330 0.022863834751 
24.789619808849 0.022859279830 
24.800609207371 0.022854718798 
24.811617467150 0.022850147230 
24.822631937560 0.022845570567 
24.833652415116 0.022840988993 
24.844680973246 0.022836401584 
24.855719455135 0.022831807361 
24.866767065861 0.022827206398 
24.877826701239 0.022822597270 
24.888900575091 0.022817978990 
24.899986793681 0.022813352499 
24.911091101031 0.022808715590 
24.922209849099 0.022804069999 
24.933351258922 0.022799412295 
24.944507482622 0.022794745750 
24.955687082735 0.022790066605 
24.966885917628 0.022785376480 
24.978108010734 0.022780673581 
24.989353789798 0.022775957715 
25.000622590894 0.022771229261 
25.011919683280 0.022766486121 
25.023240151734 0.022761730536 
25.034591109210 0.022756959523 
25.045966565986 0.022752175555 
25.057374282530 0.022747375109 
25.068809010265 0.022742560169 
25.080276369507 0.022737728135 
25.091772831030 0.022732880470 
25.103303474276 0.022728015140 
25.114865124912 0.022723133771 
25.126461129403 0.022718235181 
25.138089497537 0.022713320284 
25.149753539929 0.022708387440 
25.161451203481 0.022703437073 
25.173163582739 0.022698476862 
25.184876410990 0.022693512696 
25.196591768829 0.022688543605 
25.208308932850 0.022683569944 
25.220030409709 0.022678590729 
25.231755490078 0.022673606295 
25.243486151849 0.022668615657 
25.255220733455 0.022663619222 
25.266952903138 0.022658619326 
25.278682825175 0.022653615456 
25.290409384850 0.022648607685 
25.302132826772 0.022643595593 
25.313851896402 0.022638579522 
25.325566950945 0.022633559202 
25.337277640940 0.022628534690 
25.348983812322 0.022623505932 
25.360684918553 0.022618472995 
25.372381665690 0.022613435362 
25.384073579550 0.022608393040 
25.395760015388 0.022603346184 
25.407441788997 0.022598294399 
25.419118335613 0.022593237957 
25.430790282078 0.022588176587 
25.442457529903 0.022583110237 
25.454119628658 0.022578038859 
25.465777629489 0.022572961585 
25.477430699616 0.022567878273 
25.489077918602 0.022562788836 
25.500720649052 0.022557692305 
25.512358102662 0.022552588885 
25.523989370531 0.022547479088 
25.535615503535 0.022542362728 
25.547235307836 0.022537240700 
25.558847864293 0.022532113734 
25.570454114963 0.022526981576 
25.582053162906 0.022521844595 
25.593644064969 0.022516703024 
25.605227648614 0.022511556198 
25.616802972920 0.022506404263 
25.628369084326 0.022501247482 
25.639927607528 0.022496085091 
25.651477398699 0.022490917709 
25.663017414907 0.022485745988 
25.674548721722 0.022480569610 
25.686070512706 0.022475389048 
25.697583431196 0.022470204049 
25.709088140739 0.022465014340 
25.720584403980 0.022459820143 
25.732073048402 0.022454621312 
25.743553636370 0.022449418370 
25.755029786275 0.022444209937 
25.766499697087 0.022438996997 
25.777965418512 0.022433778573 
25.789429826734 0.022428553114 
25.800891161637 0.022423321108 
25.812355044894 0.022418079591 
25.823820410386 0.022412828767 
25.835283803587 0.022407570147 
25.846745312794 0.022402303778 
25.858203436166 0.022397030580 
25.869661903175 0.022391749038 
25.881121329228 0.022386459006 
25.892584238914 0.022381159308 
25.904051928678 0.022375849212 
25.915525609511 0.022370527963 
25.927006530055 0.022365194817 
25.938498951378 0.022359847703 
25.949999008192 0.022354488541 
25.961509798590 0.022349116051 
25.973034806869 0.022343728772 
25.984567618168 0.022338329959 
25.996113677189 0.022332917183 
26.007672001063 0.022327491034 
26.019242290838 0.022322051823 
26.030804425705 0.022316609518 
26.042359348861 0.022311164075 
26.053910231816 0.022305714194 
26.065458764882 0.022300259049 
26.077005679385 0.022294798056 
26.088555450335 0.022289328664 
26.100109417508 0.022283849812 
26.111669306293 0.022278360443 
26.123238835699 0.022272858816 
26.134819846042 0.022267344381 
26.146411943526 0.022261817870 
26.158010095966 0.022256282310 
26.169617819392 0.022250736361 
26.181236381622 0.022245179376 
26.192865894402 0.022239610864 
26.204509289246 0.022234028704 
26.216167639872 0.022228431725 
26.227841505823 0.022222819347 
26.239528322881 0.022217193008 
26.251212169533 0.022211561205 
26.262892293604 0.022205925229 
26.274569474596 0.022200285513 
26.286243099837 0.022194642906 
26.297910554631 0.022188998895 
26.309573778364 0.022183352413 
26.321232008444 0.022177703625 
26.332886108159 0.022172051991 
26.344535349073 0.022166397893 
26.356177081980 0.022160742718 
26.367813369307 0.022155085443 
26.379443447278 0.022149426353 
26.391068475798 0.022143764747 
26.402687005325 0.022138101240 
26.414296990679 0.022132436862 
26.425900490353 0.022126770756 
26.437496741129 0.022121103609 
26.449087347040 0.022115435008 
26.460669774683 0.022109766623 
26.472242976483 0.022104099356 
26.483808888852 0.022098432502 
26.495366838447 0.022092766470 
26.506918091906 0.022087100528 
26.518460441094 0.022081435623 
26.529993353716 0.022075771962 
26.541518568848 0.022070108741 
26.553035480297 0.022064446398 
26.564544673819 0.022058784764 
26.576044651913 0.022053124650 
26.587535594418 0.022047465907 
26.599018793760 0.022041807653 
26.610493060530 0.022036150162 
26.621959066354 0.022030492865 
26.633415794765 0.022024836242 
26.644864632149 0.022019179688 
26.656305994474 0.022013523109 
26.667736688846 0.022007868260 
26.679159221917 0.022002214014 
26.690572606944 0.021996560910 
26.701978980043 0.021990907860 
26.713375902154 0.021985256143 
26.724762936017 0.021979606148 
26.736142028451 0.021973957086 
26.747510734388 0.021968310344 
26.758870674059 0.021962665177 
26.770221227248 0.021957021896 
26.781564584601 0.021951379328 
26.792898683660 0.021945738462 
26.804220158017 0.021940101039 
26.815533086607 0.021934465085 
26.826837005702 0.021928830922 
26.838131868644 0.021923198641 
26.849415899957 0.021917569206 
26.860690801746 0.021911941891 
26.871957946784 0.021906316336 
26.883212911267 0.021900695377 
26.894459011236 0.021895077988 
26.905695324791 0.021889465096 
26.916924834365 0.021883855267 
26.928144505807 0.021878249720 
26.939354349094 0.021872647870 
26.950557012050 0.021867047855 
26.961749546910 0.021861451156 
26.972934495484 0.021855857110 
26.984111825580 0.021850266763 
26.995285150916 0.021844679327 
27.006451844308 0.021839096916 
27.017608032431 0.021833521822 
27.028759424903 0.021827950871 
27.039906325441 0.021822383219 
27.051049848316 0.021816817668 
27.062187998264 0.021811255022 
27.073322620516 0.021805694557 
27.084456269917 0.021800135348 
27.095586561957 0.021794579012 
27.106715931877 0.021789024693 
27.117844549124 0.021783472530 
27.128977684081 0.021777919780 
27.140112645129 0.021772367557 
27.151247042833 0.021766816974 
27.162386005894 0.021761265660 
27.173529960514 0.021755713902 
27.184681003654 0.021750161251 
27.195839086319 0.021744608320 
27.207006325173 0.021739054477 
27.218184776879 0.021733498777 
27.229372290398 0.021727941947 
27.240572394367 0.021722381522 
27.251786988481 0.021716815920 
27.263019385548 0.021711243294 
27.274268342746 0.021705664662 
27.285534183810 0.021700080700 
27.296820345309 0.021694490687 
27.308126860677 0.021688895505 
27.319457321873 0.021683293840 
27.330812203167 0.021677685302 
27.342188897522 0.021672070407 
27.353591724826 0.021666445821 
27.365023423647 0.021660809119 
27.376483229607 0.021655160205 
27.387971475508 0.021649499093 
27.399491490989 0.021643824763 
27.411036271938 0.021638141606 
27.422605169851 0.021632450787 
27.434205973654 0.021626748872 
27.445848270051 0.021621030985 
27.457520999725 0.021615302145 
27.469230781140 0.021609558382 
27.480976403590 0.021603799797 
27.492759680911 0.021598025432 
27.504573225269 0.021592239308 
27.516416789626 0.021586442015 
27.528289202709 0.021580634476 
27.540188093504 0.021574818046 
27.552113215546 0.021568992952 
27.564060338206 0.021563161384 
27.576003723213 0.021557336228 
27.587946662425 0.021551515906 
27.599889937234 0.021545699966 
27.611830542033 0.021539889808 
27.623768958414 0.021534085098 
27.635706376642 0.021528285129 
27.647642035596 0.021522490155 
27.659575270324 0.021516700430 
27.671505915989 0.021510916036 
27.683433828280 0.021505137067 
27.695359047152 0.021499363492 
27.707282407203 0.021493594869 
27.719203050013 0.021487831639 
27.731119320441 0.021482074684 
27.743032896645 0.021476323248 
27.754943462033 0.021470577511 
27.766849754533 0.021464838050 
27.778750681602 0.021459105297 
27.790647532516 0.021453378443 
27.802541075986 0.021447656872 
27.814427747768 0.021441942090 
27.826307092479 0.021436234142 
27.838177025400 0.021430533943 
27.850040615942 0.021424839957 
27.861899621417 0.021419151335 
27.873754472299 0.021413467946 
27.885605606931 0.021407789754 
27.897450764218 0.021402118092 
27.909289413814 0.021396453407 
27.921123539101 0.021390794846 
27.932951046405 0.021385143482 
27.944773328751 0.021379498656 
27.956594386615 0.021373858407 
27.968413171293 0.021368223234 
27.980230612508 0.021362592704 
27.992043751653 0.021356968315 
28.003851633652 0.021351350648 
28.015655521135 0.021345739252 
28.027450375774 0.021340136764 
28.039240492024 0.021334541285 
28.051026855574 0.021328952437 
28.062812978363 0.021323368559 
28.074597760426 0.021317790189 
28.086382025025 0.021312216951 
28.098166371177 0.021306648575 
28.109946663352 0.021301087034 
28.121724928634 0.021295531258 
28.133498780447 0.021289982231 
28.145271506488 0.021284438182 
28.157042475095 0.021278899238 
28.168808937158 0.021273366675 
28.180573940148 0.021267839208 
28.192337815287 0.021262317086 
28.204101808800 0.021256800299 
28.215868261514 0.021251288341 
28.227640666243 0.021245780023 
28.239414998326 0.021240277550 
28.251188596182 0.021234782298 
28.262958840443 0.021229295446 
28.274728047941 0.021223815693 
28.286493786886 0.021218343946 
28.298256051863 0.021212880042 
28.310017187830 0.021207422807 
28.321778418891 0.021201971702 
28.333539257618 0.021196527068 
28.345304202679 0.021191086929 
28.357072248583 0.021185651889 
28.368842933297 0.021180222253 
28.380615639423 0.021174798305 
28.392395181372 0.021169377662 
28.404179140212 0.021163961297 
28.415963688849 0.021158550925 
28.427751564171 0.021153145334 
28.439542695249 0.021147744758 
28.451340879724 0.021142347700 
28.463142606782 0.021136956051 
28.474952546044 0.021131567788 
28.486770276960 0.021126183078 
28.498591527537 0.021120803724 
28.510416535056 0.021115429341 
28.522246659748 0.021110059005 
28.534083118518 0.021104691908 
28.545927274481 0.021099327252 
28.557777030396 0.021093965956 
28.569636027243 0.021088606465 
28.581503317373 0.021083249501 
28.593382319006 0.021077893900 
28.605268281494 0.021072542283 
28.617162550040 0.021067194403 
28.629049856682 0.021061857459 
28.640920272803 0.021056536005 
28.652782738055 0.021051225729 
28.664639722463 0.021045925139 
28.676488972780 0.021040634981 
28.688342091377 0.021035349843 
28.700197715136 0.021030070342 
28.712060430778 0.021024794502 
28.723934889112 0.021019520278 
28.735830312743 0.021014243397 
28.747747183162 0.021008963359 
28.759673009609 0.021003685471 
28.771622480413 0.020998402822 
28.783599468421 0.020993113447 
28.795600841926 0.020987818749 
28.807611662313 0.020982525684 
28.819629440550 0.020977235775 
28.831659273292 0.020971947112 
28.843694698856 0.020966662860 
28.855742772900 0.020961379997 
28.867799337077 0.020956100345 
28.879867293169 0.020950822466 
28.891943873877 0.020945547387 
28.904030426674 0.020940274338 
28.916126450456 0.020935003468 
28.928233787268 0.020929734021 
28.940342104331 0.020924470766 
28.952454118194 0.020919212720 
28.964570290461 0.020913959763 
28.976692243882 0.020908711106 
28.988819613001 0.020903466751 
29.000950859149 0.020898227256 
29.013088423434 0.020892991544 
29.025230078553 0.020887760715 
29.037376535434 0.020882534645 
29.049529139559 0.020877312899 
29.061680389571 0.020872098823 
29.073826663102 0.020866893962 
29.085965137195 0.020861699400 
29.098092563978 0.020856516363 
29.110207964420 0.020851345113 
29.122312830593 0.020846184895 
29.134408869788 0.020841034920 
29.146491003451 0.020835897410 
29.158559360694 0.020830772379 
29.170616765431 0.020825658662 
29.182663403965 0.020820556197 
29.194697886583 0.020815465569 
29.206720431024 0.020810386617 
29.218731943611 0.020805318834 
29.230732766257 0.020800261934 
29.242718592619 0.020795217670 
29.254690523373 0.020790185548 
29.266651584852 0.020785164307 
29.278601518033 0.020780154155 
29.290535244424 0.020775157421 
29.302456252653 0.020770172773 
29.314365410888 0.020765199930 
29.326264216923 0.020760238287 
29.338152664942 0.020755287823 
29.350031042547 0.020750348337 
29.361903596041 0.020745417890 
29.373764808354 0.020740498656 
29.385615922929 0.020735589957 
29.397460380207 0.020730690174 
29.409300342865 0.020725798238 
29.421131026246 0.020720916103 
29.432954818517 0.020716042808 
29.444774982038 0.020711177085 
29.456591916910 0.020706318899 
29.468407050841 0.020701467765 
29.480220503289 0.020696623668 
29.492030134828 0.020691787459 
29.503837428642 0.020686958419 
29.515647806703 0.020682134168 
29.527457198569 0.020677316316 
29.539264842429 0.020672505158 
29.551074096181 0.020667699293 
29.562887922000 0.020662897493 
29.574703452171 0.020658100970 
29.586524634974 0.020653308145 
29.598351599460 0.020648519022 
29.610191102079 0.020643730879 
29.622033269063 0.020638947902 
29.633880005978 0.020634169489 
29.645732508003 0.020629395331 
29.657595067402 0.020624623817 
29.669469670850 0.020619854219 
29.681349126162 0.020615089506 
29.693232832137 0.020610329909 
29.705122462227 0.020605574693 
29.717021905742 0.020600822216 
29.728931997580 0.020596072085 
29.740856139438 0.020591322864 
29.752790110307 0.020586576218 
29.764730142215 0.020581833657 
29.776682533729 0.020577092605 
29.788644797424 0.020572354013 
29.800621950266 0.020567615783 
29.812603917780 0.020562881944 
29.824589704747 0.020558152961 
29.836580601350 0.020553428462 
29.848576704957 0.020548708623 
29.860581926463 0.020543992083 
29.872592774606 0.020539280378 
29.884615297790 0.020534571133 
29.896640182453 0.020529868046 
29.908667266619 0.020525171151 
29.920695220760 0.020520480927 
29.932726961227 0.020515796178 
29.944765659745 0.020511115619 
29.956806746882 0.020506441047 
29.968855442382 0.020501770328 
29.980908684213 0.020497104520 
29.992965600446 0.020492443795 
30.005025771285 0.020487788150 
30.017090690972 0.020483136854 
30.029162523913 0.020478488972 
30.041237561248 0.020473846008 
30.053320841614 0.020469206158 
30.065406287315 0.020464572011 
30.077492681311 0.020459944174 
30.089581188625 0.020455322176 
30.101668185412 0.020450707351 
30.113758851715 0.020446097593 
30.125852522419 0.020441493073 
30.137951851766 0.020436892672 
30.150058020057 0.020432295867 
30.162166782382 0.020427704305 
30.174276474796 0.020423118692 
30.186385700434 0.020418539629 
30.198496211691 0.020413966497 
30.210609461716 0.020409398821 
30.222722627729 0.020404837809 
30.234841333260 0.020400281416 
30.246965337054 0.020395729795 
30.259094261870 0.020391183081 
30.271225959663 0.020386642008 
30.283358888938 0.020382106994 
30.295497833420 0.020377575991 
30.307640367864 0.020373049727 
30.319783094700 0.020368529412 
30.331926695078 0.020364014813 
30.344070388204 0.020359506359 
30.356216421302 0.020355003405 
30.368366166747 0.020350505629 
30.380518032488 0.020346013752 
30.392669971433 0.020341528555 
30.404821634984 0.020337050062 
30.416975254249 0.020332577229 
30.429131677927 0.020328109490 
30.441289669493 0.020323647115 
30.453448603888 0.020319190277 
30.465606308584 0.020314739878 
30.477764862464 0.020310295346 
30.489925239200 0.020305856566 
30.502086047363 0.020301424272 
30.514250481241 0.020296997364 
30.526418274016 0.020292575833 
30.538587880960 0.020288159971 
30.550759979696 0.020283749146 
30.562933435905 0.020279343436 
30.575108192696 0.020274942688 
30.587281114190 0.020270548126 
30.599452642211 0.020266159859 
30.611623226051 0.020261778092 
30.623793263401 0.020257402994 
30.635963562702 0.020253034390 
30.648134371178 0.020248672054 
30.660304340558 0.020244316129 
30.672474068771 0.020239965950 
30.684643779629 0.020235621009 
30.696814059991 0.020231280774 
30.708985540266 0.020226944817 
30.721155840884 0.020222613927 
30.733325213613 0.020218288036 
30.745493754854 0.020213967201 
30.757662137874 0.020209651304 
30.769830705235 0.020205340326 
30.781998901940 0.020201034548 
30.794164985690 0.020196734672 
30.806326288296 0.020192441744 
30.818482031495 0.020188156107 
30.830633168918 0.020183877404 
30.842781113000 0.020179605003 
30.854927795612 0.020175337998 
30.867070861259 0.020171076995 
30.879207426059 0.020166822851 
30.891338895257 0.020162575007 
30.903464448791 0.020158333838 
30.915586502149 0.020154098686 
30.927705261316 0.020149869714 
30.939822242208 0.020145646559 
30.951938683293 0.020141428813 
30.964055528591 0.020137216005 
30.976174229292 0.020133007354 
30.988296320021 0.020128802018 
31.000422615361 0.020124599494 
31.012539295929 0.020120404663 
31.024647082190 0.020116217448 
31.036746989247 0.020112037697 
31.048840337340 0.020107865082 
31.060928177678 0.020103699218 
31.073011383541 0.020099539633 
31.085091043487 0.020095385696 
31.097168134171 0.020091236850 
31.109243658373 0.020087092675 
31.121318521092 0.020082952960 
31.133393592269 0.020078817637 
31.145469942533 0.020074686580 
31.157548101487 0.020070559758 
31.169628859097 0.020066436895 
31.181713178705 0.020062317523 
31.193801678553 0.020058201214 
31.205895115683 0.020054087498 
31.217993985051 0.020049976054 
31.230099199194 0.020045866500 
31.242211293629 0.020041758641 
31.254330432439 0.020037652434 
31.266444445392 0.020033552136 
31.278555598524 0.020029457044 
31.290666023132 0.020025366510 
31.302778312557 0.020021279762 
31.314894490685 0.020017196260 
31.327016342808 0.020013115547 
31.339144691484 0.020009037437 
31.351276414961 0.020004962977 
31.363400482878 0.020000895788 
31.375519208316 0.019996834799 
31.387635092330 0.019992778817 
31.399749693236 0.019988727038 
31.411861996064 0.019984679672 
31.423974390001 0.019980635894 
31.436089293390 0.019976594943 
31.448208593873 0.019972556270 
31.460334487453 0.019968519209 
31.472468619284 0.019964483223 
31.484604282035 0.019960450575 
31.496733903525 0.019956423837 
31.508860041798 0.019952402161 
31.520985141089 0.019948384725 
31.533111511067 0.019944370750 
31.545241609173 0.019940359399 
31.557377662468 0.019936349903 
31.569520974039 0.019932341802 
31.581672201316 0.019928334853 
31.593832228733 0.019924328744 
31.605993742435 0.019920325969 
31.618158622603 0.019916325977 
31.630324301511 0.019912329727 
31.642491358455 0.019908337128 
31.654660412000 0.019904348063 
31.666831826088 0.019900362496 
31.679006104462 0.019896380336 
31.691183691187 0.019892401500 
31.703364447571 0.019888426080 
31.715543138640 0.019884455875 
31.727719507543 0.019880491035 
31.739893976337 0.019876531500 
31.752066115352 0.019872577533 
31.764235549812 0.019868629443 
31.776402701626 0.019864687336 
31.788567555720 0.019860751473 
31.800729601303 0.019856822209 
31.812889161132 0.019852899455 
31.825045926706 0.019848983110 
31.837199649749 0.019845072863 
31.849350726526 0.019841168096 
31.861498912872 0.019837268443 
31.873644326478 0.019833373585 
31.885787328560 0.019829483330 
31.897927299846 0.019825597986 
31.910064773272 0.019821717591 
31.922199262543 0.019817842539 
31.934330745418 0.019813973034 
31.946460120672 0.019810108902 
31.958586641494 0.019806250411 
31.970709964670 0.019802397605 
31.982831087027 0.019798550038 
31.994949576845 0.019794707749 
32.007066466713 0.019790870413 
32.019181757813 0.019787038189 
32.031291886683 0.019783212502 
32.043400099103 0.019779392552 
32.055507065672 0.019775578206 
32.067615392042 0.019771768516 
32.079724642603 0.019767963420 
32.091833480335 0.019764163215 
32.103942697264 0.019760367691 
32.116052206342 0.019756577101 
32.128162294280 0.019752791668 
32.140274291744 0.019749011261 
32.152387889764 0.019745236196 
32.164504821462 0.019741466077 
32.176624232991 0.019737701313 
32.188746246396 0.019733941991 
32.200872657157 0.019730187606 
32.213002998450 0.019726438249 
32.225138376939 0.019722693395 
32.237278113617 0.019718953015 
32.249422463175 0.019715216817 
32.261570494387 0.019711484965 
32.273723387602 0.019707757034 
32.285880909152 0.019704033051 
32.298044980323 0.019700312342 
32.310214613277 0.019696595102 
32.322385980719 0.019692882410 
32.334556932779 0.019689174833 
32.346727431508 0.019685472275 
32.358897431029 0.019681774619 
32.371064452698 0.019678082476 
32.383226672055 0.019674396229 
32.395384405638 0.019670715601 
32.407537879750 0.019667040397 
32.419685424814 0.019663371098 
32.431827632472 0.019659707569 
32.443964704849 0.019656049829 
32.456096472764 0.019652397984 
32.468223554346 0.019648751840 
32.480346341643 0.019645111194 
32.492465676442 0.019641475665 
32.504581455579 0.019637845162 
32.516694229939 0.019634219448 
32.528804771658 0.019630598294 
32.540911545688 0.019626982256 
32.553012057224 0.019623372226 
32.565106629644 0.019619768235 
32.577195600909 0.019616170262 
32.589279417090 0.019612578189 
32.601359430041 0.019608991544 
32.613435276269 0.019605410320 
32.625507622952 0.019601834173 
32.637577572811 0.019598262644 
32.649645849909 0.019594695426 
32.661713175474 0.019591132263 
32.673780483657 0.019587572872 
32.685849819988 0.019584016656 
32.697921142931 0.019580463664 
32.709995663120 0.019576913564 
32.722075155281 0.019573365814 
32.734160985744 0.019569819936 
32.746251614823 0.019566276286 
32.758342933773 0.019562735981 
32.770435661372 0.019559198704 
32.782530992022 0.019555664020 
32.794625606283 0.019552132894 
32.806719812513 0.019548605268 
32.818812773584 0.019545081460 
32.830905147483 0.019541561347 
32.842995938398 0.019538045273 
32.855085908273 0.019534533030 
32.867173867912 0.019531024965 
32.879259930205 0.019527521040 
32.891343700818 0.019524021362 
32.903424628615 0.019520526088 
32.915502866558 0.019517035164 
32.927576773634 0.019513549068 
32.939647038333 0.019510067590 
32.951712460360 0.019506591069 
32.963773056185 0.019503119478 
32.975828128179 0.019499653007 
32.987877425777 0.019496191726 
32.999920619309 0.019492735725 
33.011957231554 0.019489285122 
33.023986694938 0.019485840039 
33.036009442165 0.019482400291 
33.048024411432 0.019478966137 
33.060032553094 0.019475537280 
33.072032145782 0.019472114243 
33.084023049775 0.019468697146 
33.096003446809 0.019465286646 
33.107972435935 0.019461883157 
33.119930540956 0.019458486652 
33.131878477284 0.019455096976 
33.143815262737 0.019451714386 
33.155741030776 0.019448338754 
33.167657106703 0.019444969583 
33.179563081374 0.019441606881 
33.191459907548 0.019438250306 
33.203346662072 0.019434900113 
33.215226558306 0.019431555424 
33.227098010931 0.019428216779 
33.238962410937 0.019424883860 
33.250813956784 0.019421558381 
33.262656902090 0.019418239106 
33.274489538107 0.019414926440 
33.286312268941 0.019411620161 
33.298127091489 0.019408319584 
33.309933515419 0.019405024758 
33.321734476141 0.019401734778 
33.333527070548 0.019398450435 
33.345316978831 0.019395170102 
33.357101536588 0.019391894541 
33.368884834299 0.019388622603 
33.380665299459 0.019385354752 
33.392448873258 0.019382089328 
33.404232918827 0.019378827115 
33.416022664461 0.019375566701 
33.427816078844 0.019372308732 
33.439618240713 0.019369051835 
33.451430628559 0.019365795611 
33.463253666239 0.019362539913 
33.475080837278 0.019359286516 
33.486912916107 0.019356035117 
33.498751835462 0.019352785046 
33.510598409742 0.019349535940 
