     time         enstrophy    
 0.000000000000 0.230768563580 
 0.005000000000 0.325247665651 
 0.013250000000 0.315290768182 
 0.027000000000 0.301694054034 
 0.042125000000 0.291887593309 
 0.057852340755 0.284696946922 
 0.073618927504 0.279305225641 
 0.089420210949 0.275067944089 
 0.105252695612 0.271636348245 
 0.121113321674 0.268798035522 
 0.136999575550 0.266413549971 
 0.152909332980 0.264384760275 
 0.168840623184 0.262639823551 
 0.184791690870 0.261124645027 
 0.200761045962 0.259797711101 
 0.216747400551 0.258626694726 
 0.232749548895 0.257586120285 
 0.248766404179 0.256655691836 
 0.264797021751 0.255819079873 
 0.280840478924 0.255063031817 
 0.296895972897 0.254376695744 
 0.312962734995 0.253751116820 
 0.329040153713 0.253178844439 
 0.345127621511 0.252653639123 
 0.361224553802 0.252170238358 
 0.377330446102 0.251724172363 
 0.393444795082 0.251311622474 
 0.409567171072 0.250929304694 
 0.425697123117 0.250574380570 
 0.441834313121 0.250244380504 
 0.457978399257 0.249937146925 
 0.474129028723 0.249650785643 
 0.490285906794 0.249383624794 
 0.506448726052 0.249134183391 
 0.522617230562 0.248901143155 
 0.538791132783 0.248683327209 
 0.554970222627 0.248479679659 
 0.571154295144 0.248289250814 
 0.587343119574 0.248111184041 
 0.603536513282 0.247944703496 
 0.619734268960 0.247789105201 
 0.635936220331 0.247643748020 
 0.652142172545 0.247508047155 
 0.668351977387 0.247381467266 
 0.684565508998 0.247263517374 
 0.700782602884 0.247153746610 
 0.717003138911 0.247051739504 
 0.733226968781 0.246957112896 
 0.749453973243 0.246869512404 
 0.765684023373 0.246788609882 
 0.781916997864 0.246714100849 
 0.798152819456 0.246645702165 
 0.814391368699 0.246583150482 
 0.830632553187 0.246526200190 
 0.846876277659 0.246474622005 
 0.863122439821 0.246428201579 
 0.879370953168 0.246386738190 
 0.895621717073 0.246350043703 
 0.911874680087 0.246317941420 
 0.928129753815 0.246290265373 
 0.944386858808 0.246266834762 
 0.960645882602 0.246247616877 
 0.976906845467 0.246232302250 
 0.993169638140 0.246220906745 
 1.009434158753 0.246213175420 
 1.025700373510 0.246209121999 
 1.041968238469 0.246208501729 
 1.058237667279 0.246211345894 
 1.074508622568 0.246217417877 
 1.090781026722 0.246226760338 
 1.107054855831 0.246239145726 
 1.123330020691 0.246254627061 
 1.139606486262 0.246272983993 
 1.155884230103 0.246294278783 
 1.172163165961 0.246318297478 
 1.188443252788 0.246345110392 
 1.204724479779 0.246374509324 
 1.221006775652 0.246406544680 
 1.237290099491 0.246441121187 
 1.253574399461 0.246478127914 
 1.269859668972 0.246517572831 
 1.286145839523 0.246559393171 
 1.302432883636 0.246603510290 
 1.318720762329 0.246649892286 
 1.335009396751 0.246698496337 
 1.351298192606 0.246749264943 
 1.367587147622 0.246802157037 
 1.383876247390 0.246857134392 
 1.400165486009 0.246914153750 
 1.416454853867 0.246973176019 
 1.432744347380 0.247034165619 
 1.449033960430 0.247097086198 
 1.465323675584 0.247161902781 
 1.481613490548 0.247228582740 
 1.497903400669 0.247297094158 
 1.514193393396 0.247367406007 
 1.530483466510 0.247439488772 
 1.546773613171 0.247513313922 
 1.563063828001 0.247588853804 
 1.579354105891 0.247666081827 
 1.595644433696 0.247744972306 
 1.611934811418 0.247825500448 
 1.628225230578 0.247907642277 
 1.644515685033 0.247991374658 
 1.660806171750 0.248076675228 
 1.677096685088 0.248163522353 
 1.693387221506 0.248251895129 
 1.709677772609 0.248341773302 
 1.725968331680 0.248433137280 
 1.742258899348 0.248525968142 
 1.758549463026 0.248620247497 
 1.774840022689 0.248715957599 
 1.791130574770 0.248813081244 
 1.807421113400 0.248911601747 
 1.823711637117 0.249011502966 
 1.840002137550 0.249112769212 
 1.856292610705 0.249215385300 
 1.872583055875 0.249319336524 
 1.888873462349 0.249424608560 
 1.905163831751 0.249531187588 
 1.921454159923 0.249639060163 
 1.937744441296 0.249748213229 
 1.954034675124 0.249858634145 
 1.970324853737 0.249970310593 
 1.986614975099 0.250083230651 
 2.002905036128 0.250197382736 
 2.019195029767 0.250312755571 
 2.035484957941 0.250429338263 
 2.051774815552 0.250547120186 
 2.068064598402 0.250666091018 
 2.084354306405 0.250786240763 
 2.100643933538 0.250907559663 
 2.116933477417 0.251030038262 
 2.133222934515 0.251153667360 
 2.149512300015 0.251278438006 
 2.165801575321 0.251404341546 
 2.182090755866 0.251531369521 
 2.198379837139 0.251659513710 
 2.214668820015 0.251788766160 
 2.230957700302 0.251919119102 
 2.247246474485 0.252050564985 
 2.263535138969 0.252183096466 
 2.279823691088 0.252316706413 
 2.296112131143 0.252451387917 
 2.312400456862 0.252587134237 
 2.328688662065 0.252723938787 
 2.344976747920 0.252861795225 
 2.361264713701 0.253000697367 
 2.377552553854 0.253140639163 
 2.393840265884 0.253281614753 
 2.410127848080 0.253423618448 
 2.426415298650 0.253566644717 
 2.442702619303 0.253710688213 
 2.458989800996 0.253855743646 
 2.475276844534 0.254001805960 
 2.491563751233 0.254148870244 
 2.507850517354 0.254296931686 
 2.524137139759 0.254445985611 
 2.540423615260 0.254596027479 
 2.556709943569 0.254747052903 
 2.572996108795 0.254899057480 
 2.589281728298 0.255052033480 
 2.605566799757 0.255205976786 
 2.621851331251 0.255360883509 
 2.638135315782 0.255516749741 
 2.654418733738 0.255673571555 
 2.670701574397 0.255831345221 
 2.686983845403 0.255990067293 
 2.703265538851 0.256149734281 
 2.719546645601 0.256310342783 
 2.735827142127 0.256471889353 
 2.752107037998 0.256634370972 
 2.768386333493 0.256797784624 
 2.784665021553 0.256962127315 
 2.800943083652 0.257127396028 
 2.817220514323 0.257293587961 
 2.833497320922 0.257460700538 
 2.849773501531 0.257628731171 
 2.866049033027 0.257797677140 
 2.882323903238 0.257967535916 
 2.898598126159 0.258138305325 
 2.914871697963 0.258309983091 
 2.931144612481 0.258482566987 
 2.947416850594 0.258656054727 
 2.963688411775 0.258830444294 
 2.979959303661 0.259005733836 
 2.996229526223 0.259181921491 
 3.012499053065 0.259359005182 
 3.028767875345 0.259536983088 
 3.045036008430 0.259715853722 
 3.061303449478 0.259895615468 
 3.077570194574 0.260076266764 
 3.093836224044 0.260257805936 
 3.110101536502 0.260440231575 
 3.126366143847 0.260623542484 
 3.142630042913 0.260807737363 
 3.158893214468 0.260992814787 
 3.175155644520 0.261178773448 
 3.191417347616 0.261365612419 
 3.207678325860 0.261553330695 
 3.223938578624 0.261741927294 
 3.240198084271 0.261931401047 
 3.256456839532 0.262121751048 
 3.272714859219 0.262312976659 
 3.288972137454 0.262505077055 
 3.305228670968 0.262698051492 
 3.321484432361 0.262891898989 
 3.337739432296 0.263086619068 
 3.353993683098 0.263282211321 
 3.370247183488 0.263478675229 
 3.386499918943 0.263676010163 
 3.402751876658 0.263874215554 
 3.419003066231 0.264073291158 
 3.435253494835 0.264273236746 
 3.451503166246 0.264474052097 
 3.467752048600 0.264675736591 
 3.484000138872 0.264878290007 
 3.500247455206 0.265081712432 
 3.516493998209 0.265286003781 
 3.532739769291 0.265491164020 
 3.548984747423 0.265697192874 
 3.565228931112 0.265904090353 
 3.581472336103 0.266111856730 
 3.597714959617 0.266320492084 
 3.613956803660 0.266529996592 
 3.630197836936 0.266740370043 
 3.646438067650 0.266951612769 
 3.662677515780 0.267163725299 
 3.678916174518 0.267376707851 
 3.695154043767 0.267590560769 
 3.711391105478 0.267805284195 
 3.727627361982 0.268020878575 
 3.743862832100 0.268237344610 
 3.760097509205 0.268454682704 
 3.776331389297 0.268672893327 
 3.792564448999 0.268891976721 
 3.808796700229 0.269111933637 
 3.825028159495 0.269332764925 
 3.841258824338 0.269554471213 
 3.857488689490 0.269777053125 
 3.873717738933 0.270000511165 
 3.889945978105 0.270224846165 
 3.906173424433 0.270450059157 
 3.922400074298 0.270676150914 
 3.938625920746 0.270903122196 
 3.954850943556 0.271130973602 
 3.971075154976 0.271359706217 
 3.987298572277 0.271589321232 
 4.003521193192 0.271819819594 
 4.019743013099 0.272051202243 
 4.035964017454 0.272283470009 
 4.052184210608 0.272516624016 
 4.068403611879 0.272750665637 
 4.084622216162 0.272985595923 
 4.100840022487 0.273221416014 
 4.117057006515 0.273458126734 
 4.133273179077 0.273695729447 
 4.149488561423 0.273934225698 
 4.165703148151 0.274173616674 
 4.181916939145 0.274413903665 
 4.198129920333 0.274655087778 
 4.214342094358 0.274897170396 
 4.230553480558 0.275140153178 
 4.246764074097 0.275384037449 
 4.262973881064 0.275628824726 
 4.279182876490 0.275874516081 
 4.295391063596 0.276121113034 
 4.311598464594 0.276368617422 
 4.327805079588 0.276617030774 
 4.344010912619 0.276866354704 
 4.360215948376 0.277116590553 
 4.376420185617 0.277367739898 
 4.392623639121 0.277619804594 
 4.408826313415 0.277872786360 
 4.425028218632 0.278126687031 
 4.441229327165 0.278381507872 
 4.457429637895 0.278637250582 
 4.473629167597 0.278893917171 
 4.489827927433 0.279151509582 
 4.506025923783 0.279410029713 
 4.522223141212 0.279669479132 
 4.538419573198 0.279929859572 
 4.554615227343 0.280191173013 
 4.570810120647 0.280453421613 
 4.587004253206 0.280716607282 
 4.603197624385 0.280980731940 
 4.619390213756 0.281245797202 
 4.635582028865 0.281511805164 
 4.651773094328 0.281778758223 
 4.667963405981 0.282046658330 
 4.684152966399 0.282315507568 
 4.700341765947 0.282585307838 
 4.716529804368 0.282856061216 
 4.732717097541 0.283127770070 
 4.748903647446 0.283400436560 
 4.765089467108 0.283674063053 
 4.781274531553 0.283948651297 
 4.797458839996 0.284224203462 
 4.813642407802 0.284500722018 
 4.829825249094 0.284778209437 
 4.846007368650 0.285056668055 
 4.862188752928 0.285336099912 
 4.878369399536 0.285616507256 
 4.894549313847 0.285897892492 
 4.910728514242 0.286180258273 
 4.926906997315 0.286463606894 
 4.943084770724 0.286747940864 
 4.959261815068 0.287033262236 
 4.975438134831 0.287319573500 
 4.991613749942 0.287606877440 
 5.007788665458 0.287895176603 
 5.023962886394 0.288184473553 
 5.040136404914 0.288474770643 
 5.056309215223 0.288766070282 
 5.072481326746 0.289058375170 
 5.088652752399 0.289351688092 
 5.104823498190 0.289646011733 
 5.120993561612 0.289941348637 
 5.137162926986 0.290237701129 
 5.153331602656 0.290535071988 
 5.169499611845 0.290833464290 
 5.185666952536 0.291132880668 
 5.201833626610 0.291433323846 
 5.217999631549 0.291734796483 
 5.234164964182 0.292037301244 
 5.250329636750 0.292340841104 
 5.266493655508 0.292645418942 
 5.282657033612 0.292951037791 
 5.298819761687 0.293257700278 
 5.314981827847 0.293565408996 
 5.331143242852 0.293874166986 
 5.347304031150 0.294183977574 
 5.363464187647 0.294494843541 
 5.379623712947 0.294806767795 
 5.395782608482 0.295119753279 
 5.411940871413 0.295433802869 
 5.428098514647 0.295748919768 
 5.444255541561 0.296065107012 
 5.460411853404 0.296382365651 
 5.476567153376 0.296700692815 
 5.492721447023 0.297020091549 
 5.508874751005 0.297340565149 
 5.525027080397 0.297662116900 
 5.541178449738 0.297984750096 
 5.557328835338 0.298308467288 
 5.573478228934 0.298633271344 
 5.589626653054 0.298959165773 
 5.605774141405 0.299286154331 
 5.621920688399 0.299614240006 
 5.638066287371 0.299943425775 
 5.654210941380 0.300273714831 
 5.670354658416 0.300605110487 
 5.686497458460 0.300937616321 
 5.702639347764 0.301271235653 
 5.718780341984 0.301605972014 
 5.734920423892 0.301941828273 
 5.751059585487 0.302278807504 
 5.767197850093 0.302616913452 
 5.783335248491 0.302956150044 
 5.799471779556 0.303296520560 
 5.815607430986 0.303638028059 
 5.831742211757 0.303980676065 
 5.847876129867 0.304324468103 
 5.864009205751 0.304669407982 
 5.880141442281 0.305015499158 
 5.896272857740 0.305362745437 
 5.912403437348 0.305711149934 
 5.928533171706 0.306060715891 
 5.944662085649 0.306411447311 
 5.960790208783 0.306763348327 
 5.976917540146 0.307116422429 
 5.993044066648 0.307470672853 
 6.009169801935 0.307826103443 
 6.025294752247 0.308182717899 
 6.041418936227 0.308540520214 
 6.057542357350 0.308899514070 
 6.073665037637 0.309259703580 
 6.089786958675 0.309621091973 
 6.105908116549 0.309983682819 
 6.122028534454 0.310347480314 
 6.138148243294 0.310712488857 
 6.154267237111 0.311078712033 
 6.170385509511 0.311446153435 
 6.186503077186 0.311814817199 
 6.202619938730 0.312184707069 
 6.218736114156 0.312555827301 
 6.234851609604 0.312928181852 
 6.250966451528 0.313301775173 
 6.267080612509 0.313676610487 
 6.283194098344 0.314052691799 
 6.299306927791 0.314430023443 
 6.315419130613 0.314808610032 
 6.331530699976 0.315188455347 
 6.347641636416 0.315569563356 
 6.363751953550 0.315951938358 
 6.379861646784 0.316335584241 
 6.395970738132 0.316720505547 
 6.412079236787 0.317106706536 
 6.428187159597 0.317494191673 
 6.444294495129 0.317882964765 
 6.460401248280 0.318273030030 
 6.476507431591 0.318664391893 
 6.492613066101 0.319057055008 
 6.508718159235 0.319451023724 
 6.524822715924 0.319846302350 
 6.540926731322 0.320242894974 
 6.557030219643 0.320640806172 
 6.573133193725 0.321040040515 
 6.589235667700 0.321440602624 
 6.605337643870 0.321842496855 
 6.621439133499 0.322245727805 
 6.637540138355 0.322650299857 
 6.653640655234 0.323056217290 
 6.669740708414 0.323463485097 
 6.685840316041 0.323872108145 
 6.701939487607 0.324282091107 
 6.718038195946 0.324693437741 
 6.734136476215 0.325106153414 
 6.750234331232 0.325520242699 
 6.766331778081 0.325935710553 
 6.782428809879 0.326352561343 
 6.798525460514 0.326770800513 
 6.814621710352 0.327190432145 
 6.830717567841 0.327611461068 
 6.846813052876 0.328033892439 
 6.862908191697 0.328457731611 
 6.879002975308 0.328882983034 
 6.895097402159 0.329309651375 
 6.911191490398 0.329737741848 
 6.927285247218 0.330167259403 
 6.943378687803 0.330598209228 
 6.959471814098 0.331030596184 
 6.975564644681 0.331464425604 
 6.991657177949 0.331899702303 
 7.007749424536 0.332336431453 
 7.023841385235 0.332774617983 
 7.039933083152 0.333214267456 
 7.056024529396 0.333655385138 
 7.072115729434 0.334097976169 
 7.088206668048 0.334542045142 
 7.104297381402 0.334987598090 
 7.120387870496 0.335434640111 
 7.136478150039 0.335883176707 
 7.152568210659 0.336333212736 
 7.168658089164 0.336784754374 
 7.184747767474 0.337237806291 
 7.200837258865 0.337692374061 
 7.216926581808 0.338148463433 
 7.233015757793 0.338606080279 
 7.249104779802 0.339065229689 
 7.265193645345 0.339525916904 
 7.281282371480 0.339988147755 
 7.297370976219 0.340451928131 
 7.313459468545 0.340917263696 
 7.329547846845 0.341384159834 
 7.345636127538 0.341852622483 
 7.361724319694 0.342322657397 
 7.377812432614 0.342794270372 
 7.393900461917 0.343267466828 
 7.409988434423 0.343742253136 
 7.426076362608 0.344218635279 
 7.442164253330 0.344696619109 
 7.458252080016 0.345176209508 
 7.474339887013 0.345657413502 
 7.490427676081 0.346140236885 
 7.506515463566 0.346624685920 
 7.522603236744 0.347110766027 
 7.538691031131 0.347598484115 
 7.554778834650 0.348087845689 
 7.570866669104 0.348578857315 
 7.586954534285 0.349071524923 
 7.603042455066 0.349565855246 
 7.619130435292 0.350061854411 
 7.635218476862 0.350559528517 
 7.651306572617 0.351058883413 
 7.667394765839 0.351559926551 
 7.683483051176 0.352062663915 
 7.699571439861 0.352567102037 
 7.715659923058 0.353073246857 
 7.731748542848 0.353581105951 
 7.747837274858 0.354090684845 
 7.763926146268 0.354601990723 
 7.780015164366 0.355115030185 
 7.796104349949 0.355629810299 
 7.812193699617 0.356146337403 
 7.828283210256 0.356664617875 
 7.844372890395 0.357184658506 
 7.860462778503 0.357706467099 
 7.876552870303 0.358230050119 
 7.892643166634 0.358755414232 
 7.908733671698 0.359282566254 
 7.924824418173 0.359811513977 
 7.940915390626 0.360342263658 
 7.957006612699 0.360874822879 
 7.973098094245 0.361409198816 
 7.989189855134 0.361945399021 
 8.005281888379 0.362483430199 
 8.021374189225 0.363023299164 
 8.037466771774 0.363565013405 
 8.053559676310 0.364108581346 
 8.069652895776 0.364654009864 
 8.085746425935 0.365201305972 
 8.101840275895 0.365750477177 
 8.117934476017 0.366301531766 
 8.134029012642 0.366854476567 
 8.150123911154 0.367409319795 
 8.166219178617 0.367966069085 
 8.182314836133 0.368524732612 
 8.198410874411 0.369085317545 
 8.214507286861 0.369647831189 
 8.230604089719 0.370212281694 
 8.246701322504 0.370778678087 
 8.262798980752 0.371347027906 
 8.278897060383 0.371917338750 
 8.294995567230 0.372489618617 
 8.311094535821 0.373063876582 
 8.327193947777 0.373640119894 
 8.343293835107 0.374218357650 
 8.359394197127 0.374798597842 
 8.375495059407 0.375380849458 
 8.391596414095 0.375965120342 
 8.407698256214 0.376551418489 
 8.423800593757 0.377139752420 
 8.439903464820 0.377730131820 
 8.456006878760 0.378322565394 
 8.472110828457 0.378917061294 
 8.488215309044 0.379513627809 
 8.504320358118 0.380112274865 
 8.520425961241 0.380713010522 
 8.536532148127 0.381315844546 
 8.552638917838 0.381920785623 
 8.568746296064 0.382527843508 
 8.584854277407 0.383137026849 
 8.600962858083 0.383748344417 
 8.617072035107 0.384361805073 
 8.633181845085 0.384977419254 
 8.649292310634 0.385595196946 
 8.665403430023 0.386215147272 
 8.681515179732 0.386837278580 
 8.697627595846 0.387461601579 
 8.713740683307 0.388088125859 
 8.729854451787 0.388716861263 
 8.745968918311 0.389347817997 
 8.762084094355 0.389981006128 
 8.778199992828 0.390616435860 
 8.794316605699 0.391254116643 
 8.810433914565 0.391894057585 
 8.826551919745 0.392536268603 
 8.842670517263 0.393180755516 
 8.858789673592 0.393827526985 
 8.874909378076 0.394476592655 
 8.891029653024 0.395127963576 
 8.907150480048 0.395781649237 
 8.923271876870 0.396437660669 
 8.939393837229 0.397096008010 
 8.955516369292 0.397756702070 
 8.971639465892 0.398419753115 
 8.987763099462 0.399085170646 
 9.003887266721 0.399752965239 
 9.020011997256 0.400423148925 
 9.036137288229 0.401095732484 
 9.052263126042 0.401770726331 
 9.068389496798 0.402448140949 
 9.084516421193 0.403127988366 
 9.100643878312 0.403810278949 
 9.116771893314 0.404495025105 
 9.132900433043 0.405182236865 
 9.149029522581 0.405871926823 
 9.165159130157 0.406564105250 
 9.181289237377 0.407258783067 
 9.197419851561 0.407955972396 
 9.213550986385 0.408655685743 
 9.229682641838 0.409357935128 
 9.245814763702 0.410062730303 
 9.261947368564 0.410770084196 
 9.278080448160 0.411480008763 
 9.294213989471 0.412192515848 
 9.310347989669 0.412907617850 
 9.326482451940 0.413625327545 
 9.342617346252 0.414345656339 
 9.358752657004 0.415068616378 
 9.374888353439 0.415794219233 
 9.391024461184 0.416522479118 
 9.407160969054 0.417253408716 
 9.423297847176 0.417987019971 
 9.439435084534 0.418723325790 
 9.455572682512 0.419462339765 
 9.471710623233 0.420204074729 
 9.487848898236 0.420948544065 
 9.503987509481 0.421695761763 
 9.520126449978 0.422445741528 
 9.536265687805 0.423198496029 
 9.552405210386 0.423954038954 
 9.568545030727 0.424712385322 
 9.584685136657 0.425473549114 
 9.600825518269 0.426237544548 
 9.616966146785 0.427004385079 
 9.633107041894 0.427774086601 
 9.649248177268 0.428546662967 
 9.665389563403 0.429322129925 
 9.681531189380 0.430100502354 
 9.697673046543 0.430881795385 
 9.713815130273 0.431666024494 
 9.729957409333 0.432453204014 
 9.746099892902 0.433243350394 
 9.762242580762 0.434036479791 
 9.778385466962 0.434832608245 
 9.794528521358 0.435631750759 
 9.810671759083 0.436433924733 
 9.826815165297 0.437239146259 
 9.842958733690 0.438047432018 
 9.859102481948 0.438858800071 
 9.875246382623 0.439673266394 
 9.891390418443 0.440490847641 
 9.907534579804 0.441311561027 
 9.923678906505 0.442135426475 
 9.939823358330 0.442962460025 
 9.955967906082 0.443792678449 
 9.972112561798 0.444626100821 
 9.988257335136 0.445462746304 
10.004402211476 0.446302633010 
10.020547164140 0.447145778611 
10.036692215853 0.447992203562 
10.052837347565 0.448841926350 
10.068982539081 0.449694965600 
10.085127800030 0.450551341724 
10.101273123307 0.451411074474 
10.117418497224 0.452274183578 
10.133563904211 0.453140688665 
10.149709374093 0.454010612143 
10.165854881158 0.454883973674 
10.182000391904 0.455760792714 
10.198145915236 0.456641091250 
10.214291461119 0.457524891585 
10.230437024914 0.458412215480 
10.246582556582 0.459303082440 
10.262728078061 0.460197516174 
10.278873583858 0.461095539154 
10.295019060961 0.461997173694 
10.311164498275 0.462902442474 
10.327309906482 0.463811369671 
10.343455278649 0.464723978758 
10.359600573265 0.465640291520 
10.375745812656 0.466560333639 
10.391890990394 0.467484129466 
10.408036088752 0.468411702995 
10.424181111272 0.469343079737 
10.440326022885 0.470278283279 
10.456470831305 0.471217339977 
10.472615516891 0.472160274919 
10.488760104017 0.473107116080 
10.504904569840 0.474057889010 
10.521048878527 0.475012618796 
10.537193051571 0.475971334244 
10.553337086804 0.476934063116 
10.569480947635 0.477900831456 
10.585624642896 0.478871668366 
10.601768180526 0.479846603268 
10.617911529121 0.480825663572 
10.634054663017 0.481808877379 
10.650197604538 0.482796276086 
10.666340346079 0.483787889661 
10.682482878905 0.484783748387 
10.698625180086 0.485783882060 
10.714767231798 0.486788321173 
10.730909014879 0.487797096533 
10.747050546819 0.488810226224 
10.763191834276 0.489827779443 
10.779332842833 0.490849773858 
10.795473544371 0.491876227651 
10.811613955986 0.492907173826 
10.827754080490 0.493942648126 
10.843893880163 0.494982683034 
10.860033358527 0.496027314862 
10.876172516935 0.497076580363 
10.892311330639 0.498130514971 
10.908449792571 0.499189155700 
10.924587882174 0.500252539131 
10.940725594402 0.501320703329 
10.956862949678 0.502393688535 
10.972999931822 0.503471533062 
10.989136501770 0.504554274168 
11.005272637188 0.505641950707 
11.021408334660 0.506734603315 
11.037543607600 0.507832274314 
11.053678437006 0.508935004373 
11.069812827318 0.510042836312 
11.085946737635 0.511155810400 
11.102080146490 0.512273968779 
11.118213073917 0.513397357058 
11.134345503226 0.514526018906 
11.150477417056 0.515659998542 
11.166608812929 0.516799341844 
11.182739688324 0.517944095330 
11.198870004154 0.519094303555 
11.214999759728 0.520250014440 
11.231128933765 0.521411275102 
11.247257518101 0.522578134266 
11.263385539564 0.523750643899 
11.279512964707 0.524928852313 
11.295639763905 0.526112808775 
11.311765907055 0.527302563216 
11.327891384481 0.528498167792 
11.344016201469 0.529699676528 
11.360140355771 0.530907143671 
11.376263844233 0.532120624189 
11.392386626865 0.533340171059 
11.408508672187 0.534565838663 
11.424629980600 0.535797684605 
11.440750559410 0.537035767871 
11.456870382477 0.538280145734 
11.472989429716 0.539530876768 
11.489107704848 0.540788022265 
11.505225187233 0.542051642516 
11.521341874826 0.543321800164 
11.537457720964 0.544598555243 
11.553572702102 0.545881970501 
11.569686831712 0.547172112580 
11.585800107954 0.548469047895 
11.601912510894 0.549772842388 
11.618024037021 0.551083564315 
11.634134625440 0.552401278256 
11.650244246538 0.553726052304 
11.666352917028 0.555057959396 
11.682460619601 0.556397070755 
11.698567331563 0.557743458211 
11.714673065452 0.559097197637 
11.730777783719 0.560458361820 
11.746881451591 0.561827024863 
11.762984073807 0.563203265353 
11.779085621478 0.564587160180 
11.795186074630 0.565978788154 
11.811285431731 0.567378230878 
11.827383664948 0.568785568892 
11.843480755447 0.570200884734 
11.859576710803 0.571624264527 
11.875671493268 0.573055791677 
11.891765065258 0.574495550845 
11.907857419943 0.575943630728 
11.923948532782 0.577400119769 
11.940038391995 0.578865108904 
11.956127008816 0.580338692561 
11.972214359953 0.581820963435 
11.988300420527 0.583312015466 
12.004385104853 0.584811938328 
12.020468408222 0.586320830597 
12.036550332999 0.587838793027 
12.052630866947 0.589365926520 
12.068709987559 0.590902332526 
12.084787681845 0.592448114935 
12.100863930889 0.594003378633 
12.116938685228 0.595568227108 
12.133011939439 0.597142769695 
12.149083652965 0.598727113921 
12.165153806766 0.600321371040 
12.181222407511 0.601925656551 
12.197289404761 0.603540081962 
12.213354786940 0.605164764351 
12.229418541026 0.606799822411 
12.245480648630 0.608445376063 
12.261541085231 0.610101546381 
12.277599787566 0.611768452205 
12.293656724013 0.613446217397 
12.309711898012 0.615134971339 
12.325765299740 0.616834843951 
12.341816896255 0.618545964614 
12.357866676666 0.620268466966 
12.373914633119 0.622002486952 
12.389960684200 0.623748154507 
12.406004797159 0.625505606714 
12.422046944496 0.627274983221 
12.438087098678 0.629056425694 
12.454125271988 0.630850082300 
12.470161413397 0.632656096254 
12.486195520014 0.634474618252 
12.502227567607 0.636305798739 
12.518257483350 0.638149784700 
12.534285249552 0.640006731526 
12.550310832299 0.641876794921 
12.566334224582 0.643760135935 
12.582355394391 0.645656914941 
12.598374298691 0.647567293216 
12.614390894405 0.649491434239 
12.630405182746 0.651429509084 
12.646417147209 0.653381689067 
12.662426757892 0.655348146215 
12.678433958369 0.657329051590 
12.694438680002 0.659324576978 
12.710440932441 0.661334906239 
12.726440678350 0.663360219811 
12.742437871911 0.665400699412 
12.758432510208 0.667456534637 
12.774424580185 0.669527916307 
12.790414037072 0.671615033601 
12.806400811861 0.673718074895 
12.822384851332 0.675837232971 
12.838366152556 0.677972709733 
12.854344629538 0.680124698476 
12.870320302548 0.682293409208 
12.886293137163 0.684479047169 
12.902263118951 0.686681822856 
12.918230167330 0.688901940136 
12.934194242107 0.691139610848 
12.950155303018 0.693395049308 
12.966113370499 0.695668480988 
12.982068366378 0.697960119932 
12.998020221098 0.700270183736 
13.013968965447 0.702598907028 
13.029914521692 0.704946511248 
13.045856853126 0.707313226223 
13.061795968490 0.709699291089 
13.077731767084 0.712104931125 
13.093664249117 0.714530389142 
13.109593332285 0.716975897901 
13.125519010954 0.719441704258 
13.141441251231 0.721928053237 
13.157359943194 0.724435180271 
13.173275131159 0.726963347342 
13.189186806499 0.729512810749 
13.205094864628 0.732083813727 
13.220999224495 0.734676605286 
13.236899856342 0.737291444929 
13.252796742045 0.739928596397 
13.268689813174 0.742588317318 
13.284579059347 0.745270877147 
13.300464472133 0.747976547991 
13.316345974799 0.750705592476 
13.332223546678 0.753458284807 
13.348097099253 0.756234889431 
13.363966591863 0.759035680927 
13.379832043218 0.761860946410 
13.395693282079 0.764710941025 
13.411550359073 0.767585961217 
13.427403234990 0.770486289345 
13.443251860227 0.773412207560 
13.459096208832 0.776364004037 
13.474936221332 0.779341962336 
13.490771880089 0.782346375391 
13.506603124638 0.785377529560 
13.522429848704 0.788435703591 
13.538252113992 0.791521209960 
13.554069727438 0.794634312886 
13.569882747852 0.797775326821 
13.585691208077 0.800944562885 
13.601494996847 0.804142304545 
13.617294021286 0.807368839458 
13.633088303624 0.810624479572 
13.648877785605 0.813909521346 
13.664662366662 0.817224252901 
13.680441998855 0.820568973708 
13.696216731623 0.823944004633 
13.711986501296 0.827349643246 
13.727751227685 0.830786183696 
13.743510928738 0.834253941767 
13.759265567005 0.837753221633 
13.775015085963 0.841284323347 
13.790759328745 0.844847524130 
13.806498373125 0.848443153948 
13.822232199230 0.852071521166 
13.837960717352 0.855732917865 
13.853683881176 0.859427645700 
13.869401713215 0.863156022376 
13.885114142961 0.866918343492 
13.900821169387 0.870714920790 
13.916522802739 0.874546068670 
13.932218910749 0.878412066270 
13.947909548868 0.882313238052 
13.963594660035 0.886249880435 
13.979274140035 0.890222276967 
13.994948106373 0.894230766656 
14.010616314210 0.898275595464 
14.026278866808 0.902357097372 
14.041935827241 0.906475596322 
14.057587094017 0.910631372514 
14.073232529157 0.914824694735 
14.088872290519 0.919055910015 
14.104506385718 0.923325325289 
14.120134633211 0.927633194629 
14.135757071939 0.931979831032 
14.151373750640 0.936365549998 
14.166984623505 0.940790639942 
14.182589592436 0.945255373002 
14.198188693542 0.949760058290 
14.213781975304 0.954305008082 
14.229369423319 0.958890515733 
14.244950952973 0.963516852617 
14.260526542595 0.968184307141 
14.276096401371 0.972893236547 
14.291660304133 0.977643866748 
14.307218309522 0.982436507883 
14.322770456494 0.987271464060 
14.338316896481 0.992149074696 
14.353857259093 0.997069515132 
14.369391831714 1.002033166773 
14.384920579142 1.007040310379 
14.400443523424 1.012091245091 
14.415960538918 1.017186222109 
14.431471769529 1.022325581000 
14.446977336613 1.027509656012 
14.462477090291 1.032738691620 
14.477970981789 1.038012965242 
14.493459245043 1.043332851211 
14.508941870455 1.048698642346 
14.524418708546 1.054110582229 
14.539889918955 1.059569021554 
14.555355563399 1.065074983051 
14.570815557482 1.070627475824 
14.586270064276 1.076227452959 
14.601719125018 1.081875197414 
14.617162761108 1.087571015910 
14.632600875412 1.093315162951 
14.648033632869 1.099107992932 
14.663461244684 1.104949882531 
14.678883581922 1.110841083251 
14.694300495297 1.116781839126 
14.709712301403 1.122772575982 
14.725119213150 1.128813686219 
14.740520919162 1.134905360980 
14.755917561194 1.141047971868 
14.771309320320 1.147241912381 
14.786696137910 1.153487485202 
14.802078027725 1.159785025692 
14.817455210456 1.166134958321 
14.832827680415 1.172537619034 
14.848195445315 1.178993351138 
14.863558643281 1.185502554247 
14.878917345338 1.192065601333 
14.894271635860 1.198682871514 
14.909621705067 1.205354790171 
14.924967521044 1.212081687090 
14.940309077794 1.218863902350 
14.955646650527 1.225701901208 
14.970980434560 1.232596117692 
14.986310287679 1.239546836949 
15.001636326977 1.246554462170 
15.016958684616 1.253619407044 
15.032277463594 1.260742075130 
15.047592702640 1.267922842206 
15.062904509336 1.275162116949 
15.078213087916 1.282460354314 
15.093518623196 1.289818000368 
15.108821102886 1.297235404600 
15.124120605990 1.304712955791 
15.139417296214 1.312251079762 
15.154711442282 1.319850250694 
15.170003015793 1.327510792006 
15.185292024015 1.335233038682 
15.200578826462 1.343017499686 
15.215863612813 1.350864598136 
15.231146324195 1.358774627754 
15.246427081229 1.366747971078 
15.261706049930 1.374785032488 
15.276983527404 1.382886283926 
15.292259501931 1.391052032200 
15.307534000090 1.399282598704 
15.322807429051 1.407578505577 
15.338080091383 1.415940218915 
15.353351978557 1.424368033865 
15.368622961578 1.432862175398 
15.383893535841 1.441423214119 
15.399163820639 1.450051517360 
15.414433798315 1.458747378550 
15.429703484847 1.467511112539 
15.444973340555 1.476343292214 
15.460243706711 1.485244427675 
15.475514515784 1.494214788957 
15.490785732660 1.503254650653 
15.506057843670 1.512364575419 
15.521331407382 1.521545148594 
15.536605898462 1.530796276065 
15.551881580152 1.540118296032 
15.567158843667 1.549511591340 
15.582438173751 1.558976574000 
15.597719085508 1.568513032232 
15.613001969471 1.578121272634 
15.628287196913 1.587801584431 
15.643575132491 1.597554257329 
15.658865525136 1.607379201601 
15.674158642598 1.617276673402 
15.689454942126 1.627247076372 
15.704754554075 1.637290627625 
15.720057339231 1.647407382465 
15.735363673748 1.657597737759 
15.750674022728 1.667862144762 
15.765988320623 1.678200680559 
15.781306684271 1.688613506141 
15.796629269093 1.699100763036 
15.811956564334 1.709662772300 
15.827288562694 1.720299471195 
15.842625231643 1.731010738821 
15.857966875822 1.741796662751 
15.873313881191 1.752657383158 
15.888666256961 1.763592788624 
15.904024105840 1.774602861043 
15.919387535303 1.785687629852 
15.934756979709 1.796847417802 
15.950132518222 1.808082364275 
15.965514117109 1.819392605394 
15.980902025664 1.830778571562 
15.996296593750 1.842240863792 
16.011697803326 1.853779906495 
16.027105701726 1.865396256095 
16.042520360991 1.877090559007 
16.057942227182 1.888863800828 
16.073371310761 1.900716678360 
16.088807492637 1.912649804042 
16.104251009962 1.924664057356 
16.119702250756 1.936760413660 
16.135161101848 1.948939416137 
16.150627518372 1.961201584797 
16.166101578173 1.973547430776 
16.181583766821 1.985977660707 
16.197073980057 1.998492368796 
16.212572020309 2.011091411896 
16.228078071735 2.023774789020 
16.243592341443 2.036542370977 
16.259108769580 2.049388775070 
16.274627604290 2.062313655792 
16.290148440987 2.075316118075 
16.305671260537 2.088395648410 
16.321196344411 2.101552139942 
16.336723534480 2.114785358215 
16.352252876243 2.128095540125 
16.367784393135 2.141483238294 
16.383318133719 2.154949369830 
16.398854067735 2.168495110142 
16.414392374294 2.182122090102 
16.429932918157 2.195831857985 
16.445475741642 2.209626200520 
16.461021025788 2.223507000408 
16.476568808720 2.237475866188 
16.492119244963 2.251534225534 
16.507672088322 2.265682733655 
16.523227464354 2.279921868950 
16.538786084841 2.294252087894 
16.554346851070 2.308671638604 
16.569910286208 2.323179732393 
16.585476854601 2.337775139243 
16.601046189192 2.352455648573 
16.616618501684 2.367219580504 
16.632193982617 2.382065436895 
16.647772371962 2.396991684664 
16.663354012783 2.411997905670 
16.678939227074 2.427084301115 
16.694527907686 2.442251292682 
16.710119900621 2.457499783209 
16.725715418743 2.472831387778 
16.741315320728 2.488248488159 
16.756918166264 2.503751088375 
16.772524983724 2.519341179420 
16.788135845020 2.535019160719 
16.803750595009 2.550784406706 
16.819369720068 2.566636087138 
16.834993028081 2.582571912064 
16.850620646645 2.598589300814 
16.866252688860 2.614685322629 
16.881889889788 2.630857669056 
16.897531006458 2.647102317872 
16.913176876854 2.663417931373 
16.928827801199 2.679803381542 
16.944483345151 2.696257640968 
16.960144024153 2.712781485550 
16.975809671954 2.729375649981 
16.991480519209 2.746041712258 
17.007156473296 2.762781058734 
17.022838642165 2.779596172124 
17.038525221015 2.796485991909 
17.054217394289 2.813451897086 
17.069915100250 2.830493078033 
17.085618226824 2.847607755903 
17.101327236869 2.864793890130 
17.117042124405 2.882048187797 
17.132762555028 2.899366465513 
17.148488815829 2.916744935457 
17.164221500929 2.934180120137 
17.179959579557 2.951666979267 
17.195703847456 2.969202861217 
17.211453793945 2.986784224291 
17.227210068999 3.004409379288 
17.242973001573 3.022076830511 
17.258741554762 3.039784041362 
17.274515996188 3.057530218857 
17.290297008648 3.075315152034 
17.306083899790 3.093137071377 
17.321877298741 3.110995472317 
17.337677417800 3.128889079149 
17.353483567359 3.146815280268 
17.369296067209 3.164772255956 
17.385115270381 3.182757929547 
17.400940311746 3.200768691501 
17.416771501496 3.218802199374 
17.432608928228 3.236855914448 
17.448452395446 3.254927140612 
17.464300712439 3.273012355375 
17.480153302463 3.291109057368 
17.496010895420 3.309216537159 
17.511875621169 3.327335986223 
17.527745895357 3.345464772103 
17.543621775631 3.363602342938 
17.559505336844 3.381750535516 
17.575396281068 3.399908611176 
17.591294953781 3.418076554502 
17.607201955164 3.436254571607 
17.623114811609 3.454439363941 
17.639034255234 3.472631073323 
17.654961295742 3.490829938349 
17.670893449554 3.509032129453 
17.686831410513 3.527237196819 
17.702776335839 3.545445027250 
17.718726749021 3.563652462349 
17.734684467740 3.581859929790 
17.750647495122 3.600063582462 
17.766616790939 3.618262833566 
17.782591092352 3.636454580910 
17.798566290892 3.654632609083 
17.814543032035 3.672796022570 
17.830521102500 3.690942987987 
17.846499871079 3.709071264995 
17.862478425190 3.727178457219 
17.878456019437 3.745262571546 
17.894433113937 3.763323102792 
17.910409652127 3.781359119224 
17.926386298499 3.799370737457 
17.942363470545 3.817358163945 
17.958341271043 3.835321603998 
17.974320447572 3.853262263494 
17.990300140661 3.871179990275 
18.006278634396 3.889074207138 
18.022256122088 3.906946801356 
18.038233003219 3.924800106760 
18.054209690090 3.942636762199 
18.070186241878 3.960459469089 
18.086163372624 3.978272017486 
18.102141341555 3.996077813094 
18.118120500998 4.013880269695 
18.134099036780 4.031680438226 
18.150076826001 4.049481269932 
18.166053945858 4.067285679842 
18.182030784843 4.085096262558 
18.198007901582 4.102915342539 
18.213985259221 4.120744573243 
18.229963697315 4.138586152194 
18.245942653946 4.156439744763 
18.261921988456 4.174304865044 
18.277901714063 4.192181311351 
18.293882410372 4.210069262458 
18.309864503015 4.227967890909 
18.325845430276 4.245872843986 
18.341825518648 4.263783281244 
18.357805242953 4.281698542596 
18.373784516964 4.299616961696 
18.389764103633 4.317537795952 
18.405744214952 4.335460174749 
18.421725138892 4.353383656589 
18.437707459509 4.371308386863 
18.453691040648 4.389234094415 
18.469673165419 4.407157921226 
18.485653410352 4.425079661402 
18.501632203266 4.443000724334 
18.517609524913 4.460922903737 
18.533586007797 4.478848624946 
18.549561791260 4.496778028277 
18.565537188225 4.514714937645 
18.581512421005 4.532660375326 
18.597488036556 4.550618161770 
18.613464127607 4.568589310725 
18.629439762762 4.586573042020 
18.645413185297 4.604568336412 
18.661384422091 4.622576125926 
18.677353889372 4.640596493457 
18.693322008971 4.658628563366 
18.709288576209 4.676671133162 
18.725254405403 4.694724882576 
18.741219399527 4.712789638356 
18.757183236268 4.730865145408 
18.773144897224 4.748951078879 
18.789104982175 4.767049452890 
18.805063046559 4.785161472071 
18.821020097155 4.803290546497 
18.836975904733 4.821439351747 
18.852931172878 4.839611197728 
18.868884784525 4.857806153380 
18.884833854956 4.876021711097 
18.900779186441 4.894259227473 
18.916720530700 4.912517852149 
18.932658678343 4.930796195203 
18.948593545717 4.949090710259 
18.964525714760 4.967398177749 
18.980455369594 4.985714607680 
18.996383058435 5.004036147114 
19.012308996061 5.022358972038 
19.028233649218 5.040680033811 
19.044157363167 5.058996048657 
19.060074217084 5.077296754158 
19.075984312929 5.095579179453 
19.091887908752 5.113841399044 
19.107785358182 5.132081928974 
19.123677105355 5.150299174296 
19.139563533853 5.168491679188 
19.155445203979 5.186659019993 
19.171322527576 5.204801760652 
19.187194654752 5.222920618532 
19.203057063335 5.241014288119 
19.218910117266 5.259088942910 
19.234754554476 5.277152774019 
19.250590832882 5.295214923255 
19.266419864094 5.313286208967 
19.282242409446 5.331377779130 
19.298058167973 5.349498824674 
19.313864592201 5.367654139363 
19.329662595795 5.385849633291 
19.345453064813 5.404088231552 
19.361237205952 5.422370455093 
19.377015846023 5.440693930204 
19.392786602449 5.459050779247 
19.408545945297 5.477430572150 
19.424294054986 5.495826366226 
19.440033237290 5.514233623731 
19.455763702758 5.532646280943 
19.471487590373 5.551061665038 
19.487205773272 5.569476675039 
19.502919532592 5.587889656669 
19.518621764849 5.606290896754 
19.534309835899 5.624677015025 
19.549985338629 5.643050031007 
19.565649991466 5.661412260706 
19.581305165487 5.679765748404 
19.596953072609 5.698113705564 
19.612591078859 5.716454008573 
19.628214045483 5.734781795863 
19.643823678973 5.753100029692 
19.659422377156 5.771412504289 
19.675011281498 5.789721484749 
19.690592296324 5.808030018185 
19.706161782900 5.826335254157 
19.721720438431 5.844639616556 
19.737270395972 5.862947481311 
19.752812368178 5.881262478983 
19.768344379814 5.899586790693 
19.783864427743 5.917924463701 
19.799371933831 5.936282817651 
19.814868067022 5.954672279031 
19.830355155154 5.973105164196 
19.845834190620 5.991592263507 
19.861298895302 6.010135536034 
19.876749410116 6.028742786861 
19.892187860010 6.047421473021 
19.907615780825 6.066175044092 
19.923025194245 6.084992338867 
19.938416742661 6.103868446205 
19.953792347827 6.122796739522 
19.969154065049 6.141769110680 
19.984503936048 6.160777795396 
19.999843596715 6.179817337828 
20.015175440158 6.198888229576 
20.030495631280 6.217989818748 
20.045805072391 6.237132630542 
20.061106892628 6.256333176013 
20.076399521092 6.275602671993 
20.091676386875 6.294943328053 
20.106939523504 6.314361738178 
20.122191178151 6.333857344350 
20.137435940233 6.353425349581 
20.152673416089 6.373049796456 
20.167888494789 6.392695147242 
20.183085677398 6.412351505585 
20.198265239013 6.432008366119 
20.213431973090 6.451667818282 
20.228588595232 6.471337490042 
20.243738623487 6.491033104306 
20.258874671006 6.510761620021 
20.273993615012 6.530536662207 
20.289100784990 6.550380353176 
20.304197357632 6.570305586608 
20.319283916527 6.590319879138 
20.334358981442 6.610423986600 
20.349424546358 6.630619989832 
20.364477849979 6.650902480834 
20.379513391272 6.671262457902 
20.394535700893 6.691703895709 
20.409548904308 6.712230175008 
20.424555536909 6.732841854426 
20.439546675563 6.753522973001 
20.454516642904 6.774259192585 
20.469465627388 6.795041099595 
20.484400083880 6.815865960076 
20.499323985632 6.836728722504 
20.514235599758 6.857620494671 
20.529126572773 6.878529669939 
20.543999232592 6.899465201161 
20.558855678628 6.920439970564 
20.573702019020 6.941473338203 
20.588546117146 6.962584592466 
20.603377741490 6.983763151078 
20.618199928378 7.005008759713 
20.633018449485 7.026317453951 
20.647819427233 7.047653420643 
20.662599882838 7.068993554471 
20.677366233220 7.090327994141 
20.692124489078 7.111648799445 
20.706877058343 7.132947727779 
20.721627560686 7.154223478739 
20.736349490062 7.175439835007 
20.751050747387 7.196611023717 
20.765733662146 7.217745147475 
20.780404112476 7.238855274525 
20.795069452566 7.259956008863 
20.809731823749 7.281054177803 
20.824394966527 7.302157115221 
20.839040858064 7.323241517708 
20.853673508201 7.344310559627 
20.868294740551 7.365359815452 
20.882907911395 7.386382403368 
20.897525358185 7.407379439087 
20.912131890158 7.428313760771 
20.926731760444 7.449173538412 
20.941333565394 7.469953738116 
20.955933211812 7.490636352139 
20.970519887163 7.511200100813 
20.985099938410 7.531652866770 
20.999679089094 7.552008219941 
21.014253635858 7.572274163639 
21.028817118192 7.592462469914 
21.043376425392 7.612604705582 
21.057937742714 7.632730027883 
21.072497273931 7.652852902344 
21.087047048776 7.672977289144 
21.101604953481 7.693130971387 
21.116169936833 7.713309916805 
21.130730246262 7.733489089242 
21.145286701300 7.753652444170 
21.159844163992 7.773785043615 
21.174401325643 7.793862271143 
21.188957869925 7.813859663353 
21.203532334060 7.833775723776 
21.218104991342 7.853562213665 
21.232689623830 7.873213695995 
21.247284777356 7.892707039117 
21.261892924515 7.912027440279 
21.276519271376 7.931167404743 
21.291161977400 7.950114621909 
21.305821191231 7.968863937413 
21.320513446081 7.987431874922 
21.335211765732 8.005785603831 
21.349921018524 8.023927732687 
21.364639255751 8.041853594248 
21.379380557244 8.059571789965 
21.394156067711 8.077086591485 
21.408962448351 8.094391482284 
21.423791018346 8.111474111839 
21.438642957373 8.128334829353 
21.453515521159 8.144976676451 
21.468402947546 8.161400228805 
21.483310354487 8.177615342997 
21.498243520437 8.193634607370 
21.513210693181 8.209462027124 
21.528211326553 8.225087831134 
21.543256157002 8.240507073156 
21.558319046712 8.255675508676 
21.573404050332 8.270567540411 
21.588506374180 8.285146152165 
21.603640251717 8.299382746812 
21.618814251851 8.313240062196 
21.634021086416 8.326673186455 
21.649263240468 8.339645977579 
21.664557163480 8.352135913711 
21.679899447614 8.364111664120 
21.695272844852 8.375544743501 
21.710692955611 8.386431699476 
21.726168479374 8.396774411013 
21.741685136647 8.406571790942 
21.757229106973 8.415833642473 
21.772800123408 8.424578357699 
21.788404484791 8.432826975700 
21.804044144114 8.440592643403 
21.819716359340 8.447878965852 
21.835424782937 8.454684174473 
21.851163364434 8.460998558252 
21.866922336776 8.466809773216 
21.882701897992 8.472104191785 
21.898511246214 8.476875768882 
21.914350547016 8.481112413489 
21.930212825732 8.484811619817 
21.946101133122 8.487982581022 
21.962020700912 8.490631628757 
21.977970383885 8.492769416531 
21.993951228913 8.494408259127 
22.009968464025 8.495559623801 
22.026019770277 8.496233891467 
22.042090288907 8.496447082552 
22.058176666948 8.496212147688 
22.074280232911 8.495527382285 
22.090378165822 8.494385534238 
22.106476368421 8.492771837024 
22.122583497360 8.490680013865 
22.138698638593 8.488117452913 
22.154787608698 8.485117418480 
22.170847062508 8.481692634909 
22.186873493885 8.477829438855 
22.202868672799 8.473505840550 
22.218836070186 8.468713877096 
22.234779687575 8.463471539355 
22.250689919902 8.457819716956 
22.266572275589 8.451792485658 
22.282431543637 8.445412303160 
22.298268016179 8.438693020252 
22.314076309148 8.431658960915 
22.329865387698 8.424343609081 
22.345632921800 8.416796709837 
22.361385909515 8.409044872576 
22.377119434619 8.401093429812 
22.392835383201 8.392930848272 
22.408540116186 8.384560565340 
22.424238192691 8.376016304143 
22.439916365540 8.367349362551 
22.455580881159 8.358572608968 
22.471243381061 8.349663823718 
22.486891797242 8.340599118539 
22.502530602073 8.331331823570 
22.518166952810 8.321814357181 
22.533799160275 8.312027470520 
22.549438052691 8.301970441241 
22.565068651932 8.291691806960 
22.580699474782 8.281242867270 
22.596338006279 8.270681451233 
22.611982921893 8.260048908591 
22.627626333173 8.249341520441 
22.643276377197 8.238491119582 
22.658936833132 8.227418850539 
22.674600638808 8.216093640900 
22.690277404968 8.204541983113 
22.705968238977 8.192860874899 
22.721675360917 8.181153942435 
22.737392768510 8.169484576578 
22.753122333265 8.157840151451 
22.768875886945 8.146156123472 
22.784641410113 8.134391652590 
22.800419446837 8.122514076727 
22.816184213727 8.110549298272 
22.831928209188 8.098542951006 
22.847653325310 8.086551818678 
22.863362700522 8.074642262027 
22.879058712658 8.062881853601 
22.894735209696 8.051312005919 
22.910387700156 8.039916220478 
22.926017656418 8.028651155766 
22.941605588053 8.017526836037 
22.957147978797 8.006591222173 
22.972647124419 7.995916829815 
22.988106837770 7.985555404898 
23.003530873694 7.975504297528 
23.018921858374 7.965719298183 
23.034282835871 7.956141486993 
23.049618152685 7.946720556702 
23.064902877091 7.937465999731 
23.080124406244 7.928409898836 
23.095282637333 7.919581972020 
23.110380228070 7.911005885752 
23.125416868065 7.902693825628 
23.140393069957 7.894635182006 
23.155311525151 7.886801345876 
23.170172317227 7.879155604678 
23.184976502360 7.871661672026 
23.199725317846 7.864307963226 
23.214406983217 7.857127413608 
23.229015272357 7.850166752143 
23.243553178095 7.843453999768 
23.258021235971 7.836988803078 
23.272417374732 7.830750436548 
23.286743229141 7.824715178112 
23.301001611155 7.818870108457 
23.315192372113 7.813214807637 
23.329318161686 7.807757109290 
23.343379793131 7.802505577125 
23.357380386824 7.797445330543 
23.371319245768 7.792541760970 
23.385198783876 7.787755696894 
23.399020795376 7.783054399347 
23.412784103060 7.778420339664 
23.426492614893 7.773849386858 
23.440149509583 7.769346837809 
23.453758819043 7.764928751737 
23.467315498583 7.760631183853 
23.480820565863 7.756493774886 
23.494279079373 7.752549105849 
23.507693279345 7.748823838852 
23.521064174660 7.745337762742 
23.534395619722 7.742106556614 
23.547688576283 7.739149934398 
23.560942603571 7.736485278273 
23.574162444473 7.734120700895 
23.587352422635 7.732057389007 
23.600514326953 7.730288665951 
23.613642592397 7.728797256880 
23.626743619631 7.727548716913 
23.639820608641 7.726505293749 
23.652878127146 7.725632586959 
23.665915651863 7.724913525646 
23.678932102351 7.724349282641 
23.691932762467 7.723943728896 
23.704919903681 7.723689654527 
23.717894777833 7.723566881643 
23.730862509467 7.723547008610 
23.743823451588 7.723602211924 
23.756774284124 7.723716951878 
23.769722224672 7.723889491790 
23.782668105176 7.724130465263 
23.795617204633 7.724452374538 
23.808565779327 7.724863346535 
23.821513226077 7.725360624696 
23.834465756700 7.725933009780 
23.847422367150 7.726572214406 
23.860387453092 7.727272079591 
23.873365114899 7.728027787699 
23.886358486650 7.728835326547 
23.899361278943 7.729693128388 
23.912371451417 7.730594162051 
23.925397723066 7.731522055241 
23.938439068941 7.732459640359 
23.951499963797 7.733385600923 
23.964583499895 7.734277353927 
23.977692877279 7.735121395991 
23.990822004742 7.735919382546 
24.003970886123 7.736670340689 
24.017147279394 7.737356962650 
24.030347743262 7.737963175955 
24.043579031534 7.738473638527 
24.056839647224 7.738876008291 
24.070127860753 7.739169075402 
24.083445775723 7.739372429159 
24.096794677631 7.739517080060 
24.110164885724 7.739634002466 
24.123559592874 7.739754215646 
24.136985175433 7.739904468891 
24.150443040039 7.740087306881 
24.163935394181 7.740283783815 
24.177469646008 7.740471345670 
24.191046967791 7.740625838642 
24.204655330329 7.740720356568 
24.218292691206 7.740728278500 
24.231972173339 7.740633241193 
24.245691492102 7.740448590658 
24.259456196798 7.740215256741 
24.273269290528 7.739991744080 
24.287136104919 7.739837519985 
24.301048580288 7.739813258527 
24.314997335351 7.739969111261 
24.328999171827 7.740324864656 
24.343048231729 7.740873957868 
24.357153522339 7.741588252559 
24.371312359082 7.742439202055 
24.385533737735 7.743403038376 
24.399808970623 7.744476568490 
24.414135643021 7.745670128812 
24.428525885863 7.746996397751 
24.442969527108 7.748471145800 
24.457473480800 7.750103725427 
24.472038694407 7.751893690557 
24.486670721401 7.753826910579 
24.501365326722 7.755880472329 
24.516129148535 7.758021192719 
24.530965841144 7.760220528221 
24.545859572874 7.762473829929 
24.560811347080 7.764797084922 
24.575833449240 7.767218915731 
24.590923308292 7.769777030799 
24.606083958742 7.772506722351 
24.621317322655 7.775431808267 
24.636628314308 7.778558982450 
24.652004003574 7.781868686637 
24.667446706178 7.785317814528 
24.682965522592 7.788865249039 
24.698504708128 7.792491396335 
24.713989887634 7.796195472988 
24.729428827907 7.799985294012 
24.744822473954 7.803881886311 
24.760172511910 7.807917290247 
24.775496932521 7.812111088095 
24.790799715750 7.816457840037 
24.806064296499 7.820949706453 
24.821291405815 7.825610055884 
24.836506988333 7.830490961396 
24.851706694288 7.835650616618 
24.866899626442 7.841134271189 
24.882090618360 7.846945853984 
24.897284711150 7.853036090513 
24.912486903273 7.859321609646 
24.927701595837 7.865717595221 
24.942933197857 7.872158318392 
24.958173347877 7.878604211597 
24.973442492130 7.885051998858 
24.988739886348 7.891523216499 
25.004041506000 7.898052214921 
25.019351846545 7.904691138924 
25.034679890663 7.911514008455 
25.050016659088 7.918595934532 
25.065363513754 7.925980593740 
25.080726302496 7.933659726617 
25.096095375135 7.941573517319 
25.111468825286 7.949643176070 
25.126833779795 7.957810561063 
25.142210804410 7.966073077310 
25.157570313693 7.974447105102 
25.172933039973 7.982946972525 
25.188306215982 7.991548990990 
25.203691937771 8.000215592197 
25.219086340255 8.008927422610 
25.234478040998 8.017694583634 
25.249906219662 8.026550233191 
25.265371966905 8.035509540399 
25.280860994401 8.044564533398 
25.296346757361 8.053673802004 
25.311828677330 8.062778869129 
25.327309109949 8.071827418384 
25.342794930798 8.080799107294 
25.358292412629 8.089699116151 
25.373802676133 8.098535837530 
25.389329162765 8.107310612730 
25.404857286926 8.116007654872 
25.420384485712 8.124604628745 
25.435918586397 8.133093905330 
25.451464900135 8.141492352280 
25.467032056122 8.149824651817 
25.482616023499 8.158101106548 
25.498223329570 8.166322884141 
25.513853496798 8.174485819241 
25.529505160053 8.182585109929 
25.545183727949 8.190618840330 
25.560893210607 8.198581424566 
25.576640317236 8.206455694954 
25.592428364045 8.214217848005 
25.608251552314 8.221843046855 
25.624100269572 8.229299067443 
25.639977747942 8.236574692311 
25.655890430287 8.243540673018 
25.671839670881 8.250206158624 
25.687825712201 8.256561491904 
25.703831411637 8.262602230814 
25.719830732743 8.268364647672 
25.735823419058 8.273925092033 
25.751814693526 8.279347427560 
25.767808332185 8.284639418210 
25.783804921725 8.289764298942 
25.799799296050 8.294680944085 
25.815794300353 8.299360532300 
25.831791371980 8.303778748954 
25.847792624880 8.307907442731 
25.863795455893 8.311715768627 
25.879796913215 8.315174881145 
25.895790531167 8.318271794601 
25.911773765190 8.321033883406 
25.927749311521 8.323532312425 
25.943691529249 8.325845122878 
25.959586168965 8.327989932455 
25.975446267384 8.329914082130 
25.991266946600 8.331561263638 
26.007055437399 8.332898993132 
26.022828018928 8.333912225036 
26.038569022046 8.334622359077 
26.054273008306 8.335072332348 
26.069941620881 8.335286409617 
26.085582793678 8.335246197214 
26.101166943012 8.334945446386 
26.116724458520 8.334394667411 
26.132269369830 8.333633878061 
26.147801714123 8.332707239776 
26.163326506345 8.331649542917 
26.178864331518 8.330475351807 
26.194418603545 8.329168786725 
26.210006239107 8.327668450096 
26.225645795304 8.325941869740 
26.241330080146 8.324085862413 
26.257010087760 8.322311181317 
26.272720067632 8.320727126678 
26.288465859404 8.319292451720 
26.304218707967 8.317880148664 
26.320025805991 8.316345485680 
26.335884490999 8.314667103819 
26.351734416026 8.312969691549 
26.367577696150 8.311382685796 
26.383416973823 8.309945318153 
26.399252104130 8.308547933768 
26.415083450658 8.307019627228 
26.430913605020 8.305338265166 
26.446745828495 8.303694810703 
26.462581101833 8.302319393506 
26.478418565822 8.301277938763 
26.494261870638 8.300480148122 
26.510112959939 8.299815154660 
26.525975659537 8.299222541920 
26.541849608453 8.298687069141 
26.557735350826 8.298229857831 
26.573636771199 8.297898563281 
26.589555091137 8.297726851541 
26.605492007734 8.297704428051 
26.621450533218 8.297783135798 
26.637432205426 8.297924726931 
26.653434510358 8.298126325800 
26.669458417617 8.298405711558 
26.685485693581 8.298782541737 
26.701512665044 8.299269141216 
26.717539711878 8.299897145765 
26.733572137739 8.300695743672 
26.749601364022 8.301652472257 
26.765631164654 8.302693022173 
26.781666900016 8.303710155846 
26.797705243888 8.304611518702 
26.813741572009 8.305352917628 
26.829779810965 8.305958740710 
26.845818685990 8.306506773959 
26.861858083610 8.307053902616 
26.877897939650 8.307582444013 
26.893930372671 8.308014676089 
26.909955647695 8.308282526268 
26.925975257530 8.308385054541 
26.941987174638 8.308359862269 
26.957990150542 8.308233791987 
26.973987932038 8.308019358825 
26.989980514023 8.307726643422 
27.005967847474 8.307341812080 
27.021954229301 8.306809406921 
27.037937884826 8.306078805256 
27.053920412402 8.305166779156 
27.069905568081 8.304153266189 
27.085884939012 8.303110836572 
27.101858095297 8.302040701839 
27.117827976970 8.300883137928 
27.133795234779 8.299567625268 
27.149760476722 8.298062656392 
27.165725824465 8.296392117334 
27.181692180954 8.294567808457 
27.197660716022 8.292705435911 
27.213632379876 8.290789613635 
27.229603302223 8.288787592303 
27.245572474976 8.286664015549 
27.261540046213 8.284384268385 
27.277511315199 8.281923723485 
27.293481418859 8.279293148594 
27.309450688691 8.276539208638 
27.325420993450 8.273717413013 
27.341392991266 8.270860468966 
27.357367776220 8.267977336803 
27.373347999731 8.265076062094 
27.389333390959 8.262175040813 
27.405321797035 8.259281125072 
27.421311258504 8.256368621296 
27.437301926334 8.253392699037 
27.453294229987 8.250326918903 
27.469291403546 8.247186170203 
27.485293250266 8.244020122511 
27.501300302379 8.240887539323 
27.517314814335 8.237849660844 
27.533336934689 8.234964139561 
27.549367028923 8.232242664414 
27.565406891448 8.229618117225 
27.581456195973 8.226984941549 
27.597515225470 8.224278270573 
27.613584713001 8.221502966524 
27.629664544934 8.218697617405 
27.645747971320 8.215893342453 
27.661836973211 8.213082765525 
27.677930492739 8.210231393041 
27.694027782669 8.207299422411 
27.710130863276 8.204256406468 
27.726239097243 8.201087559239 
27.742352786082 8.197795699669 
27.758471860056 8.194406650243 
27.774596102621 8.190951797119 
27.790725280108 8.187439662283 
27.806860233785 8.183853833158 
27.822971838950 8.180204037825 
27.839027157070 8.176539165671 
27.855025178794 8.172902825527 
27.870965400769 8.169312405910 
27.886853878069 8.165751614141 
27.902691713371 8.162193006607 
27.918484034825 8.158605775655 
27.934239151766 8.154957803655 
27.949965157875 8.151214482605 
27.965670655240 8.147342424130 
27.981370334217 8.143323081541 
27.997072423443 8.139164748983 
28.012782543183 8.134880415770 
28.028515566739 8.130455450335 
28.044283440952 8.125852472395 
28.060100093742 8.121032255432 
28.075972548186 8.115975931881 
28.091909250215 8.110677170299 
28.107906790763 8.105146759799 
28.123963348614 8.099411069664 
28.140020206720 8.093565197465 
28.156078853875 8.087677686292 
28.172138376977 8.081796001818 
28.188204780415 8.075941811502 
28.204282082981 8.070123914516 
28.220356851960 8.064351065068 
28.236436466331 8.058604076038 
28.252524828353 8.052852893146 
28.268623328742 8.047082206310 
28.284726261437 8.041306458887 
28.300836192280 8.035542630445 
28.316955841369 8.029803806062 
28.333088410151 8.024098811593 
28.349230335822 8.018439307301 
28.365361549530 8.012850250071 
28.381477904208 8.007348476808 
28.397582948354 8.001935506712 
28.413678368252 7.996594648383 
28.429762741959 7.991310504901 
28.445832133039 7.986087934999 
28.461890573557 7.980936315211 
28.477940431635 7.975867450477 
28.493980574875 7.970897663406 
28.510008142165 7.966034984617 
28.526027903518 7.961270614349 
28.542042744465 7.956601728133 
28.558051953810 7.952033334146 
28.574054216307 7.947563273790 
28.590054209291 7.943186555427 
28.606054666193 7.938914146182 
28.622055863030 7.934760713753 
28.638058671751 7.930725007358 
28.654066713487 7.926793782436 
28.670081241347 7.922950115119 
28.686103966009 7.919174717204 
28.702138408689 7.915459992378 
28.718185625794 7.911805322920 
28.734244511437 7.908193091395 
28.750316532463 7.904594135692 
28.766371702959 7.901009574324 
28.782417300815 7.897430801144 
28.798459975696 7.893848073718 
28.814507083092 7.890252347928 
28.830547767994 7.886643197627 
28.846582924437 7.883003970974 
28.862616885692 7.879308942761 
28.878655039189 7.875537819103 
28.894705093297 7.871669202518 
28.910755040110 7.867677656181 
28.926817744251 7.863516842731 
28.942897680116 7.859168769962 
28.958994634493 7.854653339893 
28.975094665836 7.850010405093 
28.991202187065 7.845261371495 
29.007325148510 7.840412662797 
29.023469372999 7.835463037864 
29.039634958909 7.830412145338 
29.055820639029 7.825255323010 
29.072017966649 7.819981350354 
29.088220283272 7.814571230751 
29.104432575405 7.809005375235 
29.120653572465 7.803286322855 
29.136882224104 7.797434533300 
29.153116218183 7.791475320907 
29.169358696153 7.785420577231 
29.185603759219 7.779287058956 
29.201847355149 7.773099142889 
29.218091755591 7.766875892191 
29.234339106690 7.760624531620 
29.250590541946 7.754340120348 
29.266844557946 7.748013690628 
29.283098041504 7.741638284468 
29.299343963787 7.735214199680 
29.315588544482 7.728742761819 
29.331824241334 7.722247797921 
29.348056334355 7.715749748002 
29.364287900622 7.709266554628 
29.380520983187 7.702810885666 
29.396750342900 7.696390069341 
29.412980358857 7.689991845035 
29.429210106561 7.683601500284 
29.445440099190 7.677210427272 
29.461664040983 7.670826679695 
29.477890626507 7.664452562174 
29.494112757088 7.658104546124 
29.510332102017 7.651798577882 
29.526553471977 7.645544219758 
29.542769948272 7.639347851810 
29.558981605709 7.633199934653 
29.575188102467 7.627086003663 
29.591391174841 7.620993286686 
29.607590279343 7.614920770747 
29.623786538245 7.608877722627 
29.639982080094 7.602876720855 
29.656175583054 7.596929131221 
29.672365337702 7.591035106546 
29.688553408624 7.585182751478 
29.704738710947 7.579360609424 
29.720924172053 7.573556389908 
29.737111950313 7.567764709922 
29.753303477681 7.561988922857 
29.769501096882 7.556235950300 
29.785706936309 7.550508156396 
29.801913106205 7.544805596790 
29.818115945451 7.539124399171 
29.834316789987 7.533455941859 
29.850518582107 7.527782182328 
29.866722192313 7.522083600029 
29.882929867379 7.516351778604 
29.899145091848 7.510590328683 
29.915368815909 7.504804966435 
29.931593678970 7.499003009706 
29.947818406174 7.493193423291 
29.964045514925 7.487391780168 
29.980277120427 7.481608278165 
29.996516031842 7.475836417719 
30.012757115185 7.470067194548 
30.029000635181 7.464287893720 
30.045249141345 7.458482789847 
30.061505695473 7.452636886285 
30.077770214801 7.446743402529 
30.094042819212 7.440798091826 
30.110314568443 7.434795662212 
30.126588627867 7.428718580683 
30.142864505816 7.422555846250 
30.159143698699 7.416304904114 
30.175423986104 7.409975957073 
30.191709225676 7.403577080623 
30.207988201128 7.397121343719 
30.224258210008 7.390618267729 
30.240523068408 7.384072280732 
30.256787199020 7.377474304703 
30.273056002443 7.370805130510 
30.289321446110 7.364062203154 
30.305583898699 7.357251490378 
30.321844982109 7.350386275310 
30.338103459598 7.343484300409 
30.354358970816 7.336559317959 
30.370616166104 7.329609840550 
30.386874946038 7.322626321872 
30.403129847138 7.315602707855 
30.419381553103 7.308526910423 
30.435631383331 7.301386522039 
30.451880918543 7.294180765437 
30.468131818227 7.286913559919 
30.484384033720 7.279578765107 
30.500637881409 7.272160545667 
30.516890644758 7.264653439789 
30.533142715692 7.257059948201 
30.549395534139 7.249383635373 
30.565649529195 7.241629759023 
30.581905731620 7.233797615303 
30.598165706616 7.225882803970 
30.614429212184 7.217884943230 
30.630693245339 7.209809914860 
30.646958415139 7.201665695348 
30.663225161943 7.193455245296 
30.679492656058 7.185182602952 
30.695760507867 7.176858399498 
30.712029199877 7.168493278141 
30.728299791818 7.160097551440 
30.744572051109 7.151685568773 
30.760846598518 7.143272256431 
30.777123355308 7.134866635549 
30.793400155175 7.126473940346 
30.809677256626 7.118095882055 
30.825950947422 7.109736696299 
30.842218543509 7.101402764746 
30.858481738137 7.093098804946 
30.874742412977 7.084825675558 
30.891000633162 7.076590954695 
30.907258459553 7.068405677393 
30.923517248220 7.060268521351 
30.939773697971 7.052177946408 
30.956027439465 7.044142160477 
30.972280871552 7.036164892928 
30.988536434542 7.028237017765 
31.004794909514 7.020351807922 
31.021057352563 7.012506182856 
31.037325830454 7.004692087723 
31.053591839495 6.996911653056 
31.069851419527 6.989174784275 
31.086107602187 6.981490264108 
31.102360956215 6.973864025198 
31.118612755974 6.966302264631 
31.134866050046 6.958814686287 
31.151119314409 6.951410335860 
31.167372523711 6.944089817557 
31.183629758359 6.936847134105 
31.199881496207 6.929683927346 
31.216131536080 6.922587793838 
31.232379819136 6.915542578882 
31.248631869424 6.908529801488 
31.264883078119 6.901546276412 
31.281132143108 6.894593491875 
31.297377342239 6.887676643485 
31.313618436130 6.880802490520 
31.329855743023 6.873976136211 
31.346089635761 6.867199251296 
31.362320722289 6.860472354156 
31.378536418793 6.853806584660 
31.394736803662 6.847205789438 
31.410922933763 6.840669835982 
31.427097398602 6.834194488845 
31.443266585134 6.827774348259 
31.459435630652 6.821402078480 
31.475604604148 6.815069863509 
31.491774204511 6.808774458649 
31.507933931023 6.802522178598 
31.524079438580 6.796312027539 
31.540206328524 6.790142625787 
31.556315327658 6.784006031584 
31.572410764637 6.777889236428 
31.588493459895 6.771786977740 
31.604566126020 6.765695777753 
31.620635477000 6.759612925434 
31.636706242404 6.753543908489 
31.652779028590 6.747493383849 
31.668862762084 6.741454501048 
31.684971267023 6.735416206666 
31.701060934924 6.729405260574 
31.717128922342 6.723428871047 
31.733181520409 6.717488525153 
31.749222023001 6.711583988744 
31.765249145797 6.705719948009 
31.781268363509 6.699896773045 
31.797291526243 6.694106641406 
31.813326989016 6.688345871416 
31.829386909039 6.682614768762 
31.845463607772 6.676930291059 
31.861515606274 6.671328748628 
31.877544903853 6.665811326631 
31.893560682231 6.660363344282 
31.909573817534 6.654965251980 
31.925597927660 6.649603954950 
31.941645332819 6.644276627517 
31.957714919655 6.638991024103 
31.973781569358 6.633768214063 
31.989847407901 6.628608972531 
32.005899188632 6.623513847841 
32.021946752509 6.618461185672 
32.037993389383 6.613431968159 
32.054034271720 6.608421360102 
32.070077540064 6.603426855667 
32.086117784434 6.598456749689 
32.102161793490 6.593511503873 
32.118204907760 6.588598993998 
32.134250691798 6.583727739891 
32.150301365671 6.578910884221 
32.166347791786 6.574163187407 
32.182389059685 6.569486127222 
32.198427602114 6.564876846752 
32.214463529409 6.560331018156 
32.230503036159 6.555837453714 
32.246546166129 6.551390223579 
32.262591048815 6.546983458224 
32.278614317984 6.542626598458 
32.294609617239 6.538335108561 
32.310581920023 6.534118818869 
32.326533442032 6.529973792089 
32.342466256403 6.525888438375 
32.358385649984 6.521855057413 
32.374291130510 6.517878058072 
32.390182604592 6.513965187566 
32.406065170660 6.510125048341 
32.421938532458 6.506376174989 
32.437801761655 6.502733351007 
32.453659883239 6.499196697148 
32.469513248513 6.495768293189 
32.485364193016 6.492449359455 
32.501210391116 6.489233074760 
32.517055291726 6.486108019432 
32.532898419269 6.483070934091 
32.548736429978 6.480116869244 
32.564558368764 6.477236901259 
32.580349045258 6.474426322009 
32.596115663915 6.471676370085 
32.611865374615 6.468977705961 
32.627599373639 6.466323480393 
32.643317353183 6.463711737483 
32.659025792590 6.461135271092 
32.674724271370 6.458581780277 
32.690391220632 6.456052674165 
32.706026405380 6.453552225757 
32.721631451467 6.451084024462 
32.737202157851 6.448653009845 
32.752741724629 6.446265918648 
32.768251765473 6.443927757130 
32.783731432166 6.441637698520 
32.799181477520 6.439395201125 
32.814607694033 6.437200645898 
32.829997776294 6.435059679593 
32.845356602175 6.432966492792 
32.860689759635 6.430912176112 
32.876000387961 6.428894250044 
32.891276957257 6.426922521973 
32.906528223652 6.424998869034 
32.921761204411 6.423119981838 
32.936972432934 6.421284174128 
32.952158698316 6.419490854858 
32.967323373896 6.417738239425 
32.982471419833 6.416026836195 
32.997604823415 6.414360256694 
33.012722882955 6.412741344756 
33.027829669208 6.411168759730 
33.042916532820 6.409644034973 
33.057994991233 6.408160296097 
33.073069207978 6.406714038342 
33.088135448213 6.405309778853 
33.103191500684 6.403955421056 
33.118245120579 6.402654503545 
33.133305851747 6.401406361166 
33.148358207590 6.400216321951 
33.163412711088 6.399079355796 
33.178476729543 6.397988880471 
33.193545972878 6.396943755691 
33.208621991830 6.395944492675 
33.223706345882 6.394993259898 
33.238810082404 6.394087929112 
33.253924305857 6.393228198300 
33.269058164726 6.392402174640 
33.284209108481 6.391595745254 
33.299376478764 6.390794726170 
33.314569443777 6.389985026893 
33.329790089204 6.389156691155 
33.345038701993 6.388301826543 
33.360311670616 6.387415470534 
33.375614305516 6.386491760446 
33.390947690225 6.385528968337 
33.406313113950 6.384531699839 
33.421714878458 6.383509045068 
33.437154003558 6.382471164079 
33.452630261668 6.381425555068 
33.468149267221 6.380374212689 
33.483709548497 6.379317359017 
33.499306881735 6.378254675062 
33.514952697207 6.377185196979 
