     time       kinetic-energy 
 0.000000000000 0.026612082306 
 0.005000000000 0.026433100115 
 0.013250000000 0.026433002407 
 0.027000000000 0.026432853165 
 0.042125000000 0.026432710395 
 0.057852340755 0.026432578846 
 0.073618927504 0.026432459855 
 0.089420210949 0.026432350470 
 0.105252695612 0.026432248741 
 0.121113321674 0.026432153241 
 0.136999575550 0.026432062920 
 0.152909332980 0.026431976965 
 0.168840623184 0.026431894736 
 0.184791690870 0.026431815719 
 0.200761045962 0.026431739495 
 0.216747400551 0.026431665723 
 0.232749548895 0.026431594115 
 0.248766404179 0.026431524434 
 0.264797021751 0.026431456478 
 0.280840478924 0.026431390073 
 0.296895972897 0.026431325072 
 0.312962734995 0.026431261348 
 0.329040153713 0.026431198787 
 0.345127621511 0.026431137292 
 0.361224553802 0.026431076775 
 0.377330446102 0.026431017160 
 0.393444795082 0.026430958378 
 0.409567171072 0.026430900366 
 0.425697123117 0.026430843069 
 0.441834313121 0.026430786436 
 0.457978399257 0.026430730421 
 0.474129028723 0.026430674982 
 0.490285906794 0.026430620079 
 0.506448726052 0.026430565678 
 0.522617230562 0.026430511744 
 0.538791132783 0.026430458249 
 0.554970222627 0.026430405162 
 0.571154295144 0.026430352459 
 0.587343119574 0.026430300114 
 0.603536513282 0.026430248105 
 0.619734268960 0.026430196408 
 0.635936220331 0.026430145006 
 0.652142172545 0.026430093877 
 0.668351977387 0.026430043005 
 0.684565508998 0.026429992371 
 0.700782602884 0.026429941961 
 0.717003138911 0.026429891758 
 0.733226968781 0.026429841748 
 0.749453973243 0.026429791918 
 0.765684023373 0.026429742253 
 0.781916997864 0.026429692742 
 0.798152819456 0.026429643372 
 0.814391368699 0.026429594133 
 0.830632553187 0.026429545012 
 0.846876277659 0.026429496000 
 0.863122439821 0.026429447086 
 0.879370953168 0.026429398260 
 0.895621717073 0.026429349514 
 0.911874680087 0.026429300839 
 0.928129753815 0.026429252225 
 0.944386858808 0.026429203692 
 0.960645882602 0.026429155185 
 0.976906845467 0.026429106734 
 0.993169638140 0.026429058294 
 1.009434158753 0.026429009895 
 1.025700373510 0.026428961494 
 1.041968238469 0.026428913119 
 1.058237667279 0.026428864729 
 1.074508622568 0.026428816351 
 1.090781026722 0.026428767947 
 1.107054855831 0.026428719541 
 1.123330020691 0.026428671099 
 1.139606486262 0.026428622642 
 1.155884230103 0.026428574137 
 1.172163165961 0.026428525607 
 1.188443252788 0.026428477020 
 1.204724479779 0.026428428396 
 1.221006775652 0.026428379718 
 1.237290099491 0.026428330974 
 1.253574399461 0.026428282171 
 1.269859668972 0.026428233300 
 1.286145839523 0.026428184353 
 1.302432883636 0.026428135330 
 1.318720762329 0.026428086225 
 1.335009396751 0.026428037033 
 1.351298192606 0.026427987752 
 1.367587147622 0.026427938379 
 1.383876247390 0.026427888909 
 1.400165486009 0.026427839338 
 1.416454853867 0.026427789663 
 1.432744347380 0.026427739879 
 1.449033960430 0.026427689983 
 1.465323675584 0.026427639971 
 1.481613490548 0.026427589840 
 1.497903400669 0.026427539586 
 1.514193393396 0.026427489206 
 1.530483466510 0.026427438696 
 1.546773613171 0.026427388053 
 1.563063828001 0.026427337274 
 1.579354105891 0.026427286355 
 1.595644433696 0.026427235294 
 1.611934811418 0.026427184087 
 1.628225230578 0.026427132731 
 1.644515685033 0.026427081223 
 1.660806171750 0.026427029561 
 1.677096685088 0.026426977741 
 1.693387221506 0.026426925760 
 1.709677772609 0.026426873616 
 1.725968331680 0.026426821306 
 1.742258899348 0.026426768827 
 1.758549463026 0.026426716177 
 1.774840022689 0.026426663352 
 1.791130574770 0.026426610350 
 1.807421113400 0.026426557169 
 1.823711637117 0.026426503806 
 1.840002137550 0.026426450258 
 1.856292610705 0.026426396523 
 1.872583055875 0.026426342598 
 1.888873462349 0.026426288482 
 1.905163831751 0.026426234171 
 1.921454159923 0.026426179663 
 1.937744441296 0.026426124956 
 1.954034675124 0.026426070048 
 1.970324853737 0.026426014935 
 1.986614975099 0.026425959617 
 2.002905036128 0.026425904090 
 2.019195029767 0.026425848353 
 2.035484957941 0.026425792403 
 2.051774815552 0.026425736238 
 2.068064598402 0.026425679857 
 2.084354306405 0.026425623255 
 2.100643933538 0.026425566433 
 2.116933477417 0.026425509387 
 2.133222934515 0.026425452115 
 2.149512300015 0.026425394616 
 2.165801575321 0.026425336887 
 2.182090755866 0.026425278926 
 2.198379837139 0.026425220732 
 2.214668820015 0.026425162302 
 2.230957700302 0.026425103635 
 2.247246474485 0.026425044728 
 2.263535138969 0.026424985579 
 2.279823691088 0.026424926187 
 2.296112131143 0.026424866549 
 2.312400456862 0.026424806664 
 2.328688662065 0.026424746530 
 2.344976747920 0.026424686145 
 2.361264713701 0.026424625507 
 2.377552553854 0.026424564614 
 2.393840265884 0.026424503465 
 2.410127848080 0.026424442057 
 2.426415298650 0.026424380389 
 2.442702619303 0.026424318459 
 2.458989800996 0.026424256266 
 2.475276844534 0.026424193806 
 2.491563751233 0.026424131080 
 2.507850517354 0.026424068084 
 2.524137139759 0.026424004817 
 2.540423615260 0.026423941278 
 2.556709943569 0.026423877465 
 2.572996108795 0.026423813375 
 2.589281728298 0.026423749010 
 2.605566799757 0.026423684367 
 2.621851331251 0.026423619444 
 2.638135315782 0.026423554240 
 2.654418733738 0.026423488753 
 2.670701574397 0.026423422982 
 2.686983845403 0.026423356925 
 2.703265538851 0.026423290580 
 2.719546645601 0.026423223946 
 2.735827142127 0.026423157022 
 2.752107037998 0.026423089805 
 2.768386333493 0.026423022294 
 2.784665021553 0.026422954488 
 2.800943083652 0.026422886384 
 2.817220514323 0.026422817982 
 2.833497320922 0.026422749280 
 2.849773501531 0.026422680276 
 2.866049033027 0.026422610968 
 2.882323903238 0.026422541356 
 2.898598126159 0.026422471438 
 2.914871697963 0.026422401212 
 2.931144612481 0.026422330676 
 2.947416850594 0.026422259829 
 2.963688411775 0.026422188670 
 2.979959303661 0.026422117198 
 2.996229526223 0.026422045409 
 3.012499053065 0.026421973304 
 3.028767875345 0.026421900881 
 3.045036008430 0.026421828137 
 3.061303449478 0.026421755072 
 3.077570194574 0.026421681685 
 3.093836224044 0.026421607973 
 3.110101536502 0.026421533935 
 3.126366143847 0.026421459570 
 3.142630042913 0.026421384876 
 3.158893214468 0.026421309852 
 3.175155644520 0.026421234497 
 3.191417347616 0.026421158808 
 3.207678325860 0.026421082785 
 3.223938578624 0.026421006425 
 3.240198084271 0.026420929729 
 3.256456839532 0.026420852693 
 3.272714859219 0.026420775317 
 3.288972137454 0.026420697599 
 3.305228670968 0.026420619538 
 3.321484432361 0.026420541132 
 3.337739432296 0.026420462380 
 3.353993683098 0.026420383280 
 3.370247183488 0.026420303831 
 3.386499918943 0.026420224032 
 3.402751876658 0.026420143881 
 3.419003066231 0.026420063377 
 3.435253494835 0.026419982518 
 3.451503166246 0.026419901302 
 3.467752048600 0.026419819729 
 3.484000138872 0.026419737797 
 3.500247455206 0.026419655505 
 3.516493998209 0.026419572850 
 3.532739769291 0.026419489833 
 3.548984747423 0.026419406450 
 3.565228931112 0.026419322702 
 3.581472336103 0.026419238585 
 3.597714959617 0.026419154100 
 3.613956803660 0.026419069244 
 3.630197836936 0.026418984017 
 3.646438067650 0.026418898416 
 3.662677515780 0.026418812440 
 3.678916174518 0.026418726088 
 3.695154043767 0.026418639359 
 3.711391105478 0.026418552251 
 3.727627361982 0.026418464762 
 3.743862832100 0.026418376891 
 3.760097509205 0.026418288637 
 3.776331389297 0.026418199998 
 3.792564448999 0.026418110973 
 3.808796700229 0.026418021561 
 3.825028159495 0.026417931759 
 3.841258824338 0.026417841567 
 3.857488689490 0.026417750983 
 3.873717738933 0.026417660006 
 3.889945978105 0.026417568634 
 3.906173424433 0.026417476866 
 3.922400074298 0.026417384701 
 3.938625920746 0.026417292136 
 3.954850943556 0.026417199171 
 3.971075154976 0.026417105803 
 3.987298572277 0.026417012033 
 4.003521193192 0.026416917857 
 4.019743013099 0.026416823276 
 4.035964017454 0.026416728286 
 4.052184210608 0.026416632888 
 4.068403611879 0.026416537078 
 4.084622216162 0.026416440857 
 4.100840022487 0.026416344222 
 4.117057006515 0.026416247172 
 4.133273179077 0.026416149706 
 4.149488561423 0.026416051822 
 4.165703148151 0.026415953518 
 4.181916939145 0.026415854793 
 4.198129920333 0.026415755647 
 4.214342094358 0.026415656076 
 4.230553480558 0.026415556080 
 4.246764074097 0.026415455657 
 4.262973881064 0.026415354806 
 4.279182876490 0.026415253526 
 4.295391063596 0.026415151814 
 4.311598464594 0.026415049670 
 4.327805079588 0.026414947091 
 4.344010912619 0.026414844077 
 4.360215948376 0.026414740625 
 4.376420185617 0.026414636735 
 4.392623639121 0.026414532405 
 4.408826313415 0.026414427633 
 4.425028218632 0.026414322418 
 4.441229327165 0.026414216758 
 4.457429637895 0.026414110653 
 4.473629167597 0.026414004099 
 4.489827927433 0.026413897096 
 4.506025923783 0.026413789642 
 4.522223141212 0.026413681736 
 4.538419573198 0.026413573377 
 4.554615227343 0.026413464562 
 4.570810120647 0.026413355290 
 4.587004253206 0.026413245559 
 4.603197624385 0.026413135369 
 4.619390213756 0.026413024717 
 4.635582028865 0.026412913602 
 4.651773094328 0.026412802023 
 4.667963405981 0.026412689977 
 4.684152966399 0.026412577464 
 4.700341765947 0.026412464481 
 4.716529804368 0.026412351027 
 4.732717097541 0.026412237101 
 4.748903647446 0.026412122701 
 4.765089467108 0.026412007825 
 4.781274531553 0.026411892472 
 4.797458839996 0.026411776641 
 4.813642407802 0.026411660328 
 4.829825249094 0.026411543534 
 4.846007368650 0.026411426257 
 4.862188752928 0.026411308494 
 4.878369399536 0.026411190244 
 4.894549313847 0.026411071506 
 4.910728514242 0.026410952277 
 4.926906997315 0.026410832557 
 4.943084770724 0.026410712344 
 4.959261815068 0.026410591636 
 4.975438134831 0.026410470431 
 4.991613749942 0.026410348728 
 5.007788665458 0.026410226525 
 5.023962886394 0.026410103821 
 5.040136404914 0.026409980613 
 5.056309215223 0.026409856901 
 5.072481326746 0.026409732682 
 5.088652752399 0.026409607955 
 5.104823498190 0.026409482718 
 5.120993561612 0.026409356969 
 5.137162926986 0.026409230707 
 5.153331602656 0.026409103931 
 5.169499611845 0.026408976637 
 5.185666952536 0.026408848825 
 5.201833626610 0.026408720494 
 5.217999631549 0.026408591640 
 5.234164964182 0.026408462263 
 5.250329636750 0.026408332361 
 5.266493655508 0.026408201932 
 5.282657033612 0.026408070974 
 5.298819761687 0.026407939486 
 5.314981827847 0.026407807466 
 5.331143242852 0.026407674911 
 5.347304031150 0.026407541822 
 5.363464187647 0.026407408194 
 5.379623712947 0.026407274028 
 5.395782608482 0.026407139320 
 5.411940871413 0.026407004070 
 5.428098514647 0.026406868276 
 5.444255541561 0.026406731935 
 5.460411853404 0.026406595047 
 5.476567153376 0.026406457612 
 5.492721447023 0.026406319629 
 5.508874751005 0.026406181096 
 5.525027080397 0.026406042011 
 5.541178449738 0.026405902372 
 5.557328835338 0.026405762178 
 5.573478228934 0.026405621426 
 5.589626653054 0.026405480116 
 5.605774141405 0.026405338244 
 5.621920688399 0.026405195810 
 5.638066287371 0.026405052810 
 5.654210941380 0.026404909245 
 5.670354658416 0.026404765111 
 5.686497458460 0.026404620407 
 5.702639347764 0.026404475130 
 5.718780341984 0.026404329280 
 5.734920423892 0.026404182854 
 5.751059585487 0.026404035850 
 5.767197850093 0.026403888267 
 5.783335248491 0.026403740102 
 5.799471779556 0.026403591354 
 5.815607430986 0.026403442020 
 5.831742211757 0.026403292099 
 5.847876129867 0.026403141590 
 5.864009205751 0.026402990488 
 5.880141442281 0.026402838794 
 5.896272857740 0.026402686505 
 5.912403437348 0.026402533619 
 5.928533171706 0.026402380134 
 5.944662085649 0.026402226048 
 5.960790208783 0.026402071360 
 5.976917540146 0.026401916066 
 5.993044066648 0.026401760166 
 6.009169801935 0.026401603657 
 6.025294752247 0.026401446537 
 6.041418936227 0.026401288804 
 6.057542357350 0.026401130457 
 6.073665037637 0.026400971492 
 6.089786958675 0.026400811909 
 6.105908116549 0.026400651704 
 6.122028534454 0.026400490877 
 6.138148243294 0.026400329425 
 6.154267237111 0.026400167345 
 6.170385509511 0.026400004637 
 6.186503077186 0.026399841297 
 6.202619938730 0.026399677324 
 6.218736114156 0.026399512715 
 6.234851609604 0.026399347469 
 6.250966451528 0.026399181583 
 6.267080612509 0.026399015055 
 6.283194098344 0.026398847884 
 6.299306927791 0.026398680066 
 6.315419130613 0.026398511600 
 6.331530699976 0.026398342484 
 6.347641636416 0.026398172716 
 6.363751953550 0.026398002292 
 6.379861646784 0.026397831212 
 6.395970738132 0.026397659474 
 6.412079236787 0.026397487073 
 6.428187159597 0.026397314010 
 6.444294495129 0.026397140280 
 6.460401248280 0.026396965883 
 6.476507431591 0.026396790816 
 6.492613066101 0.026396615077 
 6.508718159235 0.026396438663 
 6.524822715924 0.026396261572 
 6.540926731322 0.026396083803 
 6.557030219643 0.026395905352 
 6.573133193725 0.026395726218 
 6.589235667700 0.026395546397 
 6.605337643870 0.026395365889 
 6.621439133499 0.026395184690 
 6.637540138355 0.026395002798 
 6.653640655234 0.026394820211 
 6.669740708414 0.026394636927 
 6.685840316041 0.026394452943 
 6.701939487607 0.026394268257 
 6.718038195946 0.026394082867 
 6.734136476215 0.026393896770 
 6.750234331232 0.026393709964 
 6.766331778081 0.026393522446 
 6.782428809879 0.026393334214 
 6.798525460514 0.026393145265 
 6.814621710352 0.026392955598 
 6.830717567841 0.026392765210 
 6.846813052876 0.026392574099 
 6.862908191697 0.026392382261 
 6.879002975308 0.026392189695 
 6.895097402159 0.026391996397 
 6.911191490398 0.026391802367 
 6.927285247218 0.026391607600 
 6.943378687803 0.026391412096 
 6.959471814098 0.026391215850 
 6.975564644681 0.026391018861 
 6.991657177949 0.026390821126 
 7.007749424536 0.026390622642 
 7.023841385235 0.026390423408 
 7.039933083152 0.026390223420 
 7.056024529396 0.026390022676 
 7.072115729434 0.026389821173 
 7.088206668048 0.026389618910 
 7.104297381402 0.026389415882 
 7.120387870496 0.026389212088 
 7.136478150039 0.026389007525 
 7.152568210659 0.026388802191 
 7.168658089164 0.026388596082 
 7.184747767474 0.026388389197 
 7.200837258865 0.026388181532 
 7.216926581808 0.026387973085 
 7.233015757793 0.026387763853 
 7.249104779802 0.026387553833 
 7.265193645345 0.026387343023 
 7.281282371480 0.026387131421 
 7.297370976219 0.026386919023 
 7.313459468545 0.026386705826 
 7.329547846845 0.026386491829 
 7.345636127538 0.026386277027 
 7.361724319694 0.026386061419 
 7.377812432614 0.026385845002 
 7.393900461917 0.026385627773 
 7.409988434423 0.026385409729 
 7.426076362608 0.026385190867 
 7.442164253330 0.026384971184 
 7.458252080016 0.026384750678 
 7.474339887013 0.026384529347 
 7.490427676081 0.026384307186 
 7.506515463566 0.026384084193 
 7.522603236744 0.026383860366 
 7.538691031131 0.026383635701 
 7.554778834650 0.026383410196 
 7.570866669104 0.026383183847 
 7.586954534285 0.026382956652 
 7.603042455066 0.026382728608 
 7.619130435292 0.026382499711 
 7.635218476862 0.026382269959 
 7.651306572617 0.026382039350 
 7.667394765839 0.026381807879 
 7.683483051176 0.026381575545 
 7.699571439861 0.026381342343 
 7.715659923058 0.026381108271 
 7.731748542848 0.026380873327 
 7.747837274858 0.026380637506 
 7.763926146268 0.026380400806 
 7.780015164366 0.026380163224 
 7.796104349949 0.026379924757 
 7.812193699617 0.026379685401 
 7.828283210256 0.026379445154 
 7.844372890395 0.026379204012 
 7.860462778503 0.026378961973 
 7.876552870303 0.026378719033 
 7.892643166634 0.026378475189 
 7.908733671698 0.026378230438 
 7.924824418173 0.026377984777 
 7.940915390626 0.026377738202 
 7.957006612699 0.026377490710 
 7.973098094245 0.026377242299 
 7.989189855134 0.026376992964 
 8.005281888379 0.026376742703 
 8.021374189225 0.026376491513 
 8.037466771774 0.026376239390 
 8.053559676310 0.026375986331 
 8.069652895776 0.026375732332 
 8.085746425935 0.026375477390 
 8.101840275895 0.026375221503 
 8.117934476017 0.026374964665 
 8.134029012642 0.026374706876 
 8.150123911154 0.026374448130 
 8.166219178617 0.026374188424 
 8.182314836133 0.026373927756 
 8.198410874411 0.026373666121 
 8.214507286861 0.026373403516 
 8.230604089719 0.026373139939 
 8.246701322504 0.026372875385 
 8.262798980752 0.026372609851 
 8.278897060383 0.026372343333 
 8.294995567230 0.026372075828 
 8.311094535821 0.026371807333 
 8.327193947777 0.026371537843 
 8.343293835107 0.026371267356 
 8.359394197127 0.026370995868 
 8.375495059407 0.026370723375 
 8.391596414095 0.026370449873 
 8.407698256214 0.026370175359 
 8.423800593757 0.026369899831 
 8.439903464820 0.026369623283 
 8.456006878760 0.026369345711 
 8.472110828457 0.026369067114 
 8.488215309044 0.026368787486 
 8.504320358118 0.026368506824 
 8.520425961241 0.026368225125 
 8.536532148127 0.026367942384 
 8.552638917838 0.026367658598 
 8.568746296064 0.026367373763 
 8.584854277407 0.026367087876 
 8.600962858083 0.026366800932 
 8.617072035107 0.026366512928 
 8.633181845085 0.026366223860 
 8.649292310634 0.026365933724 
 8.665403430023 0.026365642516 
 8.681515179732 0.026365350232 
 8.697627595846 0.026365056869 
 8.713740683307 0.026364762423 
 8.729854451787 0.026364466889 
 8.745968918311 0.026364170263 
 8.762084094355 0.026363872542 
 8.778199992828 0.026363573721 
 8.794316605699 0.026363273797 
 8.810433914565 0.026362972766 
 8.826551919745 0.026362670624 
 8.842670517263 0.026362367370 
 8.858789673592 0.026362063000 
 8.874909378076 0.026361757510 
 8.891029653024 0.026361450896 
 8.907150480048 0.026361143154 
 8.923271876870 0.026360834281 
 8.939393837229 0.026360524272 
 8.955516369292 0.026360213124 
 8.971639465892 0.026359900831 
 8.987763099462 0.026359587392 
 9.003887266721 0.026359272801 
 9.020011997256 0.026358957055 
 9.036137288229 0.026358640149 
 9.052263126042 0.026358322079 
 9.068389496798 0.026358002842 
 9.084516421193 0.026357682433 
 9.100643878312 0.026357360849 
 9.116771893314 0.026357038084 
 9.132900433043 0.026356714135 
 9.149029522581 0.026356388998 
 9.165159130157 0.026356062669 
 9.181289237377 0.026355735144 
 9.197419851561 0.026355406418 
 9.213550986385 0.026355076488 
 9.229682641838 0.026354745349 
 9.245814763702 0.026354412997 
 9.261947368564 0.026354079428 
 9.278080448160 0.026353744638 
 9.294213989471 0.026353408623 
 9.310347989669 0.026353071378 
 9.326482451940 0.026352732900 
 9.342617346252 0.026352393183 
 9.358752657004 0.026352052225 
 9.374888353439 0.026351710021 
 9.391024461184 0.026351366566 
 9.407160969054 0.026351021856 
 9.423297847176 0.026350675888 
 9.439435084534 0.026350328657 
 9.455572682512 0.026349980158 
 9.471710623233 0.026349630387 
 9.487848898236 0.026349279340 
 9.503987509481 0.026348927012 
 9.520126449978 0.026348573398 
 9.536265687805 0.026348218496 
 9.552405210386 0.026347862300 
 9.568545030727 0.026347504805 
 9.584685136657 0.026347146007 
 9.600825518269 0.026346785902 
 9.616966146785 0.026346424485 
 9.633107041894 0.026346061751 
 9.649248177268 0.026345697696 
 9.665389563403 0.026345332315 
 9.681531189380 0.026344965604 
 9.697673046543 0.026344597557 
 9.713815130273 0.026344228169 
 9.729957409333 0.026343857438 
 9.746099892902 0.026343485357 
 9.762242580762 0.026343111922 
 9.778385466962 0.026342737127 
 9.794528521358 0.026342360968 
 9.810671759083 0.026341983441 
 9.826815165297 0.026341604540 
 9.842958733690 0.026341224261 
 9.859102481948 0.026340842597 
 9.875246382623 0.026340459545 
 9.891390418443 0.026340075099 
 9.907534579804 0.026339689255 
 9.923678906505 0.026339302007 
 9.939823358330 0.026338913350 
 9.955967906082 0.026338523279 
 9.972112561798 0.026338131789 
 9.988257335136 0.026337738876 
10.004402211476 0.026337344532 
10.020547164140 0.026336948754 
10.036692215853 0.026336551537 
10.052837347565 0.026336152874 
10.068982539081 0.026335752760 
10.085127800030 0.026335351191 
10.101273123307 0.026334948161 
10.117418497224 0.026334543665 
10.133563904211 0.026334137696 
10.149709374093 0.026333730250 
10.165854881158 0.026333321320 
10.182000391904 0.026332910903 
10.198145915236 0.026332498992 
10.214291461119 0.026332085581 
10.230437024914 0.026331670665 
10.246582556582 0.026331254238 
10.262728078061 0.026330836295 
10.278873583858 0.026330416830 
10.295019060961 0.026329995837 
10.311164498275 0.026329573311 
10.327309906482 0.026329149245 
10.343455278649 0.026328723633 
10.359600573265 0.026328296471 
10.375745812656 0.026327867751 
10.391890990394 0.026327437468 
10.408036088752 0.026327005617 
10.424181111272 0.026326572190 
10.440326022885 0.026326137182 
10.456470831305 0.026325700587 
10.472615516891 0.026325262400 
10.488760104017 0.026324822612 
10.504904569840 0.026324381219 
10.521048878527 0.026323938215 
10.537193051571 0.026323493592 
10.553337086804 0.026323047345 
10.569480947635 0.026322599467 
10.585624642896 0.026322149952 
10.601768180526 0.026321698793 
10.617911529121 0.026321245984 
10.634054663017 0.026320791519 
10.650197604538 0.026320335390 
10.666340346079 0.026319877592 
10.682482878905 0.026319418117 
10.698625180086 0.026318956958 
10.714767231798 0.026318494111 
10.730909014879 0.026318029567 
10.747050546819 0.026317563219 
10.763191834276 0.026317095152 
10.779332842833 0.026316625362 
10.795473544371 0.026316153846 
10.811613955986 0.026315680599 
10.827754080490 0.026315205613 
10.843893880163 0.026314728882 
10.860033358527 0.026314250398 
10.876172516935 0.026313770154 
10.892311330639 0.026313288142 
10.908449792571 0.026312804357 
10.924587882174 0.026312318789 
10.940725594402 0.026311831433 
10.956862949678 0.026311342279 
10.972999931822 0.026310851320 
10.989136501770 0.026310358549 
11.005272637188 0.026309863960 
11.021408334660 0.026309367545 
11.037543607600 0.026308869294 
11.053678437006 0.026308369201 
11.069812827318 0.026307867256 
11.085946737635 0.026307363454 
11.102080146490 0.026306857787 
11.118213073917 0.026306350244 
11.134345503226 0.026305840820 
11.150477417056 0.026305329505 
11.166608812929 0.026304816290 
11.182739688324 0.026304301169 
11.198870004154 0.026303784132 
11.214999759728 0.026303265172 
11.231128933765 0.026302744279 
11.247257518101 0.026302221446 
11.263385539564 0.026301696663 
11.279512964707 0.026301169920 
11.295639763905 0.026300641211 
11.311765907055 0.026300110527 
11.327891384481 0.026299577859 
11.344016201469 0.026299043197 
11.360140355771 0.026298506533 
11.376263844233 0.026297967855 
11.392386626865 0.026297427157 
11.408508672187 0.026296884429 
11.424629980600 0.026296339662 
11.440750559410 0.026295792846 
11.456870382477 0.026295243971 
11.472989429716 0.026294693028 
11.489107704848 0.026294140006 
11.505225187233 0.026293584897 
11.521341874826 0.026293027689 
11.537457720964 0.026292468375 
11.553572702102 0.026291906944 
11.569686831712 0.026291343385 
11.585800107954 0.026290777688 
11.601912510894 0.026290209842 
11.618024037021 0.026289639837 
11.634134625440 0.026289067663 
11.650244246538 0.026288493311 
11.666352917028 0.026287916770 
11.682460619601 0.026287338027 
11.698567331563 0.026286757073 
11.714673065452 0.026286173895 
11.730777783719 0.026285588484 
11.746881451591 0.026285000828 
11.762984073807 0.026284410916 
11.779085621478 0.026283818737 
11.795186074630 0.026283224279 
11.811285431731 0.026282627531 
11.827383664948 0.026282028481 
11.843480755447 0.026281427117 
11.859576710803 0.026280823426 
11.875671493268 0.026280217397 
11.891765065258 0.026279609020 
11.907857419943 0.026278998280 
11.923948532782 0.026278385166 
11.940038391995 0.026277769666 
11.956127008816 0.026277151764 
11.972214359953 0.026276531450 
11.988300420527 0.026275908710 
12.004385104853 0.026275283534 
12.020468408222 0.026274655909 
12.036550332999 0.026274025819 
12.052630866947 0.026273393252 
12.068709987559 0.026272758194 
12.084787681845 0.026272120631 
12.100863930889 0.026271480550 
12.116938685228 0.026270837937 
12.133011939439 0.026270192779 
12.149083652965 0.026269545061 
12.165153806766 0.026268894769 
12.181222407511 0.026268241888 
12.197289404761 0.026267586405 
12.213354786940 0.026266928304 
12.229418541026 0.026266267570 
12.245480648630 0.026265604187 
12.261541085231 0.026264938141 
12.277599787566 0.026264269418 
12.293656724013 0.026263598003 
12.309711898012 0.026262923880 
12.325765299740 0.026262247031 
12.341816896255 0.026261567441 
12.357866676666 0.026260885094 
12.373914633119 0.026260199973 
12.389960684200 0.026259512063 
12.406004797159 0.026258821349 
12.422046944496 0.026258127813 
12.438087098678 0.026257431439 
12.454125271988 0.026256732208 
12.470161413397 0.026256030105 
12.486195520014 0.026255325110 
12.502227567607 0.026254617205 
12.518257483350 0.026253906376 
12.534285249552 0.026253192603 
12.550310832299 0.026252475870 
12.566334224582 0.026251756155 
12.582355394391 0.026251033442 
12.598374298691 0.026250307712 
12.614390894405 0.026249578947 
12.630405182746 0.026248847127 
12.646417147209 0.026248112231 
12.662426757892 0.026247374241 
12.678433958369 0.026246633137 
12.694438680002 0.026245888902 
12.710440932441 0.026245141513 
12.726440678350 0.026244390952 
12.742437871911 0.026243637198 
12.758432510208 0.026242880229 
12.774424580185 0.026242120023 
12.790414037072 0.026241356560 
12.806400811861 0.026240589821 
12.822384851332 0.026239819784 
12.838366152556 0.026239046428 
12.854344629538 0.026238269732 
12.870320302548 0.026237489672 
12.886293137163 0.026236706225 
12.902263118951 0.026235919369 
12.918230167330 0.026235129082 
12.934194242107 0.026234335342 
12.950155303018 0.026233538126 
12.966113370499 0.026232737409 
12.982068366378 0.026231933167 
12.998020221098 0.026231125380 
13.013968965447 0.026230314019 
13.029914521692 0.026229499064 
13.045856853126 0.026228680488 
13.061795968490 0.026227858265 
13.077731767084 0.026227032374 
13.093664249117 0.026226202787 
13.109593332285 0.026225369482 
13.125519010954 0.026224532430 
13.141441251231 0.026223691606 
13.157359943194 0.026222846988 
13.173275131159 0.026221998544 
13.189186806499 0.026221146247 
13.205094864628 0.026220290074 
13.220999224495 0.026219429999 
13.236899856342 0.026218565995 
13.252796742045 0.026217698034 
13.268689813174 0.026216826088 
13.284579059347 0.026215950130 
13.300464472133 0.026215070128 
13.316345974799 0.026214186057 
13.332223546678 0.026213297887 
13.348097099253 0.026212405591 
13.363966591863 0.026211509141 
13.379832043218 0.026210608505 
13.395693282079 0.026209703659 
13.411550359073 0.026208794570 
13.427403234990 0.026207881208 
13.443251860227 0.026206963542 
13.459096208832 0.026206041541 
13.474936221332 0.026205115177 
13.490771880089 0.026204184417 
13.506603124638 0.026203249231 
13.522429848704 0.026202309591 
13.538252113992 0.026201365462 
13.554069727438 0.026200416819 
13.569882747852 0.026199463626 
13.585691208077 0.026198505846 
13.601494996847 0.026197543451 
13.617294021286 0.026196576412 
13.633088303624 0.026195604693 
13.648877785605 0.026194628262 
13.664662366662 0.026193647090 
13.680441998855 0.026192661144 
13.696216731623 0.026191670387 
13.711986501296 0.026190674785 
13.727751227685 0.026189674308 
13.743510928738 0.026188668919 
13.759265567005 0.026187658584 
13.775015085963 0.026186643269 
13.790759328745 0.026185622949 
13.806498373125 0.026184597582 
13.822232199230 0.026183567132 
13.837960717352 0.026182531568 
13.853683881176 0.026181490856 
13.869401713215 0.026180444958 
13.885114142961 0.026179393841 
13.900821169387 0.026178337467 
13.916522802739 0.026177275798 
13.932218910749 0.026176208807 
13.947909548868 0.026175136451 
13.963594660035 0.026174058697 
13.979274140035 0.026172975514 
13.994948106373 0.026171886856 
14.010616314210 0.026170792703 
14.026278866808 0.026169693010 
14.041935827241 0.026168587734 
14.057587094017 0.026167476844 
14.073232529157 0.026166360313 
14.088872290519 0.026165238091 
14.104506385718 0.026164110140 
14.120134633211 0.026162976434 
14.135757071939 0.026161836933 
14.151373750640 0.026160691596 
14.166984623505 0.026159540388 
14.182589592436 0.026158383279 
14.198188693542 0.026157220227 
14.213781975304 0.026156051191 
14.229369423319 0.026154876135 
14.244950952973 0.026153695028 
14.260526542595 0.026152507833 
14.276096401371 0.026151314496 
14.291660304133 0.026150114999 
14.307218309522 0.026148909298 
14.322770456494 0.026147697353 
14.338316896481 0.026146479116 
14.353857259093 0.026145254578 
14.369391831714 0.026144023680 
14.384920579142 0.026142786388 
14.400443523424 0.026141542663 
14.415960538918 0.026140292479 
14.431471769529 0.026139035789 
14.446977336613 0.026137772546 
14.462477090291 0.026136502726 
14.477970981789 0.026135226297 
14.493459245043 0.026133943204 
14.508941870455 0.026132653413 
14.524418708546 0.026131356899 
14.539889918955 0.026130053615 
14.555355563399 0.026128743582 
14.570815557482 0.026127426773 
14.586270064276 0.026126103110 
14.601719125018 0.026124772545 
14.617162761108 0.026123435037 
14.632600875412 0.026122090554 
14.648033632869 0.026120739047 
14.663461244684 0.026119380460 
14.678883581922 0.026118014769 
14.694300495297 0.026116641953 
14.709712301403 0.026115261949 
14.725119213150 0.026113874704 
14.740520919162 0.026112480211 
14.755917561194 0.026111078424 
14.771309320320 0.026109669291 
14.786696137910 0.026108252783 
14.802078027725 0.026106828865 
14.817455210456 0.026105397482 
14.832827680415 0.026103958599 
14.848195445315 0.026102512183 
14.863558643281 0.026101058184 
14.878917345338 0.026099596562 
14.894271635860 0.026098127274 
14.909621705067 0.026096650265 
14.924967521044 0.026095165505 
14.940309077794 0.026093672958 
14.955646650527 0.026092172563 
14.970980434560 0.026090664266 
14.986310287679 0.026089148043 
15.001636326977 0.026087623850 
15.016958684616 0.026086091637 
15.032277463594 0.026084551358 
15.047592702640 0.026083002974 
15.062904509336 0.026081446439 
15.078213087916 0.026079881697 
15.093518623196 0.026078308691 
15.108821102886 0.026076727388 
15.124120605990 0.026075137743 
15.139417296214 0.026073539704 
15.154711442282 0.026071933206 
15.170003015793 0.026070318217 
15.185292024015 0.026068694700 
15.200578826462 0.026067062580 
15.215863612813 0.026065421802 
15.231146324195 0.026063772335 
15.246427081229 0.026062114130 
15.261706049930 0.026060447134 
15.276983527404 0.026058771276 
15.292259501931 0.026057086523 
15.307534000090 0.026055392833 
15.322807429051 0.026053690124 
15.338080091383 0.026051978325 
15.353351978557 0.026050257397 
15.368622961578 0.026048527317 
15.383893535841 0.026046787989 
15.399163820639 0.026045039359 
15.414433798315 0.026043281388 
15.429703484847 0.026041514034 
15.444973340555 0.026039737199 
15.460243706711 0.026037950802 
15.475514515784 0.026036154804 
15.490785732660 0.026034349165 
15.506057843670 0.026032533781 
15.521331407382 0.026030708537 
15.536605898462 0.026028873448 
15.551881580152 0.026027028433 
15.567158843667 0.026025173396 
15.582438173751 0.026023308228 
15.597719085508 0.026021432939 
15.613001969471 0.026019547432 
15.628287196913 0.026017651612 
15.643575132491 0.026015745383 
15.658865525136 0.026013828729 
15.674158642598 0.026011901567 
15.689454942126 0.026009963789 
15.704754554075 0.026008015329 
15.720057339231 0.026006056153 
15.735363673748 0.026004086162 
15.750674022728 0.026002105241 
15.765988320623 0.026000113346 
15.781306684271 0.025998110405 
15.796629269093 0.025996096345 
15.811956564334 0.025994071045 
15.827288562694 0.025992034451 
15.842625231643 0.025989986515 
15.857966875822 0.025987927144 
15.873313881191 0.025985856234 
15.888666256961 0.025983773733 
15.904024105840 0.025981679581 
15.919387535303 0.025979573713 
15.934756979709 0.025977456025 
15.950132518222 0.025975326460 
15.965514117109 0.025973184977 
15.980902025664 0.025971031497 
15.996296593750 0.025968865927 
16.011697803326 0.025966688222 
16.027105701726 0.025964498328 
16.042520360991 0.025962296186 
16.057942227182 0.025960081679 
16.073371310761 0.025957854749 
16.088807492637 0.025955615356 
16.104251009962 0.025953363401 
16.119702250756 0.025951098764 
16.135161101848 0.025948821391 
16.150627518372 0.025946531217 
16.166101578173 0.025944228155 
16.181583766821 0.025941912052 
16.197073980057 0.025939582842 
16.212572020309 0.025937240468 
16.228078071735 0.025934884817 
16.243592341443 0.025932515771 
16.259108769580 0.025930134182 
16.274627604290 0.025927739943 
16.290148440987 0.025925333052 
16.305671260537 0.025922913447 
16.321196344411 0.025920481024 
16.336723534480 0.025918035745 
16.352252876243 0.025915577543 
16.367784393135 0.025913106348 
16.383318133719 0.025910622085 
16.398854067735 0.025908124681 
16.414392374294 0.025905614020 
16.429932918157 0.025903090027 
16.445475741642 0.025900552584 
16.461021025788 0.025898001535 
16.476568808720 0.025895436736 
16.492119244963 0.025892858011 
16.507672088322 0.025890265240 
16.523227464354 0.025887658236 
16.538786084841 0.025885036707 
16.554346851070 0.025882400675 
16.569910286208 0.025879749893 
16.585476854601 0.025877084133 
16.601046189192 0.025874403327 
16.616618501684 0.025871707324 
16.632193982617 0.025868995989 
16.647772371962 0.025866269279 
16.663354012783 0.025863527056 
16.678939227074 0.025860769184 
16.694527907686 0.025857995601 
16.710119900621 0.025855206247 
16.725715418743 0.025852400985 
16.741315320728 0.025849579543 
16.756918166264 0.025846742056 
16.772524983724 0.025843888195 
16.788135845020 0.025841017795 
16.803750595009 0.025838130726 
16.819369720068 0.025835226744 
16.834993028081 0.025832305732 
16.850620646645 0.025829367528 
16.866252688860 0.025826411984 
16.881889889788 0.025823438848 
16.897531006458 0.025820448259 
16.913176876854 0.025817439967 
16.928827801199 0.025814413828 
16.944483345151 0.025811369836 
16.960144024153 0.025808307794 
16.975809671954 0.025805227620 
16.991480519209 0.025802129139 
17.007156473296 0.025799012218 
17.022838642165 0.025795876466 
17.038525221015 0.025792722063 
17.054217394289 0.025789548580 
17.069915100250 0.025786355837 
17.085618226824 0.025783143672 
17.101327236869 0.025779911813 
17.117042124405 0.025776660106 
17.132762555028 0.025773388481 
17.148488815829 0.025770096765 
17.164221500929 0.025766784734 
17.179959579557 0.025763452529 
17.195703847456 0.025760099919 
17.211453793945 0.025756726960 
17.227210068999 0.025753333470 
17.242973001573 0.025749919339 
17.258741554762 0.025746484759 
17.274515996188 0.025743029647 
17.290297008648 0.025739553829 
17.306083899790 0.025736057444 
17.321877298741 0.025732540347 
17.337677417800 0.025729002492 
17.353483567359 0.025725444052 
17.369296067209 0.025721864984 
17.385115270381 0.025718265250 
17.400940311746 0.025714645100 
17.416771501496 0.025711004523 
17.432608928228 0.025707343563 
17.448452395446 0.025703662329 
17.464300712439 0.025699961161 
17.480153302463 0.025696240253 
17.496010895420 0.025692499476 
17.511875621169 0.025688738351 
17.527745895357 0.025684957262 
17.543621775631 0.025681156192 
17.559505336844 0.025677334620 
17.575396281068 0.025673492580 
17.591294953781 0.025669629944 
17.607201955164 0.025665746516 
17.623114811609 0.025661842855 
17.639034255234 0.025657918744 
17.654961295742 0.025653973900 
17.670893449554 0.025650008920 
17.686831410513 0.025646023630 
17.702776335839 0.025642017748 
17.718726749021 0.025637991673 
17.734684467740 0.025633944982 
17.750647495122 0.025629878237 
17.766616790939 0.025625791261 
17.782591092352 0.025621684455 
17.798566290892 0.025617558973 
17.814543032035 0.025613414754 
17.830521102500 0.025609251956 
17.846499871079 0.025605070845 
17.862478425190 0.025600871763 
17.878456019437 0.025596655010 
17.894433113937 0.025592420559 
17.910409652127 0.025588168518 
17.926386298499 0.025583898794 
17.942363470545 0.025579611358 
17.958341271043 0.025575306258 
17.974320447572 0.025570983369 
17.990300140661 0.025566642999 
18.006278634396 0.025562285698 
18.022256122088 0.025557911499 
18.038233003219 0.025553520374 
18.054209690090 0.025549112288 
18.070186241878 0.025544687300 
18.086163372624 0.025540245282 
18.102141341555 0.025535786221 
18.118120500998 0.025531310065 
18.134099036780 0.025526817364 
18.150076826001 0.025522308182 
18.166053945858 0.025517782514 
18.182030784843 0.025513240246 
18.198007901582 0.025508681196 
18.213985259221 0.025504105343 
18.229963697315 0.025499512397 
18.245942653946 0.025494902461 
18.261921988456 0.025490275509 
18.277901714063 0.025485631472 
18.293882410372 0.025480970117 
18.309864503015 0.025476291252 
18.325845430276 0.025471595573 
18.341825518648 0.025466882946 
18.357805242953 0.025462153203 
18.373784516964 0.025457406356 
18.389764103633 0.025452642178 
18.405744214952 0.025447860632 
18.421725138892 0.025443061675 
18.437707459509 0.025438245192 
18.453691040648 0.025433411299 
18.469673165419 0.025428560922 
18.485653410352 0.025423694306 
18.501632203266 0.025418811441 
18.517609524913 0.025413912462 
18.533586007797 0.025408997468 
18.549561791260 0.025404066242 
18.565537188225 0.025399119012 
18.581512421005 0.025394155713 
18.597488036556 0.025389176217 
18.613464127607 0.025384180523 
18.629439762762 0.025379168945 
18.645413185297 0.025374142055 
18.661384422091 0.025369099858 
18.677353889372 0.025364042203 
18.693322008971 0.025358968920 
18.709288576209 0.025353880028 
18.725254405403 0.025348775216 
18.741219399527 0.025343654449 
18.757183236268 0.025338517759 
18.773144897224 0.025333365399 
18.789104982175 0.025328197089 
18.805063046559 0.025323012883 
18.821020097155 0.025317812354 
18.836975904733 0.025312595483 
18.852931172878 0.025307361939 
18.868884784525 0.025302111990 
18.884833854956 0.025296846506 
18.900779186441 0.025291565163 
18.916720530700 0.025286268000 
18.932658678343 0.025280954725 
18.948593545717 0.025275625365 
18.964525714760 0.025270279763 
18.980455369594 0.025264917939 
18.996383058435 0.025259539825 
19.012308996061 0.025254145501 
19.028233649218 0.025248734982 
19.044157363167 0.025243308334 
19.060074217084 0.025237867780 
19.075984312929 0.025232413481 
19.091887908752 0.025226945529 
19.107785358182 0.025221463950 
19.123677105355 0.025215968694 
19.139563533853 0.025210459691 
19.155445203979 0.025204936777 
19.171322527576 0.025199399811 
19.187194654752 0.025193849073 
19.203057063335 0.025188286117 
19.218910117266 0.025182710772 
19.234754554476 0.025177122711 
19.250590832882 0.025171521685 
19.266419864094 0.025165907266 
19.282242409446 0.025160279074 
19.298058167973 0.025154637102 
19.313864592201 0.025148982144 
19.329662595795 0.025143313751 
19.345453064813 0.025137631485 
19.361237205952 0.025131934793 
19.377015846023 0.025126223263 
19.392786602449 0.025120497653 
19.408545945297 0.025114759165 
19.424294054986 0.025109007657 
19.440033237290 0.025103242204 
19.455763702758 0.025097462656 
19.471487590373 0.025091668170 
19.487205773272 0.025085858387 
19.502919532592 0.025080032823 
19.518621764849 0.025074194177 
19.534309835899 0.025068343546 
19.549985338629 0.025062480472 
19.565649991466 0.025056604460 
19.581305165487 0.025050715150 
19.596953072609 0.025044811863 
19.612591078859 0.025038895767 
19.628214045483 0.025032969007 
19.643823678973 0.025027031116 
19.659422377156 0.025021081339 
19.675011281498 0.025015119377 
19.690592296324 0.025009144615 
19.706161782900 0.025003158560 
19.721720438431 0.024997161031 
19.737270395972 0.024991151258 
19.752812368178 0.024985128993 
19.768344379814 0.024979095024 
19.783864427743 0.024973050142 
19.799371933831 0.024966994565 
19.814868067022 0.024960927787 
19.830355155154 0.024954848799 
19.845834190620 0.024948757088 
19.861298895302 0.024942655007 
19.876749410116 0.024936542362 
19.892187860010 0.024930418156 
19.907615780825 0.024924281616 
19.923025194245 0.024918135812 
19.938416742661 0.024911980422 
19.953792347827 0.024905814652 
19.969154065049 0.024899637707 
19.984503936048 0.024893448864 
19.999843596715 0.024887247632 
20.015175440158 0.024881033265 
20.030495631280 0.024874807580 
20.045805072391 0.024868570441 
20.061106892628 0.024862320693 
20.076399521092 0.024856058967 
20.091676386875 0.024849787816 
20.106939523504 0.024843506107 
20.122191178151 0.024837212491 
20.137435940233 0.024830904598 
20.152673416089 0.024824582204 
20.167888494789 0.024818251458 
20.183085677398 0.024811910581 
20.198265239013 0.024805559800 
20.213431973090 0.024799197663 
20.228588595232 0.024792823719 
20.243738623487 0.024786437197 
20.258874671006 0.024780041857 
20.273993615012 0.024773639444 
20.289100784990 0.024767227773 
20.304197357632 0.024760806102 
20.319283916527 0.024754373689 
20.334358981442 0.024747930553 
20.349424546358 0.024741475226 
20.364477849979 0.024735008430 
20.379513391272 0.024728532317 
20.394535700893 0.024722044940 
20.409548904308 0.024715544688 
20.424555536909 0.024709030733 
20.439546675563 0.024702507287 
20.454516642904 0.024695977113 
20.469465627388 0.024689440290 
20.484400083880 0.024682894004 
20.499323985632 0.024676336476 
20.514235599758 0.024669768505 
20.529126572773 0.024663193994 
20.543999232592 0.024656612257 
20.558855678628 0.024650022771 
20.573702019020 0.024643423177 
20.588546117146 0.024636810171 
20.603377741490 0.024630188373 
20.618199928378 0.024623556254 
20.633018449485 0.024616910830 
20.647819427233 0.024610257909 
20.662599882838 0.024603598436 
20.677366233220 0.024596929188 
20.692124489078 0.024590247270 
20.706877058343 0.024583551649 
20.721627560686 0.024576840972 
20.736349490062 0.024570127942 
20.751050747387 0.024563409607 
20.765733662146 0.024556685473 
20.780404112476 0.024549953267 
20.795069452566 0.024543209848 
20.809731823749 0.024536454330 
20.824394966527 0.024529684977 
20.839040858064 0.024522910191 
20.853673508201 0.024516128195 
20.868294740551 0.024509338307 
20.882907911395 0.024502539263 
20.897525358185 0.024495725708 
20.912131890158 0.024488905399 
20.926731760444 0.024482077079 
20.941333565394 0.024475237412 
20.955933211812 0.024468389024 
20.970519887163 0.024461537664 
20.985099938410 0.024454680861 
20.999679089094 0.024447816301 
21.014253635858 0.024440946017 
21.028817118192 0.024434073316 
21.043376425392 0.024427195102 
21.057937742714 0.024420308457 
21.072497273931 0.024413415133 
21.087047048776 0.024406518829 
21.101604953481 0.024399610699 
21.116169936833 0.024392690804 
21.130730246262 0.024385764345 
21.145286701300 0.024378830493 
21.159844163992 0.024371886507 
21.174401325643 0.024364932791 
21.188957869925 0.024357969434 
21.203532334060 0.024350987553 
21.218104991342 0.024343997053 
21.232689623830 0.024336991903 
21.247284777356 0.024329973568 
21.261892924515 0.024322941873 
21.276519271376 0.024315895448 
21.291161977400 0.024308836266 
21.305821191231 0.024301765357 
21.320513446081 0.024294675729 
21.335211765732 0.024287581333 
21.349921018524 0.024280480553 
21.364639255751 0.024273375070 
21.379380557244 0.024266258366 
21.394156067711 0.024259125093 
21.408962448351 0.024251977044 
21.423791018346 0.024244818369 
21.438642957373 0.024237648257 
21.453515521159 0.024230468013 
21.468402947546 0.024223280282 
21.483310354487 0.024216082267 
21.498243520437 0.024208871192 
21.513210693181 0.024201643048 
21.528211326553 0.024194398106 
21.543256157002 0.024187131488 
21.558319046712 0.024179856509 
21.573404050332 0.024172571672 
21.588506374180 0.024165279959 
21.603640251717 0.024157975118 
21.618814251851 0.024150653552 
21.634021086416 0.024143319574 
21.649263240468 0.024135972895 
21.664557163480 0.024128606382 
21.679899447614 0.024121222752 
21.695272844852 0.024113831778 
21.710692955611 0.024106427136 
21.726168479374 0.024099005869 
21.741685136647 0.024091576194 
21.757229106973 0.024084145879 
21.772800123408 0.024076715680 
21.788404484791 0.024069282892 
21.804044144114 0.024061846459 
21.819716359340 0.024054407245 
21.835424782937 0.024046963018 
21.851163364434 0.024039516130 
21.866922336776 0.024032070884 
21.882701897992 0.024024627210 
21.898511246214 0.024017181056 
21.914350547016 0.024009732715 
21.930212825732 0.024002286488 
21.946101133122 0.023994842286 
21.962020700912 0.023987398594 
21.977970383885 0.023979956717 
21.993951228913 0.023972516819 
22.009968464025 0.023965076623 
22.026019770277 0.023957636855 
22.042090288907 0.023950204186 
22.058176666948 0.023942779943 
22.074280232911 0.023935362993 
22.090378165822 0.023927963201 
22.106476368421 0.023920576833 
22.122583497360 0.023913199058 
22.138698638593 0.023905829856 
22.154787608698 0.023898485136 
22.170847062508 0.023891166820 
22.186873493885 0.023883877187 
22.202868672799 0.023876616422 
22.218836070186 0.023869384120 
22.234779687575 0.023862179838 
22.250689919902 0.023855009295 
22.266572275589 0.023847870591 
22.282431543637 0.023840761245 
22.298268016179 0.023833680357 
22.314076309148 0.023826629713 
22.329865387698 0.023819604865 
22.345632921800 0.023812606580 
22.361385909515 0.023805631227 
22.377119434619 0.023798680268 
22.392835383201 0.023791751966 
22.408540116186 0.023784842677 
22.424238192691 0.023777949791 
22.439916365540 0.023771078847 
22.455580881159 0.023764226785 
22.471243381061 0.023757388147 
22.486891797242 0.023750568120 
22.502530602073 0.023743764617 
22.518166952810 0.023736974288 
22.533799160275 0.023730197563 
22.549438052691 0.023723429151 
22.565068651932 0.023716675259 
22.580699474782 0.023709932347 
22.596338006279 0.023703198128 
22.611982921893 0.023696474670 
22.627626333173 0.023689766806 
22.643276377197 0.023683071775 
22.658936833132 0.023676388070 
22.674600638808 0.023669718785 
22.690277404968 0.023663060344 
22.705968238977 0.023656413421 
22.721675360917 0.023649777852 
22.737392768510 0.023643155817 
22.753122333265 0.023636545054 
22.768875886945 0.023629938836 
22.784641410113 0.023623341123 
22.800419446837 0.023616750878 
22.816184213727 0.023610178428 
22.831928209188 0.023603626516 
22.847653325310 0.023597094322 
22.863362700522 0.023590581441 
22.879058712658 0.023584088642 
22.894735209696 0.023577619895 
22.910387700156 0.023571176833 
22.926017656418 0.023564757147 
22.941605588053 0.023558367252 
22.957147978797 0.023552007831 
22.972647124419 0.023545677995 
22.988106837770 0.023539376359 
23.003530873694 0.023533101045 
23.018921858374 0.023526849969 
23.034282835871 0.023520620413 
23.049618152685 0.023514408981 
23.064902877091 0.023508224639 
23.080124406244 0.023502071634 
23.095282637333 0.023495949306 
23.110380228070 0.023489856226 
23.125416868065 0.023483792483 
23.140393069957 0.023477757834 
23.155311525151 0.023471750884 
23.170172317227 0.023465770800 
23.184976502360 0.023459815976 
23.199725317846 0.023453884952 
23.214406983217 0.023447982184 
23.229015272357 0.023442110340 
23.243553178095 0.023436268484 
23.258021235971 0.023430456578 
23.272417374732 0.023424675474 
23.286743229141 0.023418924393 
23.301001611155 0.023413201885 
23.315192372113 0.023407507418 
23.329318161686 0.023401839139 
23.343379793131 0.023396195871 
23.357380386824 0.023390575314 
23.371319245768 0.023384976828 
23.385198783876 0.023379399083 
23.399020795376 0.023373841489 
23.412784103060 0.023368305043 
23.426492614893 0.023362788855 
23.440149509583 0.023357291991 
23.453758819043 0.023351812686 
23.467315498583 0.023346352647 
23.480820565863 0.023340910962 
23.494279079373 0.023335485065 
23.507693279345 0.023330073787 
23.521064174660 0.023324676585 
23.534395619722 0.023319291756 
23.547688576283 0.023313918890 
23.560942603571 0.023308558120 
23.574162444473 0.023303207115 
23.587352422635 0.023297863231 
23.600514326953 0.023292524460 
23.613642592397 0.023287191620 
23.626743619631 0.023281860735 
23.639820608641 0.023276529681 
23.652878127146 0.023271196293 
23.665915651863 0.023265860797 
23.678932102351 0.023260523677 
23.691932762467 0.023255182580 
23.704919903681 0.023249836222 
23.717894777833 0.023244483915 
23.730862509467 0.023239123805 
23.743823451588 0.023233756406 
23.756774284124 0.023228383882 
23.769722224672 0.023223003814 
23.782668105176 0.023217616170 
23.795617204633 0.023212218637 
23.808565779327 0.023206812429 
23.821513226077 0.023201397313 
23.834465756700 0.023195970162 
23.847422367150 0.023190531087 
23.860387453092 0.023185078094 
23.873365114899 0.023179609516 
23.886358486650 0.023174124190 
23.899361278943 0.023168624972 
23.912371451417 0.023163112706 
23.925397723066 0.023157583340 
23.938439068941 0.023152036927 
23.951499963797 0.023146471136 
23.964583499895 0.023140884441 
23.977692877279 0.023135275667 
23.990822004742 0.023129647944 
24.003970886123 0.023124001682 
24.017147279394 0.023118333701 
24.030347743262 0.023112645908 
24.043579031534 0.023106935947 
24.056839647224 0.023101205128 
24.070127860753 0.023095454941 
24.083445775723 0.023089685107 
24.096794677631 0.023083895305 
24.110164885724 0.023078089666 
24.123559592874 0.023072266536 
24.136985175433 0.023066422867 
24.150443040039 0.023060557748 
24.163935394181 0.023054670001 
24.177469646008 0.023048756253 
24.191046967791 0.023042815868 
24.204655330329 0.023036854174 
24.218292691206 0.023030872156 
24.231972173339 0.023024864078 
24.245691492102 0.023018831209 
24.259456196798 0.023012771396 
24.273269290528 0.023006683591 
24.287136104919 0.023000565789 
24.301048580288 0.022994422247 
24.314997335351 0.022988257705 
24.328999171827 0.022982064540 
24.343048231729 0.022975844713 
24.357153522339 0.022969593097 
24.371312359082 0.022963309696 
24.385533737735 0.022956989507 
24.399808970623 0.022950636259 
24.414135643021 0.022944251589 
24.428525885863 0.022937830788 
24.442969527108 0.022931379128 
24.457473480800 0.022924893775 
24.472038694407 0.022918374279 
24.486670721401 0.022911817836 
24.501365326722 0.022905225909 
24.516129148535 0.022898594895 
24.530965841144 0.022891922631 
24.545859572874 0.022885216237 
24.560811347080 0.022878475460 
24.575833449240 0.022871694908 
24.590923308292 0.022864875945 
24.606083958742 0.022858017263 
24.621317322655 0.022851117746 
24.636628314308 0.022844174086 
24.652004003574 0.022837190452 
24.667446706178 0.022830164153 
24.682965522592 0.022823090543 
24.698504708128 0.022815996910 
24.713989887634 0.022808920595 
24.729428827907 0.022801860141 
24.744822473954 0.022794815682 
24.760172511910 0.022787785892 
24.775496932521 0.022780761206 
24.790799715750 0.022773738590 
24.806064296499 0.022766725620 
24.821291405815 0.022759723024 
24.836506988333 0.022752719758 
24.851706694288 0.022745718017 
24.866899626442 0.022738712797 
24.882090618360 0.022731700854 
24.897284711150 0.022724679143 
24.912486903273 0.022717644847 
24.927701595837 0.022710595251 
24.942933197857 0.022703527316 
24.958173347877 0.022696444213 
24.973442492130 0.022689336044 
24.988739886348 0.022682203567 
25.004041506000 0.022675059123 
25.019351846545 0.022667901382 
25.034679890663 0.022660725984 
25.050016659088 0.022653535893 
25.065363513754 0.022646328145 
25.080726302496 0.022639097642 
25.096095375135 0.022631847934 
25.111468825286 0.022624580111 
25.126833779795 0.022617301006 
25.142210804410 0.022610000965 
25.157570313693 0.022602694354 
25.172933039973 0.022595370799 
25.188306215982 0.022588026101 
25.203691937771 0.022580658916 
25.219086340255 0.022573271460 
25.234478040998 0.022565869675 
25.249906219662 0.022558433468 
25.265371966905 0.022550960309 
25.280860994401 0.022543455582 
25.296346757361 0.022535931981 
25.311828677330 0.022528390441 
25.327309109949 0.022520830971 
25.342794930798 0.022513251445 
25.358292412629 0.022505649964 
25.373802676133 0.022498027254 
25.389329162765 0.022490382670 
25.404857286926 0.022482723784 
25.420384485712 0.022475051067 
25.435918586397 0.022467359346 
25.451464900135 0.022459645159 
25.467032056122 0.022451903890 
25.482616023499 0.022444137706 
25.498223329570 0.022436343909 
25.513853496798 0.022428523716 
25.529505160053 0.022420678321 
25.545183727949 0.022412804190 
25.560893210607 0.022404897594 
25.576640317236 0.022396953563 
25.592428364045 0.022388969665 
25.608251552314 0.022380948758 
25.624100269572 0.022372895675 
25.639977747942 0.022364831302 
25.655890430287 0.022356734843 
25.671839670881 0.022348602365 
25.687825712201 0.022340434388 
25.703831411637 0.022332241525 
25.719830732743 0.022324039168 
25.735823419058 0.022315828381 
25.751814693526 0.022307606093 
25.767808332185 0.022299369797 
25.783804921725 0.022291119883 
25.799799296050 0.022282861176 
25.815794300353 0.022274594375 
25.831791371980 0.022266319697 
25.847792624880 0.022258035832 
25.863795455893 0.022249743814 
25.879796913215 0.022241445459 
25.895790531167 0.022233144723 
25.911773765190 0.022224842895 
25.927749311521 0.022216537343 
25.943691529249 0.022208240000 
25.959586168965 0.022199957815 
25.975446267384 0.022191685111 
25.991266946600 0.022183427300 
26.007055437399 0.022175183293 
26.022828018928 0.022166945824 
26.038569022046 0.022158724119 
26.054273008306 0.022150522182 
26.069941620881 0.022142339643 
26.085582793678 0.022134171486 
26.101166943012 0.022126032301 
26.116724458520 0.022117905610 
26.132269369830 0.022109784807 
26.147801714123 0.022101671757 
26.163326506345 0.022093565732 
26.178864331518 0.022085456598 
26.194418603545 0.022077341967 
26.210006239107 0.022069212292 
26.225645795304 0.022061059176 
26.241330080146 0.022052889750 
26.257010087760 0.022044731776 
26.272720067632 0.022036563957 
26.288465859404 0.022028377434 
26.304218707967 0.022020185669 
26.320025805991 0.022011967541 
26.335884490999 0.022003729757 
26.351734416026 0.021995506561 
26.367577696150 0.021987294610 
26.383416973823 0.021979088567 
26.399252104130 0.021970887183 
26.415083450658 0.021962693134 
26.430913605020 0.021954510433 
26.446745828495 0.021946340921 
26.462581101833 0.021938181915 
26.478418565822 0.021930027549 
26.494261870638 0.021921871930 
26.510112959939 0.021913715828 
26.525975659537 0.021905561336 
26.541849608453 0.021897409709 
26.557735350826 0.021889257566 
26.573636771199 0.021881098760 
26.589555091137 0.021872930671 
26.605492007734 0.021864752663 
26.621450533218 0.021856563736 
26.637432205426 0.021848363150 
26.653434510358 0.021840152417 
26.669458417617 0.021831932053 
26.685485693581 0.021823713404 
26.701512665044 0.021815500251 
26.717539711878 0.021807293207 
26.733572137739 0.021799088191 
26.749601364022 0.021790886314 
26.765631164654 0.021782682254 
26.781666900016 0.021774472354 
26.797705243888 0.021766260803 
26.813741572009 0.021758053933 
26.829779810965 0.021749852379 
26.845818685990 0.021741656915 
26.861858083610 0.021733465432 
26.877897939650 0.021725274993 
26.893930372671 0.021717088216 
26.909955647695 0.021708906632 
26.925975257530 0.021700733177 
26.941987174638 0.021692571202 
26.957990150542 0.021684420042 
26.973987932038 0.021676274229 
26.989980514023 0.021668131188 
27.005967847474 0.021659991090 
27.021954229301 0.021651854041 
27.037937884826 0.021643723825 
27.053920412402 0.021635601161 
27.069905568081 0.021627482985 
27.085884939012 0.021619370478 
27.101858095297 0.021611261154 
27.117827976970 0.021603153155 
27.133795234779 0.021595048169 
27.149760476722 0.021586949137 
27.165725824465 0.021578857955 
27.181692180954 0.021570757011 
27.197660716022 0.021562658582 
27.213632379876 0.021554563552 
27.229603302223 0.021546472951 
27.245572474976 0.021538387664 
27.261540046213 0.021530308648 
27.277511315199 0.021522233867 
27.293481418859 0.021514166758 
27.309450688691 0.021506109058 
27.325420993450 0.021498061812 
27.341392991266 0.021490025372 
27.357367776220 0.021481998392 
27.373347999731 0.021473978324 
27.389333390959 0.021465964535 
27.405321797035 0.021457957605 
27.421311258504 0.021449957914 
27.437301926334 0.021441965096 
27.453294229987 0.021433979652 
27.469291403546 0.021426001292 
27.485293250266 0.021418030822 
27.501300302379 0.021410067475 
27.517314814335 0.021402109397 
27.533336934689 0.021394156629 
27.549367028923 0.021386209449 
27.565406891448 0.021378266675 
27.581456195973 0.021370327590 
27.597515225470 0.021362391583 
27.613584713001 0.021354458483 
27.629664544934 0.021346528388 
27.645747971320 0.021338603939 
27.661836973211 0.021330682940 
27.677930492739 0.021322765293 
27.694027782669 0.021314851710 
27.710130863276 0.021306941725 
27.726239097243 0.021299035636 
27.742352786082 0.021291133106 
27.758471860056 0.021283234901 
27.774596102621 0.021275342898 
27.790725280108 0.021267458988 
27.806860233785 0.021259583753 
27.822971838950 0.021251732303 
27.839027157070 0.021243921694 
27.855025178794 0.021236152564 
27.870965400769 0.021228424117 
27.886853878069 0.021220731531 
27.902691713371 0.021213072700 
27.918484034825 0.021205444428 
27.934239151766 0.021197842607 
27.949965157875 0.021190263308 
27.965670655240 0.021182702266 
27.981370334217 0.021175152495 
27.997072423443 0.021167610616 
28.012782543183 0.021160074536 
28.028515566739 0.021152537092 
28.044283440952 0.021144992162 
28.060100093742 0.021137433071 
28.075972548186 0.021129857372 
28.091909250215 0.021122262367 
28.107906790763 0.021114650906 
28.123963348614 0.021107024594 
28.140020206720 0.021099412654 
28.156078853875 0.021091815099 
28.172138376977 0.021084232508 
28.188204780415 0.021076661569 
28.204282082981 0.021069099642 
28.220356851960 0.021061552581 
28.236436466331 0.021054016521 
28.252524828353 0.021046489341 
28.268623328742 0.021038970143 
28.284726261437 0.021031461563 
28.300836192280 0.021023962560 
28.316955841369 0.021016472325 
28.333088410151 0.021008989994 
28.349230335822 0.021001517772 
28.365361549530 0.020994065330 
28.381477904208 0.020986634380 
28.397582948354 0.020979222696 
28.413678368252 0.020971829037 
28.429762741959 0.020964454207 
28.445832133039 0.020957100712 
28.461890573557 0.020949767187 
28.477940431635 0.020942452444 
28.493980574875 0.020935156422 
28.510008142165 0.020927879578 
28.526027903518 0.020920618791 
28.542042744465 0.020913372222 
28.558051953810 0.020906140283 
28.574054216307 0.020898924012 
28.590054209291 0.020891721720 
28.606054666193 0.020884532384 
28.622055863030 0.020877355583 
28.638058671751 0.020870190085 
28.654066713487 0.020863033323 
28.670081241347 0.020855884175 
28.686103966009 0.020848741804 
28.702138408689 0.020841604960 
28.718185625794 0.020834473643 
28.734244511437 0.020827348625 
28.750316532463 0.020820229233 
28.766371702959 0.020813129078 
28.782417300815 0.020806045050 
28.798459975696 0.020798974485 
28.814507083092 0.020791914613 
28.830547767994 0.020784870990 
28.846582924437 0.020777843875 
28.862616885692 0.020770831872 
28.878655039189 0.020763832885 
28.894705093297 0.020756843358 
28.910755040110 0.020749868242 
28.926817744251 0.020742901521 
28.942897680116 0.020735941423 
28.958994634493 0.020728988784 
28.975094665836 0.020722050522 
28.991202187065 0.020715125012 
29.007325148510 0.020708208654 
29.023469372999 0.020701298679 
29.039634958909 0.020694394881 
29.055820639029 0.020687497681 
29.072017966649 0.020680610712 
29.088220283272 0.020673737077 
29.104432575405 0.020666875003 
29.120653572465 0.020660025351 
29.136882224104 0.020653188639 
29.153116218183 0.020646365709 
29.169358696153 0.020639554915 
29.185603759219 0.020632758556 
29.201847355149 0.020625978364 
29.218091755591 0.020619213556 
29.234339106690 0.020612463526 
29.250590541946 0.020605728169 
29.266844557946 0.020599008462 
29.283098041504 0.020592305879 
29.299343963787 0.020585623285 
29.315588544482 0.020578957739 
29.331824241334 0.020572312105 
29.348056334355 0.020565684071 
29.364287900622 0.020559072463 
29.380520983187 0.020552476719 
29.396750342900 0.020545899353 
29.412980358857 0.020539338709 
29.429210106561 0.020532795052 
29.445440099190 0.020526267897 
29.461664040983 0.020519759616 
29.477890626507 0.020513266513 
29.494112757088 0.020506791419 
29.510332102017 0.020500333456 
29.526553471977 0.020493890121 
29.542769948272 0.020487463469 
29.558981605709 0.020481052722 
29.575188102467 0.020474657441 
29.591391174841 0.020468276697 
29.607590279343 0.020461910921 
29.623786538245 0.020455560165 
29.639982080094 0.020449223994 
29.656175583054 0.020442903083 
29.672365337702 0.020436598001 
29.688553408624 0.020430307619 
29.704738710947 0.020424031960 
29.720924172053 0.020417769476 
29.737111950313 0.020411519070 
29.753303477681 0.020405280117 
29.769501096882 0.020399051722 
29.785706936309 0.020392833042 
29.801913106205 0.020386627123 
29.818115945451 0.020380435372 
29.834316789987 0.020374257276 
29.850518582107 0.020368091718 
29.866722192313 0.020361938405 
29.882929867379 0.020355796501 
29.899145091848 0.020349664578 
29.915368815909 0.020343542055 
29.931593678970 0.020337431596 
29.947818406174 0.020331333682 
29.964045514925 0.020325247388 
29.980277120427 0.020319171798 
29.996516031842 0.020313105551 
30.012757115185 0.020307050347 
30.029000635181 0.020301006004 
30.045249141345 0.020294971603 
30.061505695473 0.020288946076 
30.077770214801 0.020282929550 
30.094042819212 0.020276922077 
30.110314568443 0.020270927144 
30.126588627867 0.020264943741 
30.142864505816 0.020258972413 
30.159143698699 0.020253013171 
30.175423986104 0.020247067507 
30.191709225676 0.020241134508 
30.207988201128 0.020235218645 
30.224258210008 0.020229320962 
30.240523068408 0.020223439847 
30.256787199020 0.020217573378 
30.273056002443 0.020211719438 
30.289321446110 0.020205881176 
30.305583898699 0.020200058794 
30.321844982109 0.020194251884 
30.338103459598 0.020188460770 
30.354358970816 0.020182685187 
30.370616166104 0.020176922966 
30.386874946038 0.020171173834 
30.403129847138 0.020165439743 
30.419381553103 0.020159720512 
30.435631383331 0.020154015660 
30.451880918543 0.020148324585 
30.468131818227 0.020142646662 
30.484384033720 0.020136981883 
30.500637881409 0.020131330208 
30.516890644758 0.020125692850 
30.533142715692 0.020120069886 
30.549395534139 0.020114460766 
30.565649529195 0.020108865044 
30.581905731620 0.020103281958 
30.598165706616 0.020097710702 
30.614429212184 0.020092151337 
30.630693245339 0.020086605054 
30.646958415139 0.020081071806 
30.663225161943 0.020075551481 
30.679492656058 0.020070044342 
30.695760507867 0.020064550520 
30.712029199877 0.020059069944 
30.728299791818 0.020053602495 
30.744572051109 0.020048148514 
30.760846598518 0.020042707849 
30.777123355308 0.020037280340 
30.793400155175 0.020031866410 
30.809677256626 0.020026465592 
30.825950947422 0.020021078746 
30.842218543509 0.020015706417 
30.858481738137 0.020010347698 
30.874742412977 0.020005001619 
30.891000633162 0.019999667858 
30.907258459553 0.019994345446 
30.923517248220 0.019989033641 
30.939773697971 0.019983733400 
30.956027439465 0.019978444911 
30.972280871552 0.019973167480 
30.988536434542 0.019967900375 
31.004794909514 0.019962643501 
31.021057352563 0.019957396771 
31.037325830454 0.019952159723 
31.053591839495 0.019946935287 
31.069851419527 0.019941724760 
31.086107602187 0.019936526908 
31.102360956215 0.019931341083 
31.118612755974 0.019926166297 
31.134866050046 0.019921000950 
31.151119314409 0.019915844901 
31.167372523711 0.019910697496 
31.183629758359 0.019905556726 
31.199881496207 0.019900425064 
31.216131536080 0.019895300800 
31.232379819136 0.019890183697 
31.248631869424 0.019885071994 
31.264883078119 0.019879967447 
31.281132143108 0.019874870826 
31.297377342239 0.019869782939 
31.313618436130 0.019864703948 
31.329855743023 0.019859633639 
31.346089635761 0.019854571674 
31.362320722289 0.019849517656 
31.378536418793 0.019844475568 
31.394736803662 0.019839445465 
31.410922933763 0.019834427038 
31.427097398602 0.019829419413 
31.443266585134 0.019824420489 
31.459435630652 0.019819428586 
31.475604604148 0.019814443679 
31.491774204511 0.019809465576 
31.507933931023 0.019804497624 
31.524079438580 0.019799541203 
31.540206328524 0.019794597699 
31.556315327658 0.019789666826 
31.572410764637 0.019784747104 
31.588493459895 0.019779838217 
31.604566126020 0.019774939275 
31.620635477000 0.019770048014 
31.636706242404 0.019765162588 
31.652779028590 0.019760282220 
31.668862762084 0.019755403486 
31.684971267023 0.019750521529 
31.701060934924 0.019745649726 
31.717128922342 0.019740789020 
31.733181520409 0.019735937435 
31.749222023001 0.019731093823 
31.765249145797 0.019726258510 
31.781268363509 0.019721429822 
31.797291526243 0.019716604201 
31.813326989016 0.019711779293 
31.829386909039 0.019706951566 
31.845463607772 0.019702123466 
31.861515606274 0.019697307839 
31.877544903853 0.019692504071 
31.893560682231 0.019687709291 
31.909573817534 0.019682920230 
31.925597927660 0.019678132868 
31.941645332819 0.019673343456 
31.957714919655 0.019668552134 
31.973781569358 0.019663766355 
31.989847407901 0.019658985281 
32.005899188632 0.019654212918 
32.021946752509 0.019649446342 
32.037993389383 0.019644684668 
32.054034271720 0.019639929527 
32.070077540064 0.019635178514 
32.086117784434 0.019630433294 
32.102161793490 0.019625691873 
32.118204907760 0.019620955900 
32.134250691798 0.019616224631 
32.150301365671 0.019611497577 
32.166347791786 0.019606777346 
32.182389059685 0.019602063722 
32.198427602114 0.019597355306 
32.214463529409 0.019592651474 
32.230503036159 0.019587950013 
32.246546166129 0.019583250888 
32.262591048815 0.019578554836 
32.278614317984 0.019573869185 
32.294609617239 0.019569196119 
32.310581920023 0.019564534122 
32.326533442032 0.019559882314 
32.342466256403 0.019555240002 
32.358385649984 0.019550605835 
32.374291130510 0.019545980399 
32.390182604592 0.019541364144 
32.406065170660 0.019536755777 
32.421938532458 0.019532155414 
32.437801761655 0.019527563175 
32.453659883239 0.019522977210 
32.469513248513 0.019518396949 
32.485364193016 0.019513821141 
32.501210391116 0.019509249816 
32.517055291726 0.019504681301 
32.532898419269 0.019500115211 
32.548736429978 0.019495552190 
32.564558368764 0.019490995395 
32.580349045258 0.019486449534 
32.596115663915 0.019481912734 
32.611865374615 0.019477382912 
32.627599373639 0.019472859539 
32.643317353183 0.019468342497 
32.659025792590 0.019463829747 
32.674724271370 0.019459321466 
32.690391220632 0.019454824384 
32.706026405380 0.019450339032 
32.721631451467 0.019445865144 
32.737202157851 0.019441403914 
32.752741724629 0.019436954234 
32.768251765473 0.019432515483 
32.783731432166 0.019428087890 
32.799181477520 0.019423671333 
32.814607694033 0.019419264144 
32.829997776294 0.019414869821 
32.845356602175 0.019410486664 
32.860689759635 0.019406112706 
32.876000387961 0.019401746863 
32.891276957257 0.019397392605 
32.906528223652 0.019393047511 
32.921761204411 0.019388709505 
32.936972432934 0.019384379472 
32.952158698316 0.019380058214 
32.967323373896 0.019375744633 
32.982471419833 0.019371437252 
32.997604823415 0.019367135613 
33.012722882955 0.019362840196 
33.027829669208 0.019358550150 
33.042916532820 0.019354268344 
33.057994991233 0.019349991656 
33.073069207978 0.019345718968 
33.088135448213 0.019341451433 
33.103191500684 0.019337189716 
33.118245120579 0.019332931417 
33.133305851747 0.019328673401 
33.148358207590 0.019324419742 
33.163412711088 0.019320166935 
33.178476729543 0.019315912341 
33.193545972878 0.019311656843 
33.208621991830 0.019307399840 
33.223706345882 0.019303140885 
33.238810082404 0.019298876820 
33.253924305857 0.019294610277 
33.269058164726 0.019290338602 
33.284209108481 0.019286062488 
33.299376478764 0.019281782191 
33.314569443777 0.019277495231 
33.329790089204 0.019273201270 
33.345038701993 0.019268900572 
33.360311670616 0.019264594588 
33.375614305516 0.019260282216 
33.390947690225 0.019255963626 
33.406313113950 0.019251638999 
33.421714878458 0.019247307573 
33.437154003558 0.019242969283 
33.452630261668 0.019238624140 
33.468149267221 0.019234270333 
33.483709548497 0.019229908199 
33.499306881735 0.019225539144 
33.514952697207 0.019221160171 
