     time       viscous_dissipation 
 0.000000000000      0.000114003489 
 0.005000000000      0.000123989864 
 0.013250000000      0.000122745468 
 0.027000000000      0.000121045975 
 0.042125000000      0.000119819923 
 0.057852340755      0.000118920870 
 0.073618927504      0.000118246757 
 0.089420210949      0.000117717009 
 0.105252695612      0.000117288006 
 0.121113321674      0.000116933182 
 0.136999575550      0.000116635098 
 0.152909332980      0.000116381483 
 0.168840623184      0.000116163354 
 0.184791690870      0.000115973947 
 0.200761045962      0.000115808073 
 0.216747400551      0.000115661690 
 0.232749548895      0.000115531614 
 0.248766404179      0.000115415307 
 0.264797021751      0.000115310728 
 0.280840478924      0.000115216220 
 0.296895972897      0.000115130426 
 0.312962734995      0.000115052227 
 0.329040153713      0.000114980692 
 0.345127621511      0.000114915041 
 0.361224553802      0.000114854615 
 0.377330446102      0.000114798857 
 0.393444795082      0.000114747288 
 0.409567171072      0.000114699498 
 0.425697123117      0.000114655132 
 0.441834313121      0.000114613882 
 0.457978399257      0.000114575478 
 0.474129028723      0.000114539683 
 0.490285906794      0.000114506288 
 0.506448726052      0.000114475108 
 0.522617230562      0.000114445978 
 0.538791132783      0.000114418751 
 0.554970222627      0.000114393295 
 0.571154295144      0.000114369492 
 0.587343119574      0.000114347233 
 0.603536513282      0.000114326423 
 0.619734268960      0.000114306974 
 0.635936220331      0.000114288804 
 0.652142172545      0.000114271842 
 0.668351977387      0.000114256019 
 0.684565508998      0.000114241275 
 0.700782602884      0.000114227554 
 0.717003138911      0.000114214803 
 0.733226968781      0.000114202975 
 0.749453973243      0.000114192025 
 0.765684023373      0.000114181912 
 0.781916997864      0.000114172598 
 0.798152819456      0.000114164049 
 0.814391368699      0.000114156230 
 0.830632553187      0.000114149111 
 0.846876277659      0.000114142664 
 0.863122439821      0.000114136861 
 0.879370953168      0.000114131678 
 0.895621717073      0.000114127091 
 0.911874680087      0.000114123078 
 0.928129753815      0.000114119619 
 0.944386858808      0.000114116691 
 0.960645882602      0.000114114288 
 0.976906845467      0.000114112374 
 0.993169638140      0.000114110949 
 1.009434158753      0.000114109983 
 1.025700373510      0.000114109476 
 1.041968238469      0.000114109399 
 1.058237667279      0.000114109754 
 1.074508622568      0.000114110513 
 1.090781026722      0.000114111680 
 1.107054855831      0.000114113229 
 1.123330020691      0.000114115163 
 1.139606486262      0.000114117459 
 1.155884230103      0.000114120120 
 1.172163165961      0.000114123123 
 1.188443252788      0.000114126474 
 1.204724479779      0.000114130149 
 1.221006775652      0.000114134154 
 1.237290099491      0.000114138476 
 1.253574399461      0.000114143102 
 1.269859668972      0.000114148033 
 1.286145839523      0.000114153260 
 1.302432883636      0.000114158775 
 1.318720762329      0.000114164572 
 1.335009396751      0.000114170648 
 1.351298192606      0.000114176994 
 1.367587147622      0.000114183605 
 1.383876247390      0.000114190478 
 1.400165486009      0.000114197605 
 1.416454853867      0.000114204983 
 1.432744347380      0.000114212606 
 1.449033960430      0.000114220472 
 1.465323675584      0.000114228574 
 1.481613490548      0.000114236909 
 1.497903400669      0.000114245473 
 1.514193393396      0.000114254262 
 1.530483466510      0.000114263272 
 1.546773613171      0.000114272500 
 1.563063828001      0.000114281943 
 1.579354105891      0.000114291596 
 1.595644433696      0.000114301457 
 1.611934811418      0.000114311524 
 1.628225230578      0.000114321791 
 1.644515685033      0.000114332258 
 1.660806171750      0.000114342921 
 1.677096685088      0.000114353776 
 1.693387221506      0.000114364823 
 1.709677772609      0.000114376058 
 1.725968331680      0.000114387478 
 1.742258899348      0.000114399082 
 1.758549463026      0.000114410867 
 1.774840022689      0.000114422831 
 1.791130574770      0.000114434972 
 1.807421113400      0.000114447287 
 1.823711637117      0.000114459775 
 1.840002137550      0.000114472433 
 1.856292610705      0.000114485260 
 1.872583055875      0.000114498254 
 1.888873462349      0.000114511413 
 1.905163831751      0.000114524736 
 1.921454159923      0.000114538220 
 1.937744441296      0.000114551864 
 1.954034675124      0.000114565667 
 1.970324853737      0.000114579626 
 1.986614975099      0.000114593741 
 2.002905036128      0.000114608010 
 2.019195029767      0.000114622432 
 2.035484957941      0.000114637005 
 2.051774815552      0.000114651728 
 2.068064598402      0.000114666599 
 2.084354306405      0.000114681618 
 2.100643933538      0.000114696783 
 2.116933477417      0.000114712093 
 2.133222934515      0.000114727547 
 2.149512300015      0.000114743143 
 2.165801575321      0.000114758881 
 2.182090755866      0.000114774760 
 2.198379837139      0.000114790778 
 2.214668820015      0.000114806934 
 2.230957700302      0.000114823228 
 2.247246474485      0.000114839659 
 2.263535138969      0.000114856226 
 2.279823691088      0.000114872927 
 2.296112131143      0.000114889762 
 2.312400456862      0.000114906731 
 2.328688662065      0.000114923831 
 2.344976747920      0.000114941064 
 2.361264713701      0.000114958426 
 2.377552553854      0.000114975919 
 2.393840265884      0.000114993541 
 2.410127848080      0.000115011292 
 2.426415298650      0.000115029170 
 2.442702619303      0.000115047176 
 2.458989800996      0.000115065308 
 2.475276844534      0.000115083565 
 2.491563751233      0.000115101949 
 2.507850517354      0.000115120456 
 2.524137139759      0.000115139088 
 2.540423615260      0.000115157843 
 2.556709943569      0.000115176722 
 2.572996108795      0.000115195722 
 2.589281728298      0.000115214844 
 2.605566799757      0.000115234087 
 2.621851331251      0.000115253451 
 2.638135315782      0.000115272934 
 2.654418733738      0.000115292537 
 2.670701574397      0.000115312259 
 2.686983845403      0.000115332099 
 2.703265538851      0.000115352057 
 2.719546645601      0.000115372133 
 2.735827142127      0.000115392327 
 2.752107037998      0.000115412637 
 2.768386333493      0.000115433064 
 2.784665021553      0.000115453607 
 2.800943083652      0.000115474265 
 2.817220514323      0.000115495039 
 2.833497320922      0.000115515929 
 2.849773501531      0.000115536932 
 2.866049033027      0.000115558051 
 2.882323903238      0.000115579283 
 2.898598126159      0.000115600629 
 2.914871697963      0.000115622089 
 2.931144612481      0.000115643662 
 2.947416850594      0.000115665348 
 2.963688411775      0.000115687147 
 2.979959303661      0.000115709058 
 2.996229526223      0.000115731082 
 3.012499053065      0.000115753217 
 3.028767875345      0.000115775464 
 3.045036008430      0.000115797823 
 3.061303449478      0.000115820294 
 3.077570194574      0.000115842875 
 3.093836224044      0.000115865567 
 3.110101536502      0.000115888371 
 3.126366143847      0.000115911285 
 3.142630042913      0.000115934309 
 3.158893214468      0.000115957444 
 3.175155644520      0.000115980689 
 3.191417347616      0.000116004043 
 3.207678325860      0.000116027508 
 3.223938578624      0.000116051083 
 3.240198084271      0.000116074767 
 3.256456839532      0.000116098561 
 3.272714859219      0.000116122464 
 3.288972137454      0.000116146477 
 3.305228670968      0.000116170599 
 3.321484432361      0.000116194830 
 3.337739432296      0.000116219170 
 3.353993683098      0.000116243619 
 3.370247183488      0.000116268177 
 3.386499918943      0.000116292844 
 3.402751876658      0.000116317619 
 3.419003066231      0.000116342504 
 3.435253494835      0.000116367497 
 3.451503166246      0.000116392599 
 3.467752048600      0.000116417810 
 3.484000138872      0.000116443129 
 3.500247455206      0.000116468557 
 3.516493998209      0.000116494093 
 3.532739769291      0.000116519738 
 3.548984747423      0.000116545492 
 3.565228931112      0.000116571354 
 3.581472336103      0.000116597325 
 3.597714959617      0.000116623404 
 3.613956803660      0.000116649592 
 3.630197836936      0.000116675889 
 3.646438067650      0.000116702294 
 3.662677515780      0.000116728809 
 3.678916174518      0.000116755431 
 3.695154043767      0.000116782163 
 3.711391105478      0.000116809003 
 3.727627361982      0.000116835953 
 3.743862832100      0.000116863011 
 3.760097509205      0.000116890178 
 3.776331389297      0.000116917455 
 3.792564448999      0.000116944840 
 3.808796700229      0.000116972335 
 3.825028159495      0.000116999939 
 3.841258824338      0.000117027652 
 3.857488689490      0.000117055475 
 3.873717738933      0.000117083407 
 3.889945978105      0.000117111449 
 3.906173424433      0.000117139601 
 3.922400074298      0.000117167862 
 3.938625920746      0.000117196234 
 3.954850943556      0.000117224715 
 3.971075154976      0.000117253307 
 3.987298572277      0.000117282009 
 4.003521193192      0.000117310821 
 4.019743013099      0.000117339744 
 4.035964017454      0.000117368777 
 4.052184210608      0.000117397921 
 4.068403611879      0.000117427177 
 4.084622216162      0.000117456543 
 4.100840022487      0.000117486021 
 4.117057006515      0.000117515609 
 4.133273179077      0.000117545310 
 4.149488561423      0.000117575122 
 4.165703148151      0.000117605046 
 4.181916939145      0.000117635082 
 4.198129920333      0.000117665230 
 4.214342094358      0.000117695490 
 4.230553480558      0.000117725863 
 4.246764074097      0.000117756348 
 4.262973881064      0.000117786947 
 4.279182876490      0.000117817658 
 4.295391063596      0.000117848483 
 4.311598464594      0.000117879421 
 4.327805079588      0.000117910473 
 4.344010912619      0.000117941638 
 4.360215948376      0.000117972918 
 4.376420185617      0.000118004311 
 4.392623639121      0.000118035820 
 4.408826313415      0.000118067442 
 4.425028218632      0.000118099180 
 4.441229327165      0.000118131033 
 4.457429637895      0.000118163000 
 4.473629167597      0.000118195084 
 4.489827927433      0.000118227283 
 4.506025923783      0.000118259598 
 4.522223141212      0.000118292029 
 4.538419573198      0.000118324577 
 4.554615227343      0.000118357241 
 4.570810120647      0.000118390022 
 4.587004253206      0.000118422920 
 4.603197624385      0.000118455936 
 4.619390213756      0.000118489069 
 4.635582028865      0.000118522320 
 4.651773094328      0.000118555689 
 4.667963405981      0.000118589177 
 4.684152966399      0.000118622783 
 4.700341765947      0.000118656508 
 4.716529804368      0.000118690352 
 4.732717097541      0.000118724316 
 4.748903647446      0.000118758399 
 4.765089467108      0.000118792603 
 4.781274531553      0.000118826926 
 4.797458839996      0.000118861370 
 4.813642407802      0.000118895935 
 4.829825249094      0.000118930621 
 4.846007368650      0.000118965428 
 4.862188752928      0.000119000357 
 4.878369399536      0.000119035408 
 4.894549313847      0.000119070581 
 4.910728514242      0.000119105877 
 4.926906997315      0.000119141296 
 4.943084770724      0.000119176838 
 4.959261815068      0.000119212503 
 4.975438134831      0.000119248292 
 4.991613749942      0.000119284205 
 5.007788665458      0.000119320242 
 5.023962886394      0.000119356404 
 5.040136404914      0.000119392691 
 5.056309215223      0.000119429104 
 5.072481326746      0.000119465642 
 5.088652752399      0.000119502306 
 5.104823498190      0.000119539097 
 5.120993561612      0.000119576014 
 5.137162926986      0.000119613058 
 5.153331602656      0.000119650229 
 5.169499611845      0.000119687528 
 5.185666952536      0.000119724956 
 5.201833626610      0.000119762511 
 5.217999631549      0.000119800195 
 5.234164964182      0.000119838008 
 5.250329636750      0.000119875951 
 5.266493655508      0.000119914023 
 5.282657033612      0.000119952225 
 5.298819761687      0.000119990558 
 5.314981827847      0.000120029022 
 5.331143242852      0.000120067617 
 5.347304031150      0.000120106343 
 5.363464187647      0.000120145201 
 5.379623712947      0.000120184192 
 5.395782608482      0.000120223315 
 5.411940871413      0.000120262571 
 5.428098514647      0.000120301961 
 5.444255541561      0.000120341484 
 5.460411853404      0.000120381142 
 5.476567153376      0.000120420933 
 5.492721447023      0.000120460858 
 5.508874751005      0.000120500917 
 5.525027080397      0.000120541111 
 5.541178449738      0.000120581440 
 5.557328835338      0.000120621905 
 5.573478228934      0.000120662505 
 5.589626653054      0.000120703242 
 5.605774141405      0.000120744116 
 5.621920688399      0.000120785126 
 5.638066287371      0.000120826275 
 5.654210941380      0.000120867561 
 5.670354658416      0.000120908985 
 5.686497458460      0.000120950549 
 5.702639347764      0.000120992251 
 5.718780341984      0.000121034093 
 5.734920423892      0.000121076075 
 5.751059585487      0.000121118198 
 5.767197850093      0.000121160461 
 5.783335248491      0.000121202866 
 5.799471779556      0.000121245412 
 5.815607430986      0.000121288100 
 5.831742211757      0.000121330932 
 5.847876129867      0.000121373906 
 5.864009205751      0.000121417023 
 5.880141442281      0.000121460285 
 5.896272857740      0.000121503690 
 5.912403437348      0.000121547241 
 5.928533171706      0.000121590937 
 5.944662085649      0.000121634778 
 5.960790208783      0.000121678766 
 5.976917540146      0.000121722900 
 5.993044066648      0.000121767182 
 6.009169801935      0.000121811610 
 6.025294752247      0.000121856187 
 6.041418936227      0.000121900913 
 6.057542357350      0.000121945787 
 6.073665037637      0.000121990811 
 6.089786958675      0.000122035984 
 6.105908116549      0.000122081308 
 6.122028534454      0.000122126783 
 6.138148243294      0.000122172409 
 6.154267237111      0.000122218187 
 6.170385509511      0.000122264117 
 6.186503077186      0.000122310200 
 6.202619938730      0.000122356437 
 6.218736114156      0.000122402827 
 6.234851609604      0.000122449371 
 6.250966451528      0.000122496070 
 6.267080612509      0.000122542925 
 6.283194098344      0.000122589935 
 6.299306927791      0.000122637101 
 6.315419130613      0.000122684425 
 6.331530699976      0.000122731906 
 6.347641636416      0.000122779544 
 6.363751953550      0.000122827341 
 6.379861646784      0.000122875297 
 6.395970738132      0.000122923412 
 6.412079236787      0.000122971687 
 6.428187159597      0.000123020123 
 6.444294495129      0.000123068720 
 6.460401248280      0.000123117478 
 6.476507431591      0.000123166398 
 6.492613066101      0.000123215481 
 6.508718159235      0.000123264727 
 6.524822715924      0.000123314137 
 6.540926731322      0.000123363711 
 6.557030219643      0.000123413450 
 6.573133193725      0.000123463355 
 6.589235667700      0.000123513425 
 6.605337643870      0.000123563662 
 6.621439133499      0.000123614066 
 6.637540138355      0.000123664637 
 6.653640655234      0.000123715377 
 6.669740708414      0.000123766286 
 6.685840316041      0.000123817363 
 6.701939487607      0.000123868611 
 6.718038195946      0.000123920030 
 6.734136476215      0.000123971619 
 6.750234331232      0.000124023381 
 6.766331778081      0.000124075314 
 6.782428809879      0.000124127421 
 6.798525460514      0.000124179701 
 6.814621710352      0.000124232155 
 6.830717567841      0.000124284783 
 6.846813052876      0.000124337587 
 6.862908191697      0.000124390567 
 6.879002975308      0.000124443724 
 6.895097402159      0.000124497057 
 6.911191490398      0.000124550569 
 6.927285247218      0.000124604258 
 6.943378687803      0.000124658127 
 6.959471814098      0.000124712176 
 6.975564644681      0.000124766404 
 6.991657177949      0.000124820814 
 7.007749424536      0.000124875405 
 7.023841385235      0.000124930179 
 7.039933083152      0.000124985135 
 7.056024529396      0.000125040275 
 7.072115729434      0.000125095599 
 7.088206668048      0.000125151107 
 7.104297381402      0.000125206802 
 7.120387870496      0.000125262682 
 7.136478150039      0.000125318749 
 7.152568210659      0.000125375004 
 7.168658089164      0.000125431447 
 7.184747767474      0.000125488078 
 7.200837258865      0.000125544899 
 7.216926581808      0.000125601910 
 7.233015757793      0.000125659113 
 7.249104779802      0.000125716506 
 7.265193645345      0.000125774092 
 7.281282371480      0.000125831871 
 7.297370976219      0.000125889844 
 7.313459468545      0.000125948011 
 7.329547846845      0.000126006373 
 7.345636127538      0.000126064931 
 7.361724319694      0.000126123685 
 7.377812432614      0.000126182637 
 7.393900461917      0.000126241787 
 7.409988434423      0.000126301135 
 7.426076362608      0.000126360683 
 7.442164253330      0.000126420431 
 7.458252080016      0.000126480380 
 7.474339887013      0.000126540531 
 7.490427676081      0.000126600884 
 7.506515463566      0.000126661440 
 7.522603236744      0.000126722200 
 7.538691031131      0.000126783165 
 7.554778834650      0.000126844335 
 7.570866669104      0.000126905712 
 7.586954534285      0.000126967295 
 7.603042455066      0.000127029087 
 7.619130435292      0.000127091087 
 7.635218476862      0.000127153296 
 7.651306572617      0.000127215716 
 7.667394765839      0.000127278346 
 7.683483051176      0.000127341188 
 7.699571439861      0.000127404243 
 7.715659923058      0.000127467511 
 7.731748542848      0.000127530994 
 7.747837274858      0.000127594691 
 7.763926146268      0.000127658605 
 7.780015164366      0.000127722735 
 7.796104349949      0.000127787082 
 7.812193699617      0.000127851648 
 7.828283210256      0.000127916434 
 7.844372890395      0.000127981439 
 7.860462778503      0.000128046665 
 7.876552870303      0.000128112113 
 7.892643166634      0.000128177784 
 7.908733671698      0.000128243678 
 7.924824418173      0.000128309796 
 7.940915390626      0.000128376140 
 7.957006612699      0.000128442710 
 7.973098094245      0.000128509507 
 7.989189855134      0.000128576532 
 8.005281888379      0.000128643786 
 8.021374189225      0.000128711270 
 8.037466771774      0.000128778985 
 8.053559676310      0.000128846931 
 8.069652895776      0.000128915109 
 8.085746425935      0.000128983522 
 8.101840275895      0.000129052168 
 8.117934476017      0.000129121050 
 8.134029012642      0.000129190168 
 8.150123911154      0.000129259524 
 8.166219178617      0.000129329118 
 8.182314836133      0.000129398951 
 8.198410874411      0.000129469024 
 8.214507286861      0.000129539338 
 8.230604089719      0.000129609895 
 8.246701322504      0.000129680694 
 8.262798980752      0.000129751738 
 8.278897060383      0.000129823027 
 8.294995567230      0.000129894562 
 8.311094535821      0.000129966345 
 8.327193947777      0.000130038375 
 8.343293835107      0.000130110655 
 8.359394197127      0.000130183185 
 8.375495059407      0.000130255967 
 8.391596414095      0.000130329001 
 8.407698256214      0.000130402288 
 8.423800593757      0.000130475830 
 8.439903464820      0.000130549628 
 8.456006878760      0.000130623682 
 8.472110828457      0.000130697994 
 8.488215309044      0.000130772565 
 8.504320358118      0.000130847396 
 8.520425961241      0.000130922489 
 8.536532148127      0.000130997843 
 8.552638917838      0.000131073461 
 8.568746296064      0.000131149343 
 8.584854277407      0.000131225491 
 8.600962858083      0.000131301906 
 8.617072035107      0.000131378589 
 8.633181845085      0.000131455541 
 8.649292310634      0.000131532763 
 8.665403430023      0.000131610257 
 8.681515179732      0.000131688024 
 8.697627595846      0.000131766064 
 8.713740683307      0.000131844380 
 8.729854451787      0.000131922972 
 8.745968918311      0.000132001842 
 8.762084094355      0.000132080991 
 8.778199992828      0.000132160420 
 8.794316605699      0.000132240130 
 8.810433914565      0.000132320123 
 8.826551919745      0.000132400399 
 8.842670517263      0.000132480960 
 8.858789673592      0.000132561807 
 8.874909378076      0.000132642940 
 8.891029653024      0.000132724362 
 8.907150480048      0.000132806073 
 8.923271876870      0.000132888074 
 8.939393837229      0.000132970368 
 8.955516369292      0.000133052955 
 8.971639465892      0.000133135837 
 8.987763099462      0.000133219014 
 9.003887266721      0.000133302488 
 9.020011997256      0.000133386262 
 9.036137288229      0.000133470335 
 9.052263126042      0.000133554709 
 9.068389496798      0.000133639386 
 9.084516421193      0.000133724367 
 9.100643878312      0.000133809654 
 9.116771893314      0.000133895247 
 9.132900433043      0.000133981149 
 9.149029522581      0.000134067361 
 9.165159130157      0.000134153883 
 9.181289237377      0.000134240718 
 9.197419851561      0.000134327867 
 9.213550986385      0.000134415331 
 9.229682641838      0.000134503113 
 9.245814763702      0.000134591212 
 9.261947368564      0.000134679632 
 9.278080448160      0.000134768373 
 9.294213989471      0.000134857436 
 9.310347989669      0.000134946824 
 9.326482451940      0.000135036538 
 9.342617346252      0.000135126580 
 9.358752657004      0.000135216950 
 9.374888353439      0.000135307651 
 9.391024461184      0.000135398683 
 9.407160969054      0.000135490050 
 9.423297847176      0.000135581751 
 9.439435084534      0.000135673790 
 9.455572682512      0.000135766167 
 9.471710623233      0.000135858884 
 9.487848898236      0.000135951943 
 9.503987509481      0.000136045345 
 9.520126449978      0.000136139093 
 9.536265687805      0.000136233188 
 9.552405210386      0.000136327631 
 9.568545030727      0.000136422424 
 9.584685136657      0.000136517570 
 9.600825518269      0.000136613070 
 9.616966146785      0.000136708925 
 9.633107041894      0.000136805138 
 9.649248177268      0.000136901711 
 9.665389563403      0.000136998644 
 9.681531189380      0.000137095941 
 9.697673046543      0.000137193603 
 9.713815130273      0.000137291632 
 9.729957409333      0.000137390030 
 9.746099892902      0.000137488798 
 9.762242580762      0.000137587940 
 9.778385466962      0.000137687456 
 9.794528521358      0.000137787349 
 9.810671759083      0.000137887621 
 9.826815165297      0.000137988274 
 9.842958733690      0.000138089310 
 9.859102481948      0.000138190732 
 9.875246382623      0.000138292540 
 9.891390418443      0.000138394738 
 9.907534579804      0.000138497328 
 9.923678906505      0.000138600311 
 9.939823358330      0.000138703691 
 9.955967906082      0.000138807468 
 9.972112561798      0.000138911646 
 9.988257335136      0.000139016228 
10.004402211476      0.000139121214 
10.020547164140      0.000139226607 
10.036692215853      0.000139332411 
10.052837347565      0.000139438626 
10.068982539081      0.000139545257 
10.085127800030      0.000139652304 
10.101273123307      0.000139759771 
10.117418497224      0.000139867660 
10.133563904211      0.000139975973 
10.149709374093      0.000140084714 
10.165854881158      0.000140193885 
10.182000391904      0.000140303488 
10.198145915236      0.000140413525 
10.214291461119      0.000140524001 
10.230437024914      0.000140634917 
10.246582556582      0.000140746275 
10.262728078061      0.000140858080 
10.278873583858      0.000140970333 
10.295019060961      0.000141083038 
10.311164498275      0.000141196197 
10.327309906482      0.000141309813 
10.343455278649      0.000141423890 
10.359600573265      0.000141538429 
10.375745812656      0.000141653435 
10.391890990394      0.000141768910 
10.408036088752      0.000141884857 
10.424181111272      0.000142001279 
10.440326022885      0.000142118180 
10.456470831305      0.000142235563 
10.472615516891      0.000142353430 
10.488760104017      0.000142471786 
10.504904569840      0.000142590633 
10.521048878527      0.000142709974 
10.537193051571      0.000142829814 
10.553337086804      0.000142950156 
10.569480947635      0.000143071002 
10.585624642896      0.000143192357 
10.601768180526      0.000143314225 
10.617911529121      0.000143436608 
10.634054663017      0.000143559510 
10.650197604538      0.000143682935 
10.666340346079      0.000143806887 
10.682482878905      0.000143931370 
10.698625180086      0.000144056387 
10.714767231798      0.000144181943 
10.730909014879      0.000144308040 
10.747050546819      0.000144434681 
10.763191834276      0.000144561875 
10.779332842833      0.000144689625 
10.795473544371      0.000144817932 
10.811613955986      0.000144946801 
10.827754080490      0.000145076235 
10.843893880163      0.000145206240 
10.860033358527      0.000145336820 
10.876172516935      0.000145467978 
10.892311330639      0.000145599721 
10.908449792571      0.000145732051 
10.924587882174      0.000145864975 
10.940725594402      0.000145998496 
10.956862949678      0.000146132620 
10.972999931822      0.000146267351 
10.989136501770      0.000146402694 
11.005272637188      0.000146538654 
11.021408334660      0.000146675236 
11.037543607600      0.000146812446 
11.053678437006      0.000146950288 
11.069812827318      0.000147088767 
11.085946737635      0.000147227890 
11.102080146490      0.000147367660 
11.118213073917      0.000147508084 
11.134345503226      0.000147649167 
11.150477417056      0.000147790916 
11.166608812929      0.000147933334 
11.182739688324      0.000148076429 
11.198870004154      0.000148220206 
11.214999759728      0.000148364670 
11.231128933765      0.000148509828 
11.247257518101      0.000148655686 
11.263385539564      0.000148802251 
11.279512964707      0.000148949527 
11.295639763905      0.000149097523 
11.311765907055      0.000149246243 
11.327891384481      0.000149395694 
11.344016201469      0.000149545883 
11.360140355771      0.000149696817 
11.376263844233      0.000149848503 
11.392386626865      0.000150000947 
11.408508672187      0.000150154156 
11.424629980600      0.000150308138 
11.440750559410      0.000150462899 
11.456870382477      0.000150618447 
11.472989429716      0.000150774789 
11.489107704848      0.000150931933 
11.505225187233      0.000151089887 
11.521341874826      0.000151248657 
11.537457720964      0.000151408252 
11.553572702102      0.000151568680 
11.569686831712      0.000151729949 
11.585800107954      0.000151892066 
11.601912510894      0.000152055041 
11.618024037021      0.000152218883 
11.634134625440      0.000152383598 
11.650244246538      0.000152549195 
11.666352917028      0.000152715685 
11.682460619601      0.000152883074 
11.698567331563      0.000153051374 
11.714673065452      0.000153220592 
11.730777783719      0.000153390739 
11.746881451591      0.000153561822 
11.762984073807      0.000153733854 
11.779085621478      0.000153906841 
11.795186074630      0.000154080796 
11.811285431731      0.000154255727 
11.827383664948      0.000154431646 
11.843480755447      0.000154608561 
11.859576710803      0.000154786485 
11.875671493268      0.000154965427 
11.891765065258      0.000155145398 
11.907857419943      0.000155326409 
11.923948532782      0.000155508471 
11.940038391995      0.000155691596 
11.956127008816      0.000155875795 
11.972214359953      0.000156061080 
11.988300420527      0.000156247463 
12.004385104853      0.000156434954 
12.020468408222      0.000156623567 
12.036550332999      0.000156813314 
12.052630866947      0.000157004207 
12.068709987559      0.000157196259 
12.084787681845      0.000157389483 
12.100863930889      0.000157583892 
12.116938685228      0.000157779500 
12.133011939439      0.000157976319 
12.149083652965      0.000158174364 
12.165153806766      0.000158373647 
12.181222407511      0.000158574184 
12.197289404761      0.000158775989 
12.213354786940      0.000158979076 
12.229418541026      0.000159183460 
12.245480648630      0.000159389156 
12.261541085231      0.000159596179 
12.277599787566      0.000159804544 
12.293656724013      0.000160014266 
12.309711898012      0.000160225363 
12.325765299740      0.000160437849 
12.341816896255      0.000160651741 
12.357866676666      0.000160867055 
12.373914633119      0.000161083810 
12.389960684200      0.000161302021 
12.406004797159      0.000161521704 
12.422046944496      0.000161742879 
12.438087098678      0.000161965561 
12.454125271988      0.000162189771 
12.470161413397      0.000162415525 
12.486195520014      0.000162642843 
12.502227567607      0.000162871743 
12.518257483350      0.000163102244 
12.534285249552      0.000163334365 
12.550310832299      0.000163568126 
12.566334224582      0.000163803547 
12.582355394391      0.000164040647 
12.598374298691      0.000164279448 
12.614390894405      0.000164519969 
12.630405182746      0.000164762231 
12.646417147209      0.000165006257 
12.662426757892      0.000165252068 
12.678433958369      0.000165499685 
12.694438680002      0.000165749130 
12.710440932441      0.000166000425 
12.726440678350      0.000166253593 
12.742437871911      0.000166508658 
12.758432510208      0.000166765642 
12.774424580185      0.000167024569 
12.790414037072      0.000167285463 
12.806400811861      0.000167548349 
12.822384851332      0.000167813249 
12.838366152556      0.000168080189 
12.854344629538      0.000168349193 
12.870320302548      0.000168620288 
12.886293137163      0.000168893498 
12.902263118951      0.000169168852 
12.918230167330      0.000169446373 
12.934194242107      0.000169726089 
12.950155303018      0.000170008025 
12.966113370499      0.000170292212 
12.982068366378      0.000170578674 
12.998020221098      0.000170867440 
13.013968965447      0.000171158539 
13.029914521692      0.000171451998 
13.045856853126      0.000171747846 
13.061795968490      0.000172046114 
13.077731767084      0.000172346828 
13.093664249117      0.000172650021 
13.109593332285      0.000172955720 
13.125519010954      0.000173263956 
13.141441251231      0.000173574761 
13.157359943194      0.000173888164 
13.173275131159      0.000174204197 
13.189186806499      0.000174522893 
13.205094864628      0.000174844281 
13.220999224495      0.000175168394 
13.236899856342      0.000175495263 
13.252796742045      0.000175824921 
13.268689813174      0.000176157402 
13.284579059347      0.000176492738 
13.300464472133      0.000176830963 
13.316345974799      0.000177172111 
13.332223546678      0.000177516215 
13.348097099253      0.000177863309 
13.363966591863      0.000178213427 
13.379832043218      0.000178566604 
13.395693282079      0.000178922874 
13.411550359073      0.000179282273 
13.427403234990      0.000179644836 
13.443251860227      0.000180010598 
13.459096208832      0.000180379596 
13.474936221332      0.000180751865 
13.490771880089      0.000181127442 
13.506603124638      0.000181506363 
13.522429848704      0.000181888662 
13.538252113992      0.000182274378 
13.554069727438      0.000182663545 
13.569882747852      0.000183056202 
13.585691208077      0.000183452388 
13.601494996847      0.000183852139 
13.617294021286      0.000184255490 
13.633088303624      0.000184662480 
13.648877785605      0.000185073147 
13.664662366662      0.000185487527 
13.680441998855      0.000185905656 
13.696216731623      0.000186327577 
13.711986501296      0.000186753325 
13.727751227685      0.000187182937 
13.743510928738      0.000187616454 
13.759265567005      0.000188053913 
13.775015085963      0.000188495351 
13.790759328745      0.000188940804 
13.806498373125      0.000189390313 
13.822232199230      0.000189843917 
13.837960717352      0.000190301652 
13.853683881176      0.000190763555 
13.869401713215      0.000191229668 
13.885114142961      0.000191700026 
13.900821169387      0.000192174669 
13.916522802739      0.000192653636 
13.932218910749      0.000193136963 
13.947909548868      0.000193624690 
13.963594660035      0.000194116853 
13.979274140035      0.000194613490 
13.994948106373      0.000195114641 
14.010616314210      0.000195620339 
14.026278866808      0.000196130624 
14.041935827241      0.000196645538 
14.057587094017      0.000197165115 
14.073232529157      0.000197689390 
14.088872290519      0.000198218405 
14.104506385718      0.000198752200 
14.120134633211      0.000199290806 
14.135757071939      0.000199834263 
14.151373750640      0.000200382609 
14.166984623505      0.000200935881 
14.182589592436      0.000201494113 
14.198188693542      0.000202057345 
14.213781975304      0.000202625614 
14.229369423319      0.000203198958 
14.244950952973      0.000203777411 
14.260526542595      0.000204361008 
14.276096401371      0.000204949795 
14.291660304133      0.000205543799 
14.307218309522      0.000206143060 
14.322770456494      0.000206747615 
14.338316896481      0.000207357507 
14.353857259093      0.000207972757 
14.369391831714      0.000208593413 
14.384920579142      0.000209219510 
14.400443523424      0.000209851086 
14.415960538918      0.000210488170 
14.431471769529      0.000211130807 
14.446977336613      0.000211779037 
14.462477090291      0.000212432891 
14.477970981789      0.000213092404 
14.493459245043      0.000213757621 
14.508941870455      0.000214428580 
14.524418708546      0.000215105311 
14.539889918955      0.000215787858 
14.555355563399      0.000216476348 
14.570815557482      0.000217170661 
14.586270064276      0.000217870912 
14.601719125018      0.000218577137 
14.617162761108      0.000219289375 
14.632600875412      0.000220007657 
14.648033632869      0.000220732028 
14.663461244684      0.000221462536 
14.678883581922      0.000222199212 
14.694300495297      0.000222942087 
14.709712301403      0.000223691215 
14.725119213150      0.000224446645 
14.740520919162      0.000225208401 
14.755917561194      0.000225976531 
14.771309320320      0.000226751083 
14.786696137910      0.000227532096 
14.802078027725      0.000228319613 
14.817455210456      0.000229113686 
14.832827680415      0.000229914359 
14.848195445315      0.000230721674 
14.863558643281      0.000231535681 
14.878917345338      0.000232356429 
14.894271635860      0.000233183963 
14.909621705067      0.000234018339 
14.924967521044      0.000234859596 
14.940309077794      0.000235707779 
14.955646650527      0.000236562946 
14.970980434560      0.000237425150 
14.986310287679      0.000238294428 
15.001636326977      0.000239170830 
15.016958684616      0.000240054409 
15.032277463594      0.000240945214 
15.047592702640      0.000241843292 
15.062904509336      0.000242748696 
15.078213087916      0.000243661481 
15.093518623196      0.000244581703 
15.108821102886      0.000245509406 
15.124120605990      0.000246444637 
15.139417296214      0.000247387451 
15.154711442282      0.000248337907 
15.170003015793      0.000249296044 
15.185292024015      0.000250261905 
15.200578826462      0.000251235553 
15.215863612813      0.000252217040 
15.231146324195      0.000253206405 
15.246427081229      0.000254203693 
15.261706049930      0.000255208956 
15.276983527404      0.000256222252 
15.292259501931      0.000257243619 
15.307534000090      0.000258273098 
15.322807429051      0.000259310753 
15.338080091383      0.000260356642 
15.353351978557      0.000261410802 
15.368622961578      0.000262473261 
15.383893535841      0.000263544092 
15.399163820639      0.000264623338 
15.414433798315      0.000265711039 
15.429703484847      0.000266807232 
15.444973340555      0.000267911990 
15.460243706711      0.000269025376 
15.475514515784      0.000270147424 
15.490785732660      0.000271278169 
15.506057843670      0.000272417681 
15.521331407382      0.000273566034 
15.536605898462      0.000274723216 
15.551881580152      0.000275889270 
15.567158843667      0.000277064245 
15.582438173751      0.000278248191 
15.597719085508      0.000279441082 
15.613001969471      0.000280642958 
15.628287196913      0.000281853855 
15.643575132491      0.000283073810 
15.658865525136      0.000284302813 
15.674158642598      0.000285540897 
15.689454942126      0.000286788112 
15.704754554075      0.000288044486 
15.720057339231      0.000289310026 
15.735363673748      0.000290584783 
15.750674022728      0.000291868814 
15.765988320623      0.000293162128 
15.781306684271      0.000294464746 
15.796629269093      0.000295776684 
15.811956564334      0.000297097983 
15.827288562694      0.000298428634 
15.842625231643      0.000299768620 
15.857966875822      0.000301117953 
15.873313881191      0.000302476649 
15.888666256961      0.000303844692 
15.904024105840      0.000305222078 
15.919387535303      0.000306608809 
15.934756979709      0.000308004922 
15.950132518222      0.000309410431 
15.965514117109      0.000310825351 
15.980902025664      0.000312249731 
15.996296593750      0.000313683644 
16.011697803326      0.000315127139 
16.027105701726      0.000316580283 
16.042520360991      0.000318043152 
16.057942227182      0.000319515866 
16.073371310761      0.000320998508 
16.088807492637      0.000322491152 
16.104251009962      0.000323993904 
16.119702250756      0.000325506885 
16.135161101848      0.000327030161 
16.150627518372      0.000328563796 
16.166101578173      0.000330107852 
16.181583766821      0.000331662418 
16.197073980057      0.000333227506 
16.212572020309      0.000334803101 
16.228078071735      0.000336389203 
16.243592341443      0.000337985800 
16.259108769580      0.000339592221 
16.274627604290      0.000341208426 
16.290148440987      0.000342834308 
16.305671260537      0.000344469807 
16.321196344411      0.000346114916 
16.336723534480      0.000347769609 
16.352252876243      0.000349433920 
16.367784393135      0.000351107922 
16.383318133719      0.000352791735 
16.398854067735      0.000354485509 
16.414392374294      0.000356189452 
16.429932918157      0.000357903761 
16.445475741642      0.000359628665 
16.461021025788      0.000361364402 
16.476568808720      0.000363111175 
16.492119244963      0.000364869166 
16.507672088322      0.000366638461 
16.523227464354      0.000368419121 
16.538786084841      0.000370211208 
16.554346851070      0.000372014506 
16.569910286208      0.000373828917 
16.585476854601      0.000375654290 
16.601046189192      0.000377490350 
16.616618501684      0.000379336889 
16.632193982617      0.000381193719 
16.647772371962      0.000383060651 
16.663354012783      0.000384937632 
16.678939227074      0.000386824687 
16.694527907686      0.000388721866 
16.710119900621      0.000390629282 
16.725715418743      0.000392547137 
16.741315320728      0.000394475726 
16.756918166264      0.000396415051 
16.772524983724      0.000398365360 
16.788135845020      0.000400326705 
16.803750595009      0.000402299009 
16.819369720068      0.000404282170 
16.834993028081      0.000406275900 
16.850620646645      0.000408279882 
16.866252688860      0.000410293748 
16.881889889788      0.000412317212 
16.897531006458      0.000414349772 
16.913176876854      0.000416391260 
16.928827801199      0.000418441538 
16.944483345151      0.000420500477 
16.960144024153      0.000422568172 
16.975809671954      0.000424644717 
16.991480519209      0.000426730309 
17.007156473296      0.000428825124 
17.022838642165      0.000430929474 
17.038525221015      0.000433043230 
17.054217394289      0.000435166567 
17.069915100250      0.000437299388 
17.085618226824      0.000439441472 
17.101327236869      0.000441592569 
17.117042124405      0.000443752268 
17.132762555028      0.000445920049 
17.148488815829      0.000448095437 
17.164221500929      0.000450277999 
17.179959579557      0.000452467101 
17.195703847456      0.000454662411 
17.211453793945      0.000456863480 
17.227210068999      0.000459070093 
17.242973001573      0.000461282054 
17.258741554762      0.000463499041 
17.274515996188      0.000465720947 
17.290297008648      0.000467947737 
17.306083899790      0.000470179179 
17.321877298741      0.000472415204 
17.337677417800      0.000474655642 
17.353483567359      0.000476900157 
17.369296067209      0.000479148513 
17.385115270381      0.000481400442 
17.400940311746      0.000483655484 
17.416771501496      0.000485913338 
17.432608928228      0.000488173677 
17.448452395446      0.000490436157 
17.464300712439      0.000492700329 
17.480153302463      0.000494965876 
17.496010895420      0.000497232703 
17.511875621169      0.000499500956 
17.527745895357      0.000501770303 
17.543621775631      0.000504040674 
17.559505336844      0.000506312296 
17.575396281068      0.000508585079 
17.591294953781      0.000510859023 
17.607201955164      0.000513134157 
17.623114811609      0.000515410073 
17.639034255234      0.000517686796 
17.654961295742      0.000519964360 
17.670893449554      0.000522242294 
17.686831410513      0.000524520549 
17.702776335839      0.000526799118 
17.718726749021      0.000529077615 
17.734684467740      0.000531356103 
17.750647495122      0.000533634106 
17.766616790939      0.000535911556 
17.782591092352      0.000538188071 
17.798566290892      0.000540462877 
17.814543032035      0.000542735862 
17.830521102500      0.000545006800 
17.846499871079      0.000547275410 
17.862478425190      0.000549541387 
17.878456019437      0.000551804473 
17.894433113937      0.000554064596 
17.910409652127      0.000556321629 
17.926386298499      0.000558575567 
17.942363470545      0.000560826420 
17.958341271043      0.000563074200 
17.974320447572      0.000565319044 
17.990300140661      0.000567560909 
18.006278634396      0.000569799705 
18.022256122088      0.000572035661 
18.038233003219      0.000574269061 
18.054209690090      0.000576500220 
18.070186241878      0.000578729470 
18.086163372624      0.000580957296 
18.102141341555      0.000583184136 
18.118120500998      0.000585410423 
18.134099036780      0.000587636296 
18.150076826001      0.000589862139 
18.166053945858      0.000592088354 
18.182030784843      0.000594315298 
18.198007901582      0.000596543269 
18.213985259221      0.000598772489 
18.229963697315      0.000601003286 
18.245942653946      0.000603235659 
18.261921988456      0.000605469532 
18.277901714063      0.000607704873 
18.293882410372      0.000609941754 
18.309864503015      0.000612180097 
18.325845430276      0.000614419323 
18.341825518648      0.000616659307 
18.357805242953      0.000618899990 
18.373784516964      0.000621141164 
18.389764103633      0.000623382693 
18.405744214952      0.000625624451 
18.421725138892      0.000627866399 
18.437707459509      0.000630108555 
18.453691040648      0.000632350870 
18.469673165419      0.000634593000 
18.485653410352      0.000636834922 
18.501632203266      0.000639076783 
18.517609524913      0.000641318818 
18.533586007797      0.000643561377 
18.549561791260      0.000645804508 
18.565537188225      0.000648048564 
18.581512421005      0.000650293672 
18.597488036556      0.000652540377 
18.613464127607      0.000654788824 
18.629439762762      0.000657038800 
18.645413185297      0.000659290092 
18.661384422091      0.000661542865 
18.677353889372      0.000663797184 
18.693322008971      0.000666052893 
18.709288576209      0.000668309773 
18.725254405403      0.000670567920 
18.741219399527      0.000672827363 
18.757183236268      0.000675088099 
18.773144897224      0.000677350129 
18.789104982175      0.000679613755 
18.805063046559      0.000681879153 
18.821020097155      0.000684146757 
18.836975904733      0.000686416959 
18.852931172878      0.000688690253 
18.868884784525      0.000690966651 
18.884833854956      0.000693245764 
18.900779186441      0.000695527712 
18.916720530700      0.000697812396 
18.932658678343      0.000700099621 
18.948593545717      0.000702388852 
18.964525714760      0.000704679588 
18.980455369594      0.000706971289 
18.996383058435      0.000709263451 
19.012308996061      0.000711555583 
19.028233649218      0.000713847323 
19.044157363167      0.000716138309 
19.060074217084      0.000718427286 
19.075984312929      0.000720713882 
19.091887908752      0.000722997876 
19.107785358182      0.000725279137 
19.123677105355      0.000727557485 
19.139563533853      0.000729832695 
19.155445203979      0.000732104652 
19.171322527576      0.000734373397 
19.187194654752      0.000736639030 
19.203057063335      0.000738901398 
19.218910117266      0.000741161307 
19.234754554476      0.000743419866 
19.250590832882      0.000745678318 
19.266419864094      0.000747938074 
19.282242409446      0.000750200572 
19.298058167973      0.000752467022 
19.313864592201      0.000754738061 
19.329662595795      0.000757014385 
19.345453064813      0.000759296290 
19.361237205952      0.000761583801 
19.377015846023      0.000763876611 
19.392786602449      0.000766173712 
19.408545945297      0.000768473781 
19.424294054986      0.000770775973 
19.440033237290      0.000773079762 
19.455763702758      0.000775384397 
19.471487590373      0.000777689537 
19.487205773272      0.000779994793 
19.502919532592      0.000782299903 
19.518621764849      0.000784603529 
19.534309835899      0.000786905123 
19.549985338629      0.000789204838 
19.565649991466      0.000791502868 
19.581305165487      0.000793799387 
19.596953072609      0.000796094760 
19.612591078859      0.000798388737 
19.628214045483      0.000800680776 
19.643823678973      0.000802971344 
19.659422377156      0.000805261031 
19.675011281498      0.000807550245 
19.690592296324      0.000809839474 
19.706161782900      0.000812128460 
19.721720438431      0.000814417591 
19.737270395972      0.000816707470 
19.752812368178      0.000818998589 
19.768344379814      0.000821291258 
19.783864427743      0.000823586014 
19.799371933831      0.000825883823 
19.814868067022      0.000828186074 
19.830355155154      0.000830494370 
19.845834190620      0.000832810104 
19.861298895302      0.000835133575 
19.876749410116      0.000837465767 
19.892187860010      0.000839807550 
19.907615780825      0.000842159247 
19.923025194245      0.000844519316 
19.938416742661      0.000846886941 
19.953792347827      0.000849261064 
19.969154065049      0.000851640458 
19.984503936048      0.000854023962 
19.999843596715      0.000856410724 
20.015175440158      0.000858800717 
20.030495631280      0.000861193862 
20.045805072391      0.000863591524 
20.061106892628      0.000865995847 
20.076399521092      0.000868408341 
20.091676386875      0.000870829383 
20.106939523504      0.000873259880 
20.122191178151      0.000875699840 
20.137435940233      0.000878148707 
20.152673416089      0.000880604485 
20.167888494789      0.000883062740 
20.183085677398      0.000885522273 
20.198265239013      0.000887981813 
20.213431973090      0.000890441701 
20.228588595232      0.000892903032 
20.243738623487      0.000895367917 
20.258874671006      0.000897837368 
20.273993615012      0.000900313224 
20.289100784990      0.000902798355 
20.304197357632      0.000905294443 
20.319283916527      0.000907802474 
20.334358981442      0.000910322526 
20.349424546358      0.000912854790 
20.364477849979      0.000915398504 
20.379513391272      0.000917952454 
20.394535700893      0.000920517074 
20.409548904308      0.000923092756 
20.424555536909      0.000925679579 
20.439546675563      0.000928275591 
20.454516642904      0.000930879029 
20.469465627388      0.000933488695 
20.484400083880      0.000936104167 
20.499323985632      0.000938724630 
20.514235599758      0.000941348688 
20.529126572773      0.000943974537 
20.543999232592      0.000946602983 
20.558855678628      0.000949235458 
20.573702019020      0.000951874375 
20.588546117146      0.000954522346 
20.603377741490      0.000957178384 
20.618199928378      0.000959842820 
20.633018449485      0.000962515507 
20.647819427233      0.000965192145 
20.662599882838      0.000967869793 
20.677366233220      0.000970547062 
20.692124489078      0.000973222761 
20.706877058343      0.000975895686 
20.721627560686      0.000978565613 
20.736349490062      0.000981228022 
20.751050747387      0.000983884745 
20.765733662146      0.000986536943 
20.780404112476      0.000989186408 
20.795069452566      0.000991835115 
20.809731823749      0.000994484096 
20.824394966527      0.000997134455 
20.839040858064      0.000999783429 
20.853673508201      0.001002431495 
20.868294740551      0.001005078095 
20.882907911395      0.001007722219 
20.897525358185      0.001010363747 
20.912131890158      0.001012997737 
20.926731760444      0.001015622351 
20.941333565394      0.001018236598 
20.955933211812      0.001020838007 
20.970519887163      0.001023423739 
20.985099938410      0.001025994613 
20.999679089094      0.001028552296 
21.014253635858      0.001031097677 
21.028817118192      0.001033632099 
21.043376425392      0.001036159599 
21.057937742714      0.001038683939 
21.072497273931      0.001041207026 
21.087047048776      0.001043729683 
21.101604953481      0.001046255635 
21.116169936833      0.001048784607 
21.130730246262      0.001051313825 
21.145286701300      0.001053841527 
21.159844163992      0.001056365858 
21.174401325643      0.001058883947 
21.188957869925      0.001061392908 
21.203532334060      0.001063892451 
21.218104991342      0.001066376460 
21.232689623830      0.001068844239 
21.247284777356      0.001071292602 
21.261892924515      0.001073719486 
21.276519271376      0.001076124128 
21.291161977400      0.001078504867 
21.305821191231      0.001080860919 
21.320513446081      0.001083194854 
21.335211765732      0.001085502806 
21.349921018524      0.001087784766 
21.364639255751      0.001090040571 
21.379380557244      0.001092271551 
21.394156067711      0.001094477819 
21.408962448351      0.001096658868 
21.423791018346      0.001098813448 
21.438642957373      0.001100940951 
21.453515521159      0.001103041886 
21.468402947546      0.001105116796 
21.483310354487      0.001107166131 
21.498243520437      0.001109191337 
21.513210693181      0.001111192711 
21.528211326553      0.001113168092 
21.543256157002      0.001115116482 
21.558319046712      0.001117032488 
21.573404050332      0.001118911938 
21.588506374180      0.001120749889 
21.603640251717      0.001122542692 
21.618814251851      0.001124285168 
21.634021086416      0.001125971764 
21.649263240468      0.001127598517 
21.664557163480      0.001129162079 
21.679899447614      0.001130658552 
21.695272844852      0.001132085516 
21.710692955611      0.001133442422 
21.726168479374      0.001134730023 
21.741685136647      0.001135949599 
21.757229106973      0.001137103137 
21.772800123408      0.001138192976 
21.788404484791      0.001139223423 
21.804044144114      0.001140196948 
21.819716359340      0.001141113615 
21.835424782937      0.001141973498 
21.851163364434      0.001142775301 
21.866922336776      0.001143516114 
21.882701897992      0.001144193994 
21.898511246214      0.001144808873 
21.914350547016      0.001145357462 
21.930212825732      0.001145838453 
21.946101133122      0.001146253488 
21.962020700912      0.001146602706 
21.977970383885      0.001146886359 
21.993951228913      0.001147106405 
22.009968464025      0.001147264982 
22.026019770277      0.001147362604 
22.042090288907      0.001147400373 
22.058176666948      0.001147380306 
22.074280232911      0.001147303503 
22.090378165822      0.001147170728 
22.106476368421      0.001146981356 
22.122583497360      0.001146734787 
22.138698638593      0.001146430221 
22.154787608698      0.001146068444 
22.170847062508      0.001145648843 
22.186873493885      0.001145172051 
22.202868672799      0.001144640396 
22.218836070186      0.001144055233 
22.234779687575      0.001143417806 
22.250689919902      0.001142731370 
22.266572275589      0.001141999405 
22.282431543637      0.001141224857 
22.298268016179      0.001140409581 
22.314076309148      0.001139555706 
22.329865387698      0.001138665485 
22.345632921800      0.001137744136 
22.361385909515      0.001136796612 
22.377119434619      0.001135827046 
22.392835383201      0.001134836399 
22.408540116186      0.001133823966 
22.424238192691      0.001132788743 
22.439916365540      0.001131729798 
22.455580881159      0.001130644553 
22.471243381061      0.001129532928 
22.486891797242      0.001128398552 
22.502530602073      0.001127239633 
22.518166952810      0.001126049644 
22.533799160275      0.001124824812 
22.549438052691      0.001123566484 
22.565068651932      0.001122283941 
22.580699474782      0.001120985237 
22.596338006279      0.001119675747 
22.611982921893      0.001118356238 
22.627626333173      0.001117022533 
22.643276377197      0.001115666749 
22.658936833132      0.001114284379 
22.674600638808      0.001112877106 
22.690277404968      0.001111448823 
22.705968238977      0.001110006236 
22.721675360917      0.001108555050 
22.737392768510      0.001107099667 
22.753122333265      0.001105640429 
22.768875886945      0.001104173824 
22.784641410113      0.001102698088 
22.800419446837      0.001101210411 
22.816184213727      0.001099715641 
22.831928209188      0.001098222034 
22.847653325310      0.001096735843 
22.863362700522      0.001095258605 
22.879058712658      0.001093791387 
22.894735209696      0.001092338082 
22.910387700156      0.001090902295 
22.926017656418      0.001089486322 
22.941605588053      0.001088094946 
22.957147978797      0.001086732251 
22.972647124419      0.001085402944 
22.988106837770      0.001084109357 
23.003530873694      0.001082849196 
23.018921858374      0.001081618062 
23.034282835871      0.001080412012 
23.049618152685      0.001079228111 
23.064902877091      0.001078069666 
23.080124406244      0.001076941448 
23.095282637333      0.001075845497 
23.110380228070      0.001074781524 
23.125416868065      0.001073748630 
23.140393069957      0.001072745445 
23.155311525151      0.001071770939 
23.170172317227      0.001070823416 
23.184976502360      0.001069899414 
23.199725317846      0.001068996860 
23.214406983217      0.001068118115 
23.229015272357      0.001067267221 
23.243553178095      0.001066446588 
23.258021235971      0.001065655481 
23.272417374732      0.001064891163 
23.286743229141      0.001064151282 
23.301001611155      0.001063435254 
23.315192372113      0.001062743808 
23.329318161686      0.001062077930 
23.343379793131      0.001061438063 
23.357380386824      0.001060820802 
23.371319245768      0.001060219561 
23.385198783876      0.001059628881 
23.399020795376      0.001059045908 
23.412784103060      0.001058469991 
23.426492614893      0.001057901843 
23.440149509583      0.001057341565 
23.453758819043      0.001056789508 
23.467315498583      0.001056249266 
23.480820565863      0.001055725784 
23.494279079373      0.001055223739 
23.507693279345      0.001054748224 
23.521064174660      0.001054303296 
23.534395619722      0.001053891274 
23.547688576283      0.001053514474 
23.560942603571      0.001053174428 
23.574162444473      0.001052871133 
23.587352422635      0.001052604709 
23.600514326953      0.001052375114 
23.613642592397      0.001052180786 
23.626743619631      0.001052017938 
23.639820608641      0.001051882507 
23.652878127146      0.001051770816 
23.665915651863      0.001051680962 
23.678932102351      0.001051612688 
23.691932762467      0.001051565707 
23.704919903681      0.001051537859 
23.717894777833      0.001051525397 
23.730862509467      0.001051524218 
23.743823451588      0.001051531112 
23.756774284124      0.001051544977 
23.769722224672      0.001051566556 
23.782668105176      0.001051598004 
23.795617204633      0.001051641436 
23.808565779327      0.001051698131 
23.821513226077      0.001051767714 
23.834465756700      0.001051848541 
23.847422367150      0.001051939152 
23.860387453092      0.001052038164 
23.873365114899      0.001052144437 
23.886358486650      0.001052256841 
23.899361278943      0.001052374790 
23.912371451417      0.001052497666 
23.925397723066      0.001052623650 
23.938439068941      0.001052750576 
23.951499963797      0.001052875797 
23.964583499895      0.001052996396 
23.977692877279      0.001053110295 
23.990822004742      0.001053217078 
24.003970886123      0.001053316350 
24.017147279394      0.001053405645 
24.030347743262      0.001053482693 
24.043579031534      0.001053546348 
24.056839647224      0.001053596753 
24.070127860753      0.001053635228 
24.083445775723      0.001053664793 
24.096794677631      0.001053689321 
24.110164885724      0.001053711966 
24.123559592874      0.001053734623 
24.136985175433      0.001053759100 
24.150443040039      0.001053785367 
24.163935394181      0.001053811134 
24.177469646008      0.001053833921 
24.191046967791      0.001053851865 
24.204655330329      0.001053863677 
24.218292691206      0.001053867196 
24.231972173339      0.001053861246 
24.245691492102      0.001053848729 
24.259456196798      0.001053835225 
24.273269290528      0.001053825954 
24.287136104919      0.001053824963 
24.301048580288      0.001053837787 
24.314997335351      0.001053868926 
24.328999171827      0.001053920354 
24.343048231729      0.001053993016 
24.357153522339      0.001054086956 
24.371312359082      0.001054201722 
24.385533737735      0.001054336149 
24.399808970623      0.001054489479 
24.414135643021      0.001054659444 
24.428525885863      0.001054843629 
24.442969527108      0.001055041223 
24.457473480800      0.001055252695 
24.472038694407      0.001055479779 
24.486670721401      0.001055724143 
24.501365326722      0.001055985304 
24.516129148535      0.001056260541 
24.530965841144      0.001056548089 
24.545859572874      0.001056848105 
24.560811347080      0.001057161402 
24.575833449240      0.001057489367 
24.590923308292      0.001057833728 
24.606083958742      0.001058195824 
24.621317322655      0.001058577876 
24.636628314308      0.001058982315 
24.652004003574      0.001059408232 
24.667446706178      0.001059850854 
24.682965522592      0.001060305131 
24.698504708128      0.001060767598 
24.713989887634      0.001061237709 
24.729428827907      0.001061718051 
24.744822473954      0.001062213197 
24.760172511910      0.001062728249 
24.775496932521      0.001063266489 
24.790799715750      0.001063827394 
24.806064296499      0.001064409004 
24.821291405815      0.001065012570 
24.836506988333      0.001065642119 
24.851706694288      0.001066301856 
24.866899626442      0.001066995303 
24.882090618360      0.001067722289 
24.897284711150      0.001068476756 
24.912486903273      0.001069249712 
24.927701595837      0.001070034530 
24.942933197857      0.001070828260 
24.958173347877      0.001071630100 
24.973442492130      0.001072441796 
24.988739886348      0.001073265529 
25.004041506000      0.001074102111 
25.019351846545      0.001074953963 
25.034679890663      0.001075827801 
25.050016659088      0.001076731984 
25.065363513754      0.001077671874 
25.080726302496      0.001078646565 
25.096095375135      0.001079648761 
25.111468825286      0.001080670115 
25.126833779795      0.001081706227 
25.142210804410      0.001082759046 
25.157570313693      0.001083830463 
25.172933039973      0.001084920641 
25.188306215982      0.001086024712 
25.203691937771      0.001087136107 
25.219086340255      0.001088251639 
25.234478040998      0.001089373688 
25.249906219662      0.001090507582 
25.265371966905      0.001091653971 
25.280860994401      0.001092809653 
25.296346757361      0.001093968879 
25.311828677330      0.001095125326 
25.327309109949      0.001096272785 
25.342794930798      0.001097407218 
25.358292412629      0.001098526945 
25.373802676133      0.001099632200 
25.389329162765      0.001100725583 
25.404857286926      0.001101809423 
25.420384485712      0.001102884372 
25.435918586397      0.001103950967 
25.451464900135      0.001105011325 
25.467032056122      0.001106067410 
25.482616023499      0.001107117498 
25.498223329570      0.001108157298 
25.513853496798      0.001109183434 
25.529505160053      0.001110196622 
25.545183727949      0.001111200393 
25.560893210607      0.001112196276 
25.576640317236      0.001113182705 
25.592428364045      0.001114158602 
25.608251552314      0.001115123791 
25.624100269572      0.001116074872 
25.639977747942      0.001117007530 
25.655890430287      0.001117901810 
25.671839670881      0.001118760107 
25.687825712201      0.001119581675 
25.703831411637      0.001120366560 
25.719830732743      0.001121118838 
25.735823419058      0.001121845606 
25.751814693526      0.001122551885 
25.767808332185      0.001123238265 
25.783804921725      0.001123902180 
25.799799296050      0.001124539083 
25.815794300353      0.001125143376 
25.831791371980      0.001125710158 
25.847792624880      0.001126235262 
25.863795455893      0.001126713976 
25.879796913215      0.001127141907 
25.895790531167      0.001127518783 
25.911773765190      0.001127851568 
25.927749311521      0.001128151611 
25.943691529249      0.001128427670 
25.959586168965      0.001128680330 
25.975446267384      0.001128904585 
25.991266946600      0.001129096999 
26.007055437399      0.001129255277 
26.022828018928      0.001129375479 
26.038569022046      0.001129456371 
26.054273008306      0.001129502260 
26.069941620881      0.001129519865 
26.085582793678      0.001129511697 
26.101166943012      0.001129478504 
26.116724458520      0.001129420888 
26.132269369830      0.001129342218 
26.147801714123      0.001129243957 
26.163326506345      0.001129124782 
26.178864331518      0.001128983113 
26.194418603545      0.001128818286 
26.210006239107      0.001128625771 
26.225645795304      0.001128400490 
26.241330080146      0.001128150772 
26.257010087760      0.001127903456 
26.272720067632      0.001127677150 
26.288465859404      0.001127471556 
26.304218707967      0.001127273836 
26.320025805991      0.001127067440 
26.335884490999      0.001126849661 
26.351734416026      0.001126634984 
26.367577696150      0.001126437226 
26.383416973823      0.001126258089 
26.399252104130      0.001126081583 
26.415083450658      0.001125885283 
26.430913605020      0.001125667585 
26.446745828495      0.001125454307 
26.462581101833      0.001125274482 
26.478418565822      0.001125135000 
26.494261870638      0.001125024110 
26.510112959939      0.001124927299 
26.525975659537      0.001124836992 
26.541849608453      0.001124754937 
26.557735350826      0.001124688667 
26.573636771199      0.001124645370 
26.589555091137      0.001124625560 
26.605492007734      0.001124623696 
26.621450533218      0.001124632935 
26.637432205426      0.001124651073 
26.653434510358      0.001124679373 
26.669458417617      0.001124718440 
26.685485693581      0.001124768760 
26.701512665044      0.001124831279 
26.717539711878      0.001124909046 
26.733572137739      0.001125004616 
26.749601364022      0.001125118211 
26.765631164654      0.001125244076 
26.781666900016      0.001125368975 
26.797705243888      0.001125479119 
26.813741572009      0.001125569491 
26.829779810965      0.001125646147 
26.845818685990      0.001125719665 
26.861858083610      0.001125794764 
26.877897939650      0.001125867382 
26.893930372671      0.001125928439 
26.909955647695      0.001125970987 
26.925975257530      0.001125995171 
26.941987174638      0.001126004389 
26.957990150542      0.001126001822 
26.973987932038      0.001125990930 
26.989980514023      0.001125973284 
27.005967847474      0.001125943481 
27.021954229301      0.001125890272 
27.037937884826      0.001125807135 
27.053920412402      0.001125700138 
27.069905568081      0.001125582730 
27.085884939012      0.001125463706 
27.101858095297      0.001125341190 
27.117827976970      0.001125206905 
27.133795234779      0.001125052132 
27.149760476722      0.001124872247 
27.165725824465      0.001124669170 
27.181692180954      0.001124445211 
27.197660716022      0.001124219703 
27.213632379876      0.001123989730 
27.229603302223      0.001123750138 
27.245572474976      0.001123494541 
27.261540046213      0.001123217608 
27.277511315199      0.001122916197 
27.293481418859      0.001122591466 
27.309450688691      0.001122249251 
27.325420993450      0.001121897497 
27.341392991266      0.001121541903 
27.357367776220      0.001121185008 
27.373347999731      0.001120827347 
27.389333390959      0.001120467933 
27.405321797035      0.001120104887 
27.421311258504      0.001119736449 
27.437301926334      0.001119361184 
27.453294229987      0.001118978483 
27.469291403546      0.001118590135 
27.485293250266      0.001118201673 
27.501300302379      0.001117819783 
27.517314814335      0.001117449322 
27.533336934689      0.001117092229 
27.549367028923      0.001116746337 
27.565406891448      0.001116405477 
27.581456195973      0.001116063119 
27.597515225470      0.001115715892 
27.613584713001      0.001115363153 
27.629664544934      0.001115006078 
27.645747971320      0.001114647953 
27.661836973211      0.001114289538 
27.677930492739      0.001113926539 
27.694027782669      0.001113552489 
27.710130863276      0.001113164116 
27.726239097243      0.001112762289 
27.742352786082      0.001112347695 
27.758471860056      0.001111920056 
27.774596102621      0.001111481097 
27.790725280108      0.001111034484 
27.806860233785      0.001110582425 
27.822971838950      0.001110127185 
27.839027157070      0.001109671390 
27.855025178794      0.001109215478 
27.870965400769      0.001108759045 
27.886853878069      0.001108301252 
27.902691713371      0.001107841743 
27.918484034825      0.001107378959 
27.934239151766      0.001106909741 
27.949965157875      0.001106429765 
27.965670655240      0.001105934310 
27.981370334217      0.001105420645 
27.997072423443      0.001104890115 
28.012782543183      0.001104345223 
28.028515566739      0.001103785129 
28.044283440952      0.001103205565 
28.060100093742      0.001102600795 
28.075972548186      0.001101966723 
28.091909250215      0.001101301768 
28.107906790763      0.001100608036 
28.123963348614      0.001099889913 
28.140020206720      0.001099160062 
28.156078853875      0.001098425913 
28.172138376977      0.001097689473 
28.188204780415      0.001096950223 
28.204282082981      0.001096209823 
28.220356851960      0.001095473358 
28.236436466331      0.001094743199 
28.252524828353      0.001094017575 
28.268623328742      0.001093293129 
28.284726261437      0.001092568911 
28.300836192280      0.001091844858 
28.316955841369      0.001091121734 
28.333088410151      0.001090400874 
28.349230335822      0.001089684858 
28.365361549530      0.001088978790 
28.381477904208      0.001088286943 
28.397582948354      0.001087609785 
28.413678368252      0.001086942649 
28.429762741959      0.001086280882 
28.445832133039      0.001085624677 
28.461890573557      0.001084976353 
28.477940431635      0.001084338789 
28.493980574875      0.001083715132 
28.510008142165      0.001083106616 
28.526027903518      0.001082511759 
28.542042744465      0.001081929793 
28.558051953810      0.001081360196 
28.574054216307      0.001080800616 
28.590054209291      0.001080249024 
28.606054666193      0.001079707319 
28.622055863030      0.001079179071 
28.638058671751      0.001078665972 
28.654066713487      0.001078168086 
28.670081241347      0.001077684135 
28.686103966009      0.001077211223 
28.702138408689      0.001076748142 
28.718185625794      0.001076295701 
28.734244511437      0.001075852425 
28.750316532463      0.001075414378 
28.766371702959      0.001074980912 
28.782417300815      0.001074550329 
28.798459975696      0.001074120818 
28.814507083092      0.001073690389 
28.830547767994      0.001073257797 
28.846582924437      0.001072819025 
28.862616885692      0.001072368875 
28.878655039189      0.001071905050 
28.894705093297      0.001071427293 
28.910755040110      0.001070934580 
28.926817744251      0.001070422454 
28.942897680116      0.001069889572 
28.958994634493      0.001069337934 
28.975094665836      0.001068770504 
28.991202187065      0.001068187727 
29.007325148510      0.001067588830 
29.023469372999      0.001066973138 
29.039634958909      0.001066341378 
29.055820639029      0.001065694409 
29.072017966649      0.001065032340 
29.088220283272      0.001064354187 
29.104432575405      0.001063658344 
29.120653572465      0.001062944691 
29.136882224104      0.001062214268 
29.153116218183      0.001061469158 
29.169358696153      0.001060711144 
29.185603759219      0.001059943068 
29.201847355149      0.001059167966 
29.218091755591      0.001058387473 
29.234339106690      0.001057601353 
29.250590541946      0.001056808052 
29.266844557946      0.001056006669 
29.283098041504      0.001055197787 
29.299343963787      0.001054383136 
29.315588544482      0.001053563923 
29.331824241334      0.001052743296 
29.348056334355      0.001051923309 
29.364287900622      0.001051105184 
29.380520983187      0.001050289124 
29.396750342900      0.001049475270 
29.412980358857      0.001048663014 
29.429210106561      0.001047852467 
29.445440099190      0.001047043716 
29.461664040983      0.001046237381 
29.477890626507      0.001045432404 
29.494112757088      0.001044629813 
29.510332102017      0.001043831408 
29.526553471977      0.001043038559 
29.542769948272      0.001042252579 
29.558981605709      0.001041473637 
29.575188102467      0.001040701796 
29.591391174841      0.001039936422 
29.607590279343      0.001039176646 
29.623786538245      0.001038421964 
29.639982080094      0.001037672697 
29.656175583054      0.001036929926 
29.672365337702      0.001036193480 
29.688553408624      0.001035461772 
29.704738710947      0.001034734152 
29.720924172053      0.001034010407 
29.737111950313      0.001033290574 
29.753303477681      0.001032574309 
29.769501096882      0.001031860867 
29.785706936309      0.001031149536 
29.801913106205      0.001030440018 
29.818115945451      0.001029731381 
29.834316789987      0.001029022056 
29.850518582107      0.001028310286 
29.866722192313      0.001027594639 
29.882929867379      0.001026874185 
29.899145091848      0.001026149104 
29.915368815909      0.001025420823 
29.931593678970      0.001024691336 
29.947818406174      0.001023961827 
29.964045514925      0.001023233700 
29.980277120427      0.001022507963 
29.996516031842      0.001021783483 
30.012757115185      0.001021058176 
30.029000635181      0.001020329507 
30.045249141345      0.001019595622 
30.061505695473      0.001018855609 
30.077770214801      0.001018109559 
30.094042819212      0.001017357419 
30.110314568443      0.001016598631 
30.126588627867      0.001015831351 
30.142864505816      0.001015054995 
30.159143698699      0.001014269655 
30.175423986104      0.001013476521 
30.191709225676      0.001012676594 
30.207988201128      0.001011871141 
30.224258210008      0.001011060434 
30.240523068408      0.001010244436 
30.256787199020      0.001009421933 
30.273056002443      0.001008590467 
30.289321446110      0.001007749527 
30.305583898699      0.001006899611 
30.321844982109      0.001006042140 
30.338103459598      0.001005179214 
30.354358970816      0.001004312424 
30.370616166104      0.001003441195 
30.386874946038      0.001002563941 
30.403129847138      0.001001680202 
30.419381553103      0.001000789187 
30.435631383331      0.000999889529 
30.451880918543      0.000998980985 
30.468131818227      0.000998064225 
30.484384033720      0.000997138729 
30.500637881409      0.000996202528 
30.516890644758      0.000995255054 
30.533142715692      0.000994297308 
30.549395534139      0.000993330995 
30.565649529195      0.000992357893 
30.581905731620      0.000991378027 
30.598165706616      0.000990390358 
30.614429212184      0.000989394387 
30.630693245339      0.000988390160 
30.646958415139      0.000987378043 
30.663225161943      0.000986357911 
30.679492656058      0.000985329788 
30.695760507867      0.000984294828 
30.712029199877      0.000983254304 
30.728299791818      0.000982209431 
30.744572051109      0.000981162058 
30.760846598518      0.000980114103 
30.777123355308      0.000979066431 
30.793400155175      0.000978019432 
30.809677256626      0.000976973647 
30.825950947422      0.000975929984 
30.842218543509      0.000974888912 
30.858481738137      0.000973850514 
30.874742412977      0.000972814666 
30.891000633162      0.000971782367 
30.907258459553      0.000970755473 
30.923517248220      0.000969734118 
30.939773697971      0.000968717683 
30.956027439465      0.000967706766 
30.972280871552      0.000966701619 
30.988536434542      0.000965700574 
31.004794909514      0.000964702504 
31.021057352563      0.000963707555 
31.037325830454      0.000962715641 
31.053591839495      0.000961727855 
31.069851419527      0.000960746089 
31.086107602187      0.000959772069 
31.102360956215      0.000958807240 
31.118612755974      0.000957853115 
31.134866050046      0.000956911251 
31.151119314409      0.000955982402 
31.167372523711      0.000955066167 
31.183629758359      0.000954161622 
31.199881496207      0.000953268626 
31.216131536080      0.000952385085 
31.232379819136      0.000951508642 
31.248631869424      0.000950636756 
31.264883078119      0.000949768856 
31.281132143108      0.000948904973 
31.297377342239      0.000948045517 
31.313618436130      0.000947191127 
31.329855743023      0.000946342269 
31.346089635761      0.000945498998 
31.362320722289      0.000944661247 
31.378536418793      0.000943830189 
31.394736803662      0.000943006152 
31.410922933763      0.000942189147 
31.427097398602      0.000941378636 
31.443266585134      0.000940573915 
31.459435630652      0.000939774104 
31.475604604148      0.000938978453 
31.491774204511      0.000938187064 
31.507933931023      0.000937400954 
31.524079438580      0.000936619683 
31.540206328524      0.000935842983 
31.556315327658      0.000935070007 
31.572410764637      0.000934299205 
31.588493459895      0.000933530225 
31.604566126020      0.000932762844 
31.620635477000      0.000931996791 
31.636706242404      0.000931232990 
31.652779028590      0.000930471673 
31.668862762084      0.000929711441 
31.684971267023      0.000928951200 
31.701060934924      0.000928194708 
31.717128922342      0.000927443050 
31.733181520409      0.000926696664 
31.749222023001      0.000925955254 
31.765249145797      0.000925219040 
31.781268363509      0.000924487961 
31.797291526243      0.000923760850 
31.813326989016      0.000923036888 
31.829386909039      0.000922315682 
31.845463607772      0.000921599039 
31.861515606274      0.000920891272 
31.877544903853      0.000920192503 
31.893560682231      0.000919501180 
31.909573817534      0.000918815132 
31.925597927660      0.000918133210 
31.941645332819      0.000917455538 
31.957714919655      0.000916783345 
31.973781569358      0.000916119273 
31.989847407901      0.000915463296 
32.005899188632      0.000914815740 
32.021946752509      0.000914174206 
32.037993389383      0.000913536612 
32.054034271720      0.000912902536 
32.070077540064      0.000912271679 
32.086117784434      0.000911644924 
32.102161793490      0.000911021792 
32.118204907760      0.000910402387 
32.134250691798      0.000909786786 
32.150301365671      0.000909176241 
32.166347791786      0.000908572902 
32.182389059685      0.000907977518 
32.198427602114      0.000907390349 
32.214463529409      0.000906811179 
32.230503036159      0.000906238877 
32.246546166129      0.000905673247 
32.262591048815      0.000905113684 
32.278614317984      0.000904561028 
32.294609617239      0.000904017330 
32.310581920023      0.000903484513 
32.326533442032      0.000902962506 
32.342466256403      0.000902449632 
32.358385649984      0.000901944280 
32.374291130510      0.000901446095 
32.390182604592      0.000900954853 
32.406065170660      0.000900470715 
32.421938532458      0.000899996037 
32.437801761655      0.000899533142 
32.453659883239      0.000899082409 
32.469513248513      0.000898644868 
32.485364193016      0.000898221681 
32.501210391116      0.000897812362 
32.517055291726      0.000897415467 
32.532898419269      0.000897030724 
32.548736429978      0.000896657338 
32.564558368764      0.000896293660 
32.580349045258      0.000895938977 
32.596115663915      0.000895592610 
32.611865374615      0.000895253549 
32.627599373639      0.000894920605 
32.643317353183      0.000894593394 
32.659025792590      0.000894271092 
32.674724271370      0.000893951917 
32.690391220632      0.000893635938 
32.706026405380      0.000893324129 
32.721631451467      0.000893017050 
32.737202157851      0.000892714764 
32.752741724629      0.000892417638 
32.768251765473      0.000892125958 
32.783731432166      0.000891839133 
32.799181477520      0.000891556804 
32.814607694033      0.000891279216 
32.829997776294      0.000891007738 
32.845356602175      0.000890742444 
32.860689759635      0.000890482872 
32.876000387961      0.000890229075 
32.891276957257      0.000889982410 
32.906528223652      0.000889743141 
32.921761204411      0.000889510925 
32.936972432934      0.000889285524 
32.952158698316      0.000889066658 
32.967323373896      0.000888853886 
32.982471419833      0.000888647165 
32.997604823415      0.000888446631 
33.012722882955      0.000888251883 
33.027829669208      0.000888061966 
33.042916532820      0.000887876727 
33.057994991233      0.000887695446 
33.073069207978      0.000887518135 
33.088135448213      0.000887345776 
33.103191500684      0.000887179530 
33.118245120579      0.000887019829 
33.133305851747      0.000886866647 
33.148358207590      0.000886720839 
33.163412711088      0.000886581964 
33.178476729543      0.000886449419 
33.193545972878      0.000886323185 
33.208621991830      0.000886203080 
33.223706345882      0.000886088739 
33.238810082404      0.000885979290 
33.253924305857      0.000885874676 
33.269058164726      0.000885773898 
33.284209108481      0.000885675686 
33.299376478764      0.000885578432 
33.314569443777      0.000885480393 
33.329790089204      0.000885380252 
33.345038701993      0.000885276755 
33.360311670616      0.000885168973 
33.375614305516      0.000885055964 
33.390947690225      0.000884937350 
33.406313113950      0.000884813502 
33.421714878458      0.000884685358 
33.437154003558      0.000884554044 
33.452630261668      0.000884420574 
33.468149267221      0.000884285523 
33.483709548497      0.000884149077 
33.499306881735      0.000884010839 
33.514952697207      0.000883870187 
