x,p1_l4,p2_l2,p3_l1,p3_l2,p4_l1,p4_l2,p5_l1,DNS
0.0009,0.5518,0.519,0.473,0.5142,0.5518,0.5835,0.5585,0.4415
0.001,0.5518,0.519,0.473,0.5142,0.5518,0.5835,0.5584,0.4416
0.0011,0.5518,0.519,0.473,0.5142,0.5518,0.5835,0.5606,0.4416
0.0117,0.5517,0.5191,0.473,0.515,0.552,0.5835,0.5619,0.4481
0.0952,0.5509,0.5197,0.4735,0.5216,0.5533,0.5842,0.5715,0.4952
0.1294,0.5505,0.5199,0.4737,0.5242,0.5539,0.5847,0.5755,0.512
0.3433,0.5486,0.5215,0.4748,0.5402,0.557,0.5884,0.599,0.5781
0.9592,0.5467,0.5257,0.479,0.573,0.5617,0.5969,0.6499,0.5781
1.2513,0.5493,0.5271,0.4817,0.577,0.5606,0.5981,0.6629,0.5462
1.2728,0.5496,0.5271,0.4819,0.5769,0.5604,0.5981,0.6635,0.544
1.3784,0.5513,0.5273,0.4831,0.5757,0.5594,0.5978,0.6658,0.5343
1.404,0.5518,0.5274,0.4834,0.5752,0.5591,0.5977,0.6661,0.5324
1.4452,0.5527,0.5273,0.4839,0.5744,0.5586,0.5974,0.6665,0.5297
1.6092,0.5565,0.5263,0.4861,0.5696,0.5564,0.5957,0.6657,0.5255
1.6093,0.5565,0.5263,0.4861,0.5695,0.5564,0.5957,0.6657,0.5255
1.7036,0.5591,0.5248,0.4875,0.566,0.5551,0.5945,0.6635,0.5283
1.9287,0.5654,0.5259,0.4912,0.5565,0.552,0.5909,0.6525,0.545
2.328,0.5756,0.5343,0.4985,0.5405,0.5486,0.585,0.6177,0.5781
2.5662,0.5789,0.5397,0.503,0.5356,0.5494,0.5836,0.5916,0.5828
2.7387,0.5789,0.5435,0.506,0.5358,0.5522,0.5844,0.5721,0.5807
2.8034,0.5782,0.5449,0.5071,0.5367,0.5539,0.5853,0.5649,0.5796
2.807,0.5781,0.545,0.5071,0.5368,0.554,0.5853,0.5645,0.5795
3.0466,0.5715,0.5499,0.5108,0.5438,0.5637,0.5911,0.5399,0.5781
3.1577,0.567,0.552,0.5123,0.5487,0.5696,0.5949,0.5302,0.5804
3.1662,0.5666,0.5521,0.5124,0.5491,0.5701,0.5952,0.5295,0.5806
3.5038,0.5525,0.5575,0.516,0.569,0.5904,0.6097,0.5108,0.5948
3.7994,0.5475,0.5612,0.519,0.5899,0.6054,0.6231,0.5107,0.6044
3.8489,0.5479,0.5617,0.5195,0.5935,0.6073,0.6252,0.5121,0.6049
3.9351,0.5496,0.5626,0.5205,0.5999,0.6101,0.6286,0.5153,0.605
4.0046,0.5518,0.5633,0.5214,0.605,0.6119,0.6311,0.5187,0.6045
4.1292,0.558,0.5644,0.5231,0.614,0.6143,0.6349,0.5263,0.603
4.5157,0.5878,0.5676,0.5306,0.64,0.6177,0.6412,0.5598,0.6032
4.5522,0.591,0.5679,0.5315,0.6422,0.6179,0.6415,0.5636,0.6044
4.7916,0.6128,0.5699,0.5387,0.6551,0.6187,0.6422,0.5904,0.6196
5.2071,0.6463,0.5758,0.5561,0.668,0.6221,0.6421,0.641,0.6552
5.2367,0.6481,0.5764,0.5576,0.6683,0.6226,0.6422,0.6446,0.6569
5.2933,0.6515,0.5776,0.5604,0.6687,0.6235,0.6423,0.6515,0.6597
5.4078,0.6569,0.5804,0.5662,0.6684,0.626,0.6429,0.6652,0.663
5.4333,0.6579,0.5811,0.5676,0.6681,0.6266,0.643,0.6682,0.6634
5.4549,0.6586,0.5818,0.5687,0.6679,0.6272,0.6432,0.6708,0.6636
5.8868,0.6619,0.5988,0.5922,0.6581,0.6451,0.6497,0.7181,0.6569
6.0707,0.6591,0.6093,0.6021,0.6536,0.6553,0.654,0.7357,0.6531
6.3829,0.6541,0.6318,0.6175,0.6514,0.6737,0.6629,0.7613,0.6517
6.3926,0.654,0.6326,0.618,0.6515,0.6743,0.6632,0.762,0.6518
6.6054,0.654,0.6505,0.627,0.657,0.6858,0.6701,0.7756,0.6569
6.7423,0.6569,0.6625,0.6324,0.6632,0.6922,0.6746,0.7825,0.6636
6.7592,0.6575,0.664,0.6331,0.6641,0.6929,0.6752,0.7833,0.6646
6.7915,0.6587,0.6669,0.6343,0.6659,0.6942,0.6763,0.7847,0.6666
7.0288,0.6718,0.6881,0.6436,0.6813,0.7019,0.6845,0.7922,0.6842
7.3241,0.6958,0.7127,0.6565,0.7039,0.7091,0.6952,0.7953,0.7095
7.5782,0.7196,0.7292,0.67,0.7244,0.715,0.7053,0.794,0.7299
7.6393,0.7253,0.7321,0.6737,0.7292,0.7166,0.7079,0.7933,0.7345
7.9571,0.7532,0.7409,0.6964,0.7538,0.7267,0.7225,0.7889,0.7565
8.0428,0.7596,0.7426,0.7036,0.7602,0.7303,0.7268,0.7877,0.762
8.077,0.762,0.7434,0.7066,0.7628,0.7318,0.7286,0.7872,0.7642
8.1281,0.7654,0.7446,0.7112,0.7665,0.7342,0.7313,0.7866,0.7674
8.182,0.7687,0.746,0.7163,0.7705,0.737,0.7342,0.7859,0.7707
8.8128,0.7947,0.7796,0.7843,0.8139,0.782,0.7753,0.7883,0.8109
8.8642,0.7962,0.7837,0.7903,0.8171,0.7866,0.7792,0.7897,0.8146
9.0695,0.8023,0.8015,0.8145,0.8298,0.8061,0.7959,0.7978,0.8305
9.1333,0.8042,0.8075,0.8221,0.8335,0.8125,0.8014,0.8011,0.8357
9.4117,0.8146,0.8356,0.8549,0.849,0.8424,0.8275,0.8197,0.8579
9.5486,0.8217,0.8505,0.8707,0.8564,0.8581,0.8416,0.8315,0.8672
9.551,0.8218,0.8507,0.8709,0.8565,0.8584,0.8418,0.8317,0.8673
9.5511,0.8218,0.8507,0.871,0.8565,0.8584,0.8419,0.8317,0.8673
9.6342,0.8272,0.86,0.8803,0.8612,0.8682,0.8509,0.8396,0.8721
10.2673,0.8982,0.9354,0.9465,0.908,0.9484,0.9289,0.9196,0.9197
10.3556,0.9114,0.9466,0.9554,0.9169,0.9601,0.9407,0.9334,0.931
10.5497,0.9421,0.9715,0.9752,0.9388,0.9858,0.9668,0.9657,0.9593
10.8834,0.9985,1.0159,1.0108,0.9823,1.0296,1.0121,1.0273,1.0141
10.899,1.0013,1.0181,1.0125,0.9845,1.0317,1.0143,1.0303,1.0166
10.9094,1.0031,1.0195,1.0137,0.986,1.033,1.0157,1.0323,1.0183
10.9519,1.0105,1.0253,1.0185,0.9921,1.0385,1.0214,1.0406,1.0248
11.0888,1.0348,1.0442,1.0344,1.0123,1.0559,1.0398,1.0679,1.0248
11.2257,1.0595,1.0635,1.0511,1.0336,1.0734,1.0581,1.0958,1.0417
11.7547,1.1589,1.1418,1.1249,1.1255,1.145,1.1287,1.2059,1.1211
11.8076,1.1691,1.15,1.1331,1.1356,1.1528,1.1358,1.2168,1.1299
11.9702,1.2012,1.1759,1.1594,1.1679,1.1779,1.1577,1.2501,1.162
12.1499,1.2374,1.2057,1.1903,1.2059,1.2077,1.1824,1.2859,1.2088
12.2166,1.2511,1.2172,1.2023,1.2207,1.2194,1.1919,1.2989,1.2247
12.257,1.2594,1.2243,1.2097,1.2298,1.2266,1.1978,1.3067,1.2341
12.3298,1.2746,1.2374,1.2232,1.2466,1.2399,1.2089,1.3204,1.2509
12.559,1.3235,1.2814,1.2682,1.3024,1.2848,1.2805,1.3625,1.3033
12.8345,1.3849,1.3426,1.327,1.3751,1.3455,1.3548,1.4135,1.3677
12.9373,1.4087,1.3688,1.3504,1.4036,1.3704,1.3822,1.4337,1.3927
13.059,1.4376,1.4027,1.3795,1.4384,1.4016,1.4153,1.4589,1.4234
13.5878,1.5766,1.596,1.5379,1.6046,1.5643,1.5775,1.5967,1.5878
13.6477,1.5945,1.6226,1.5605,1.6259,1.5863,1.5992,1.6164,1.6115
13.659,1.5979,1.6277,1.5648,1.6299,1.5905,1.6033,1.6201,1.616
13.6704,1.6013,1.6329,1.5693,1.634,1.5948,1.6076,1.624,1.6207
13.6905,1.6075,1.6421,1.5772,1.6414,1.6025,1.6153,1.631,1.6292
14.11,1.7601,1.8551,1.7773,1.8162,1.7921,1.8104,1.8066,1.8366
14.3413,1.8754,1.9912,1.9199,1.9356,1.9278,1.953,1.9333,1.9708
14.4682,1.9541,2.0721,2.0091,2.0111,2.0136,2.042,2.0134,2.049
14.486,1.9662,2.0838,2.0223,2.0223,2.0263,2.0549,2.0253,2.0604
14.9238,2.3387,2.4056,2.3957,2.3625,2.3914,2.4167,2.3712,2.3912
14.9239,2.3388,2.4057,2.3958,2.3626,2.3915,2.4168,2.3713,2.3912
15.0164,2.4284,2.4828,2.4858,2.4514,2.4812,2.5033,2.4586,2.4733
15.0187,2.4306,2.4848,2.4881,2.4537,2.4834,2.5055,2.4608,2.4754
15.1724,2.5838,2.6212,2.6453,2.6147,2.6411,2.6532,2.6177,2.6201
15.6833,3.1516,3.164,3.2346,3.2529,3.2334,3.1943,3.2517,3.1966
15.7296,3.2089,3.221,3.2931,3.3166,3.2921,3.2496,3.3181,3.2584
15.8287,3.3354,3.3476,3.4211,3.4555,3.4203,3.3746,3.4653,3.3974
15.8613,3.3782,3.3907,3.4641,3.502,3.4633,3.4183,3.5153,3.445
16.0645,3.6615,3.6753,3.743,3.8007,3.7417,3.7285,3.8432,3.7589
16.2614,3.9679,3.9777,4.0336,4.1061,4.0308,4.0857,4.1856,4.0819
16.4187,4.2402,4.2377,4.2832,4.3625,4.2787,4.3791,4.4742,4.3393
16.4332,4.2664,4.2624,4.307,4.3867,4.3025,4.4055,4.5013,4.362
16.473,4.3397,4.3311,4.3733,4.4538,4.3687,4.4778,4.5765,4.4233
16.726,4.8357,4.7899,4.8232,4.8996,4.8254,4.9304,5.069,4.7897
16.8107,5.0114,4.9518,4.985,5.0571,4.9942,5.0832,5.2391,4.9401
17.0182,5.454,5.3626,5.4011,5.4634,5.4485,5.4704,5.6645,5.4133
17.0183,5.4543,5.3629,5.4013,5.4636,5.4488,5.4706,5.6648,5.4136
17.1683,5.779,5.6705,5.7132,5.7769,5.8204,5.7765,5.9785,5.7861
17.1806,5.8057,5.6962,5.7392,5.8035,5.8528,5.8036,6.0046,5.8162
17.2639,5.9854,5.8706,5.9161,5.9849,6.0789,5.9983,6.1807,6.0134
17.5667,6.6219,6.5208,6.5835,6.6774,6.8827,6.807,6.827,6.7161
17.592,6.6733,6.5761,6.6413,6.7372,6.9417,6.8723,6.8813,6.7764
17.6459,6.7816,6.6943,6.7655,6.8651,7.0649,7.0085,6.9966,6.9053
17.7,6.8892,6.8137,6.8923,6.9946,7.1863,7.1417,7.1124,7.0354
17.7415,6.9708,6.9056,6.9907,7.0944,7.2781,7.2416,7.2011,7.1353
17.7547,6.9966,6.9348,7.0222,7.1262,7.3071,7.273,7.2293,7.1671
18.2454,7.9225,8.0394,8.1572,8.3158,8.3678,8.3819,8.2835,8.3393
18.2868,7.9986,8.1327,8.2452,8.4148,8.4573,8.4734,8.3736,8.4362
18.3683,8.1476,8.3144,8.4148,8.6077,8.6337,8.6532,8.5512,8.6251
18.5015,8.39,8.5964,8.6843,8.9186,8.9235,8.9469,8.8439,8.9283
18.5658,8.5068,8.7068,8.8119,9.067,9.0641,9.0888,8.9863,9.0717
18.9202,9.1531,9.4472,9.5003,9.8722,9.8507,9.8779,9.7871,9.8301
19.0434,9.381,9.7078,9.7359,10.1489,10.1294,10.1561,10.072,10.0839
19.151,9.583,9.9374,9.9414,10.3906,10.3759,10.4016,10.324,10.3043
19.1733,9.6252,9.9855,9.9841,10.4408,10.4274,10.4529,10.3766,10.3502
19.2066,9.6883,10.0572,10.0476,10.5155,10.5044,10.5295,10.4552,10.4188
19.2508,9.7727,10.153,10.1323,10.615,10.6072,10.6317,10.5603,10.5109
19.3497,9.9628,10.367,10.3232,10.8378,10.8386,10.8618,10.7966,10.725
19.4056,10.0713,10.4878,10.4338,10.9642,10.9706,10.9929,10.9314,10.8537
19.5258,10.3071,10.7451,10.7267,11.2367,11.2562,11.2767,11.2234,11.1416
19.5508,10.3565,10.7982,10.7869,11.2936,11.316,11.336,11.2845,11.1979
19.5825,10.4195,10.8653,10.858,11.366,11.3921,11.4116,11.3623,11.2674
19.7315,10.7188,11.1731,11.1756,11.7075,11.7514,11.769,11.7299,11.5891
19.8007,10.8596,11.309,11.3205,11.8669,11.9194,11.9362,11.9017,11.746
20.0266,11.3298,11.7342,11.7941,12.3913,12.4722,12.488,12.4673,12.3365
20.0414,11.3614,11.7674,11.8255,12.426,12.5088,12.5245,12.5047,12.3766
20.0738,11.4307,11.8464,11.8943,12.5018,12.5886,12.6045,12.5864,12.4634
20.1091,11.5067,11.9399,11.9693,12.5843,12.6755,12.6916,12.6753,12.5566
20.1999,11.7073,12.1811,12.165,12.7977,12.8996,12.9168,12.905,12.7932
20.2821,11.8999,12.3667,12.3451,12.992,13.103,13.1219,13.1137,13.0073
20.3402,12.035,12.4898,12.4739,13.1297,13.2465,13.2672,13.2612,13.1602
20.3839,12.1258,12.5867,12.5719,13.2337,13.3543,13.3769,13.3725,13.2757
20.4814,12.3185,12.8681,12.794,13.4672,13.5943,13.6226,13.6212,13.5314
20.5229,12.4003,12.9774,12.8899,13.567,13.6956,13.7274,13.7271,13.638
20.5316,12.4177,12.9995,12.9103,13.5882,13.7169,13.7496,13.7495,13.6603
20.5512,12.457,13.048,12.9561,13.6355,13.7645,13.7993,13.7996,13.71
20.573,12.501,13.1011,13.0073,13.6883,13.817,13.8545,13.8552,13.765
20.5892,12.5343,13.1403,13.0456,13.7277,13.8558,13.8956,13.8967,13.8059
20.6655,12.6981,13.3233,13.2303,13.9142,14.0352,14.0898,14.092,13.9984
20.7535,12.9005,13.5337,13.4606,14.133,14.226,14.3149,14.3174,14.2252
20.7968,13.0033,13.6354,13.5773,14.2427,14.2998,14.4261,14.4282,14.3414
20.8322,13.0881,13.7171,13.6708,14.3343,14.3504,14.5173,14.5189,14.4404
20.8507,13.1327,13.7595,13.7188,14.3835,14.3828,14.5654,14.5665,14.4939
20.8641,13.165,13.7898,13.7529,14.4196,14.4084,14.6001,14.6008,14.5332
20.9184,13.2953,13.9104,13.8852,14.5758,14.5209,14.7411,14.7398,14.6955
20.9512,13.3734,13.9814,13.9599,14.7835,14.5923,14.8268,14.8237,14.7946
20.9686,13.4146,14.0186,13.9977,14.8205,14.6308,14.8724,14.8683,14.8467
21.0044,13.4987,14.0939,14.0721,14.8954,14.7111,14.9665,14.9598,14.9518
21.1635,13.857,14.4179,14.3797,15.2314,15.0789,15.3916,15.3645,15.3808
21.2022,13.9399,14.4959,14.4603,15.3177,15.1705,15.4971,15.4622,15.4778
21.2165,13.9701,14.5247,14.4919,15.3506,15.2046,15.5363,15.4981,15.5131
21.2242,13.9861,14.5402,14.5092,15.3685,15.2229,15.5573,15.5173,15.5318
21.2448,14.029,14.5821,14.5575,15.4182,15.2724,15.6141,15.5689,15.5817
21.2451,14.0296,14.5827,14.5583,15.419,15.2731,15.6149,15.5697,15.5825
21.293,14.1268,14.6819,14.6769,15.5495,15.3886,15.7467,15.6882,15.6958
21.304,14.1487,14.7056,14.7045,15.5844,15.4152,15.7769,15.7151,15.7214
21.3624,14.262,14.8541,14.846,15.8174,15.5556,15.9346,15.8553,15.8554
21.374,14.284,14.8812,14.8724,15.8518,15.583,15.9652,15.8823,15.8817
21.3869,14.3081,14.9066,14.901,15.8831,15.613,15.9989,15.9118,15.9109
21.3954,14.3239,14.922,14.9193,15.9015,15.6325,16.0208,15.9309,15.9302
21.409,14.349,14.9457,14.9481,15.9287,15.6631,16.0555,15.9605,15.961
21.4623,14.4445,15.0341,15.0525,16.021,15.7733,16.1847,15.9953,16.0817
21.5199,14.542,15.1277,15.1547,16.1098,15.8729,16.3096,16.1264,16.2126
21.5201,14.5423,15.128,15.1551,16.1101,15.8732,16.3101,16.1269,16.2131
21.5375,14.5706,15.1564,15.1842,16.1361,15.9003,16.3445,16.1625,16.2529
21.5589,14.6046,15.1917,15.2192,16.1681,15.9324,16.385,16.2037,16.3016
21.5714,14.6241,15.2124,15.2391,16.1869,15.9506,16.4077,16.2265,16.3295
21.6296,14.7105,15.3131,15.3279,16.2764,16.0313,16.5043,16.322,16.4517
21.6623,14.7558,15.3768,15.3754,16.328,16.0754,16.5526,16.3695,16.5128
21.7291,14.8407,15.5126,15.4695,16.4344,16.1657,16.6393,16.458,16.6182
21.743,14.857,15.5335,15.4887,16.4562,16.1845,16.6554,16.4756,16.6368
21.7498,14.8648,15.5431,15.4981,16.4668,16.1937,16.6631,16.4842,16.6455
21.7514,14.8666,15.5453,15.5003,16.4693,16.1959,16.6649,16.4862,16.6475
21.8406,14.9569,15.6501,15.6192,16.5865,16.3154,16.7508,16.5953,16.7379
21.8802,14.9895,15.6905,15.6673,16.6204,16.3658,16.7808,16.6375,16.7654
21.9062,15.0083,15.7156,15.6959,16.6376,16.3952,16.7978,16.6621,16.7798
21.9197,15.0172,15.7281,15.7093,16.6452,16.4086,16.8058,16.6739,16.7861
21.9318,15.0246,15.739,15.7202,16.6513,16.4195,16.8125,16.6839,16.7912
21.9759,15.0473,15.7756,15.7467,16.6686,16.4482,16.8332,16.7156,16.8053
21.9812,15.0496,15.7796,15.7484,16.6702,16.4505,16.8353,16.719,16.8065
21.9972,15.0557,15.7908,15.7512,16.6746,16.4561,16.8412,16.7285,16.8098
22.0226,15.0635,15.8057,15.7515,16.6799,16.4613,16.8491,16.7421,16.8137
22.0352,15.0664,15.8113,15.751,16.6819,16.4624,16.8524,16.748,16.8149
22.1027,15.0713,15.8169,15.7498,16.6861,16.4573,16.863,16.7717,16.8159
22.1609,15.0621,15.7993,15.7415,16.6826,16.4432,16.8634,16.7807,16.8099
22.1642,15.0612,15.7981,15.7406,16.6823,16.4422,16.8632,16.7809,16.8094
22.222,15.0399,15.775,15.7188,16.6739,16.4234,16.8561,16.7776,16.7977
22.2883,15.0024,15.7441,15.6996,16.6594,16.3985,16.84,16.7573,16.7786
22.2999,14.9946,15.7382,15.6989,16.6563,16.3938,16.8364,16.7517,16.7747
22.3169,14.9823,15.7292,15.6993,16.6515,16.3867,16.8307,16.7423,16.7687
22.3849,14.9255,15.6888,15.6878,16.627,16.3552,16.8029,16.6916,16.741
22.46,14.8495,15.635,15.6312,16.5715,16.3116,16.7626,16.6151,16.7043
22.4784,14.8291,15.62,15.6119,16.549,16.2985,16.7512,16.5936,16.6944
22.5215,14.7785,15.5811,15.5605,16.4956,16.2615,16.7218,16.5399,16.6695
22.5508,14.7424,15.5512,15.5216,16.4621,16.2302,16.6998,16.5016,16.6514
22.5662,14.7228,15.5342,15.5,16.4448,16.2119,16.6876,16.481,16.6414
22.6121,14.6628,15.4779,15.4323,16.3935,16.1528,16.6486,16.4193,16.61
22.6158,14.6579,15.473,15.4266,16.3894,16.1479,16.6453,16.4143,16.6073
22.6662,14.5896,15.401,15.3479,16.332,16.0818,16.5977,16.346,16.5692
22.749,14.471,15.2613,15.2119,16.2319,15.9757,16.5096,16.2307,16.498
22.7781,14.427,15.2066,15.1628,16.1943,15.9376,16.4759,16.1897,16.4703
22.8032,14.388,15.1574,15.1201,16.1606,15.9041,16.4458,16.1543,16.4452
22.8216,14.3586,15.1201,15.0884,16.135,15.8789,16.4231,16.1283,16.4261
22.9501,14.1322,14.8455,14.8629,15.9412,15.6841,16.2549,15.9512,16.2759
22.9818,14.0697,14.7774,14.8063,15.8912,15.6285,16.2115,15.9172,16.2347
22.9874,14.0584,14.7655,14.7963,15.8824,15.6183,16.2038,15.9106,16.2273
23.0402,13.9479,14.6548,14.7013,15.7994,15.5175,16.1306,15.8345,16.156
23.0855,13.8504,14.5634,14.6196,15.7298,15.4309,16.0675,15.7656,16.0935
23.0939,13.8321,14.5467,14.6043,15.717,15.4153,16.0557,15.7528,16.0818
23.1359,13.742,14.4658,14.5284,15.6547,15.3417,15.9972,15.6902,16.0236
23.3283,13.3752,14.1409,14.1994,15.4013,15.0988,15.7371,15.4305,15.7735
23.3413,13.354,14.1218,14.18,15.3861,15.0871,15.7204,15.415,15.7582
23.3765,13.299,14.0719,14.1294,15.3463,15.0577,15.6762,15.3745,15.7182
23.4279,13.223,14.0037,14.0593,15.2914,15.0201,15.6139,15.3196,15.6631
23.4441,13.2,13.9835,14.038,15.2749,15.0094,15.5949,15.3035,15.6466
23.4669,13.1683,13.9557,14.0084,15.2524,14.9952,15.5686,15.2818,15.6239
23.537,13.075,13.8764,13.9205,15.1883,14.9564,15.4917,15.2226,15.5594
23.5719,13.0307,13.8399,13.8784,15.1592,14.9393,15.4557,15.1971,15.5299
23.7287,12.8448,13.6947,13.7019,15.0476,14.8765,15.3163,15.1092,15.4172
23.772,12.7971,13.6592,13.6573,15.0213,14.8623,15.2854,15.0917,15.3914
23.8622,12.7039,13.5906,13.5719,14.9723,14.8363,15.2343,15.0636,15.3449
23.9418,12.6352,13.5355,13.5063,14.9352,14.8169,15.207,15.0471,15.312
23.9484,12.6304,13.5311,13.5013,14.9324,14.8154,15.2055,15.0461,15.3096
24.0454,12.5737,13.4705,13.4349,14.8997,14.7962,15.197,15.0387,15.2812
24.1154,12.5444,13.4307,13.3949,14.8918,14.785,15.2053,15.0448,15.2688
24.2386,12.5056,13.3684,13.3384,14.9067,14.7707,15.2409,15.0697,15.2655
24.2542,12.5017,13.3612,13.3324,14.9101,14.7694,15.2463,15.0732,15.267
24.2558,12.5013,13.3605,13.3318,14.9105,14.7692,15.2468,15.0736,15.2672
24.2607,12.5001,13.3583,13.33,14.9116,14.7688,15.2485,15.0746,15.2677
24.3291,12.4858,13.3292,13.307,14.9286,14.7647,15.2745,15.0898,15.2803
24.3531,12.4818,13.3198,13.3,14.9353,14.7638,15.2848,15.0951,15.2867
24.3651,12.48,13.3153,13.2967,14.9387,14.7635,15.2903,15.0978,15.2903
24.6284,12.4854,13.262,13.2569,15.0305,14.7792,15.4442,15.159,15.4233
24.6582,12.4898,13.2632,13.2562,15.0429,14.7839,15.4642,15.1665,15.4438
24.7365,12.503,13.2725,13.2574,15.0774,14.7995,15.5181,15.1879,15.5009
24.7638,12.508,13.2764,13.2588,15.0902,14.806,15.5372,15.1962,15.5218
24.7653,12.5083,13.2766,13.2589,15.0909,14.8064,15.5383,15.1967,15.5229
24.845,12.5238,13.2858,13.2657,15.1306,14.8285,15.5947,15.2258,15.5857
24.9066,12.5367,13.2924,13.2735,15.1636,14.8485,15.6386,15.2555,15.635
25.0347,12.5653,13.3097,13.2955,15.237,14.8959,15.7305,15.3282,15.736
25.0355,12.5655,13.3098,13.2957,15.2374,14.8962,15.7311,15.3287,15.7366
25.2017,12.6071,13.3423,13.3352,15.3347,14.9631,15.8502,15.4231,15.8625
25.2274,12.614,13.3483,13.3423,15.3492,14.974,15.8684,15.4379,15.8812
25.4696,12.688,13.4106,13.4213,15.4692,15.0888,16.0367,15.5866,16.0477
25.4977,12.698,13.4182,13.4315,15.4802,15.1049,16.0555,15.606,16.0656
25.5111,12.7029,13.4219,13.4364,15.4851,15.1128,16.0643,15.6156,16.074
25.5181,12.7055,13.4238,13.4389,15.4876,15.117,16.0689,15.6207,16.0784
25.5234,12.7075,13.4253,13.4409,15.4895,15.1202,16.0724,15.6246,16.0818
25.5512,12.7182,13.4329,13.4511,15.4989,15.1376,16.0903,15.6458,16.0989
25.7239,12.7946,13.4808,13.5131,15.5419,15.2383,16.1915,15.7962,16.1998
25.7279,12.7965,13.4819,13.5145,15.5426,15.24,16.1936,15.7995,16.202
25.8173,12.8375,13.5062,13.543,15.5564,15.2712,16.2354,15.8605,16.251
25.895,12.8681,13.5263,13.5642,15.5648,15.2905,16.2645,15.8986,16.2921
26.0457,12.9009,13.5544,13.5936,15.5748,15.318,16.3051,15.956,16.3692
26.0471,12.9011,13.5545,13.5938,15.5749,15.3183,16.3054,15.9565,16.3699
26.1333,12.9022,13.5526,13.6026,15.5788,15.3308,16.3233,15.9842,16.4127
26.1345,12.9021,13.5526,13.6027,15.5789,15.3309,16.3236,15.9846,16.4133
26.1359,12.902,13.5525,13.6028,15.579,15.3311,16.3238,15.985,16.414
26.186,12.8975,13.5539,13.6051,15.5815,15.337,16.3334,16.0002,16.4386
26.2085,12.8946,13.555,13.6055,15.5829,15.3392,16.3377,16.0069,16.4496
26.225,12.8921,13.5559,13.6055,15.5839,15.3406,16.3407,16.0117,16.4577
26.4083,12.8528,13.5591,13.5943,15.6025,15.3448,16.3744,16.0603,16.5444
26.4206,12.8496,13.5585,13.5929,15.6044,15.3443,16.3768,16.0629,16.55
26.5035,12.8272,13.551,13.5813,15.6208,15.3384,16.3934,16.0795,16.5858
26.5434,12.816,13.5452,13.5746,15.6311,15.3342,16.4021,16.0872,16.602
26.6276,12.792,13.5289,13.5581,15.6579,15.323,16.4234,16.103,16.6336
26.7077,12.7694,13.5094,13.5394,15.686,15.3094,16.4497,16.1179,16.6599
26.8102,12.7423,13.4803,13.5114,15.7169,15.2885,16.4929,16.1367,16.6873
26.8559,12.7314,13.4663,13.4974,15.725,15.2778,16.5124,16.145,16.6969
26.8822,12.7257,13.458,13.489,15.727,15.2713,16.5223,16.1498,16.7017
26.92,12.7182,13.4458,13.4764,15.7268,15.2616,16.534,16.1566,16.7075
26.9529,12.7127,13.4349,13.465,15.7241,15.2527,16.5416,16.1625,16.7115
26.9618,12.7114,13.4319,13.4619,15.7231,15.2503,16.5432,16.1641,16.7124
27.1012,12.6997,13.3834,13.409,15.7053,15.2129,16.5532,16.189,16.7177
27.1275,12.6994,13.3739,13.3984,15.7041,15.2064,16.5526,16.1937,16.717
27.1502,12.6996,13.3656,13.389,15.7041,15.2011,16.5516,16.1977,16.7161
27.3641,12.713,13.2811,13.3032,15.727,15.1671,16.5176,16.2341,16.6941
27.372,12.7135,13.2777,13.3004,15.7281,15.1665,16.5153,16.2354,16.6929
27.3744,12.7137,13.2766,13.2995,15.7284,15.1663,16.5146,16.2357,16.6926
27.5017,12.7182,13.2166,13.2607,15.7451,15.1621,16.4677,16.2548,16.6724
27.5078,12.7182,13.2136,13.2591,15.7458,15.1621,16.465,16.2556,16.6714
27.5302,12.7179,13.202,13.2535,15.7483,15.1621,16.4548,16.2587,16.6677
27.5563,12.7171,13.1884,13.2472,15.751,15.1624,16.4425,16.262,16.6633
27.6969,12.7085,13.12,13.2182,15.7625,15.1651,16.3774,16.2771,16.6409
27.6992,12.7083,13.119,13.2177,15.7626,15.1652,16.3765,16.2773,16.6405
27.7487,12.7042,13.0994,13.2087,15.7651,15.166,16.3629,16.2812,16.6336
27.9094,12.6899,13.0447,13.1813,15.7655,15.1627,16.3482,16.2881,16.6155
27.9208,12.6889,13.0411,13.1794,15.7648,15.1618,16.3474,16.2882,16.6143
27.9967,12.6826,13.0171,13.1669,15.7562,15.1521,16.3406,16.2866,16.6073
28.0219,12.6807,13.0092,13.1628,15.7507,15.1473,16.338,16.2848,16.605
28.1523,12.6722,12.9679,13.1414,15.6809,15.1093,16.3216,16.2623,16.5926
28.1682,12.6713,12.9628,13.1388,15.6698,15.1033,16.3194,16.258,16.591
28.268,12.6671,12.9305,13.122,15.6102,15.063,16.3042,16.2246,16.5793
28.2912,12.6665,12.923,13.118,15.5989,15.0535,16.3004,16.2154,16.5762
28.2941,12.6664,12.9221,13.1175,15.5975,15.0523,16.3,16.2142,16.5758
28.3229,12.6657,12.9128,13.1126,15.5843,15.041,16.2951,16.202,16.5717
28.5355,12.6646,12.8465,13.0754,15.4999,14.9658,16.2543,16.095,16.5285
28.6605,12.6651,12.8114,13.053,15.4552,14.9272,16.2251,16.0203,16.4891
28.7697,12.6651,12.7853,13.033,15.4171,14.8956,16.1949,15.9479,16.4452
28.7744,12.6651,12.7844,13.0322,15.4154,14.8942,16.1934,15.9446,16.4431
28.7836,12.6651,12.7825,13.0304,15.4121,14.8914,16.1906,15.9381,16.439
28.8833,12.6639,12.7655,13.0118,15.3734,14.8564,16.1559,15.8643,16.3898
28.9284,12.6628,12.7598,13.0032,15.3553,14.8357,16.1374,15.8284,16.3649
28.9523,12.6621,12.7572,12.9986,15.3466,14.8229,16.1268,15.8088,16.351
28.9736,12.6614,12.7552,12.9945,15.3391,14.8103,16.1168,15.7908,16.3382
29.1791,12.6483,12.7357,12.9512,15.268,14.6947,15.9919,15.604,16.1937
29.2192,12.6442,12.7282,12.9418,15.2535,14.6799,15.962,15.5657,16.1606
29.305,12.633,12.7061,12.9206,15.2213,14.6561,15.8938,15.4832,16.0837
29.3492,12.6259,12.6929,12.9094,15.204,14.6472,15.8571,15.4409,16.0413
29.3555,12.6248,12.691,12.9078,15.2015,14.6461,15.8518,15.4349,16.0352
29.4536,12.6046,12.6615,12.8825,15.1608,14.6318,15.768,15.3429,15.9362
29.4591,12.6033,12.6599,12.8811,15.1584,14.6311,15.7632,15.3378,15.9305
29.5435,12.5801,12.6368,12.8591,15.1201,14.6221,15.6903,15.2613,15.8436
29.5454,12.5796,12.6364,12.8586,15.1192,14.622,15.6887,15.2597,15.8417
29.7657,12.4936,12.5852,12.7995,15.0027,14.6042,15.5019,15.0698,15.635
29.9328,12.4039,12.5477,12.7529,14.9,14.5898,15.3687,14.9338,15.5122
29.9861,12.371,12.5351,12.7377,14.8652,14.5839,15.3286,14.8922,15.4779
30.0721,12.3141,12.5132,12.7126,14.8076,14.5719,15.2668,14.827,15.4259
30.0725,12.3138,12.5131,12.7125,14.8073,14.5718,15.2665,14.8267,15.4256
30.1056,12.2907,12.5039,12.7028,14.7849,14.5662,15.2438,14.8026,15.4065
30.1498,12.2589,12.4907,12.6896,14.7551,14.5578,15.2146,14.7712,15.3816
30.3065,12.1401,12.4317,12.6423,14.6541,14.5181,15.1207,14.6669,15.2974
30.3302,12.1217,12.421,12.6351,14.6404,14.5105,15.1077,14.6512,15.285
30.4138,12.0565,12.3799,12.6094,14.5981,14.4794,15.0638,14.5905,15.2415
30.4151,12.0555,12.3792,12.609,14.5975,14.4789,15.0632,14.5895,15.2409
30.4307,12.0433,12.3712,12.6042,14.5907,14.4723,15.0553,14.5768,15.2327
30.4893,11.9977,12.3405,12.5861,14.5681,14.4446,15.0266,14.5262,15.2022
30.4933,11.9945,12.3384,12.5848,14.5667,14.4425,15.0247,14.5226,15.2001
30.6288,11.8911,12.2685,12.5416,14.5257,14.3606,14.9624,14.4033,15.129
30.7213,11.8237,12.2231,12.5062,14.5021,14.3015,14.9215,14.3255,15.08
30.7743,11.7869,12.1983,12.4818,14.4884,14.268,14.8981,14.2824,15.0517
30.8751,11.7214,12.1535,12.4292,14.4605,14.2051,14.8515,14.2029,14.9972
30.8848,11.7154,12.1493,12.4238,14.4576,14.199,14.8467,14.1954,14.9919
30.9216,11.6934,12.1338,12.4028,14.4465,14.1762,14.8278,14.1671,14.9718
31.0318,11.6334,12.0901,12.3358,14.4104,14.1084,14.7634,14.084,14.9107
31.0988,11.6004,12.0652,12.2922,14.3864,14.0674,14.7196,14.0343,14.873
31.1269,11.5871,12.0551,12.2732,14.3758,14.0502,14.7007,14.0135,14.8569
31.2767,11.5218,12.0036,12.1679,14.3151,13.9599,14.6011,13.904,14.7701
31.3887,11.4763,11.9667,12.0874,14.265,13.8939,14.5293,13.8229,14.7032
31.4915,11.4358,11.9335,12.0147,14.2161,13.8332,14.4657,13.7491,14.6406
31.5712,11.4044,11.9078,11.9599,14.1765,13.7833,14.4176,13.692,14.5912
31.5928,11.3958,11.9009,11.9454,14.1657,13.7693,14.4047,13.6766,14.5776
31.6016,11.3924,11.8981,11.9395,14.1612,13.7636,14.3994,13.6703,14.5721
31.7482,11.3338,11.851,11.845,14.0857,13.667,14.3134,13.566,14.4788
31.8319,11.3,11.8239,11.7936,14.0417,13.6116,14.2652,13.5066,14.4246
31.9796,11.2402,11.7756,11.7071,13.9632,13.515,14.1815,13.4019,14.3289
32.0969,11.1927,11.7367,11.6421,13.9005,13.4409,14.1164,13.3212,14.255
32.1849,11.1571,11.7074,11.5954,13.8536,13.3886,14.0683,13.2655,14.2018
32.2893,11.1153,11.6723,11.5423,13.7983,13.3357,14.0121,13.2065,14.142
32.2932,11.1138,11.6709,11.5404,13.7962,13.334,14.01,13.2044,14.1398
32.3976,11.073,11.6356,11.4899,13.7416,13.2952,13.9549,13.1502,14.0847
32.6013,11.0046,11.5663,11.3985,13.6384,13.2504,13.851,13.0548,13.9903
32.664,10.9883,11.5448,11.3721,13.608,13.2416,13.8203,13.0285,13.9641
32.7757,10.9644,11.5065,11.3269,13.5563,13.229,13.7673,12.9858,13.9198
32.809,10.9583,11.4951,11.3138,13.5416,13.2258,13.7521,12.9742,13.907
32.8588,10.9496,11.4779,11.2946,13.52,13.2214,13.7299,12.958,13.8883
32.8916,10.9443,11.4667,11.2822,13.5063,13.2187,13.7158,12.9482,13.8762
33.1156,10.9117,11.3894,11.2007,13.4209,13.2035,13.6318,12.8987,13.7956
33.4869,10.8651,11.261,11.073,13.3107,13.1848,13.5811,12.8639,13.6593
33.5073,10.8626,11.2539,11.066,13.3053,13.1839,13.5825,12.8628,13.6512
33.5147,10.8617,11.2514,11.0636,13.3034,13.1835,13.5831,12.8624,13.6483
33.5307,10.8598,11.2459,11.0581,13.2992,13.1828,13.5844,12.8614,13.6419
33.5344,10.8593,11.2446,11.0569,13.2982,13.1826,13.5847,12.8612,13.6405
33.5429,10.8583,11.2416,11.054,13.296,13.1822,13.5854,12.8607,13.637
33.5461,10.8579,11.2405,11.0529,13.2952,13.1821,13.5857,12.8606,13.6358
