     time         enstrophy    
 0.000000000000 0.230832186922 
 0.005000000000 0.285113044110 
 0.013250000000 0.284174707774 
 0.027000000000 0.279900069225 
 0.042125000000 0.276473380653 
 0.058762500000 0.273163416039 
 0.077063750000 0.270032486527 
 0.097195125000 0.267106242158 
 0.119339637500 0.264398168152 
 0.143213068005 0.261963064387 
 0.167124445128 0.259928851094 
 0.191070430436 0.258217863507 
 0.215048195751 0.256768138571 
 0.239055090701 0.255530635047 
 0.263088764428 0.254466608949 
 0.287147118750 0.253545239324 
 0.311228157934 0.252741865307 
 0.335330244296 0.252036714955 
 0.359451653955 0.251413933908 
 0.383591074055 0.250860762191 
 0.407747098129 0.250366898978 
 0.431918619760 0.249923985924 
 0.456104541171 0.249525216589 
 0.480303881200 0.249165019644 
 0.504515799272 0.248838809121 
 0.528739405838 0.248542789385 
 0.552974061887 0.248273795058 
 0.577218957121 0.248029172525 
 0.601473561753 0.247806676763 
 0.625737253873 0.247604397526 
 0.650009527985 0.247420695310 
 0.674289917334 0.247254152850 
 0.698577926326 0.247103536160 
 0.722873223442 0.246967761779 
 0.747175303802 0.246845873535 
 0.771483898527 0.246737019826 
 0.795798606897 0.246640439158 
 0.820119155166 0.246555445512 
 0.844445249081 0.246481418138 
 0.868776589993 0.246417792496 
 0.893112977730 0.246364052622 
 0.917454084039 0.246319725607 
 0.941799754309 0.246284375788 
 0.966149695612 0.246257601122 
 0.990503752385 0.246239029090 
 1.014861712224 0.246228313924 
 1.039223380337 0.246225133848 
 1.063588622742 0.246229188819 
 1.087957202927 0.246240198560 
 1.112329028054 0.246257900833 
 1.136703860634 0.246282049840 
 1.161081607078 0.246312415015 
 1.185462105104 0.246348779700 
 1.209844085789 0.246390938210 
 1.234226740087 0.246438696495 
 1.258610017412 0.246491872598 
 1.282993901793 0.246550295159 
 1.307378341561 0.246613802474 
 1.331763318746 0.246682241897 
 1.356148799750 0.246755469115 
 1.380534752981 0.246833347645 
 1.404921163135 0.246915748364 
 1.429307983490 0.247002548889 
 1.453695203866 0.247093633356 
 1.478082784318 0.247188891795 
 1.502470707965 0.247288219947 
 1.526858953399 0.247391518820 
 1.551247488486 0.247498694342 
 1.575636307036 0.247609657218 
 1.600025362379 0.247724322366 
 1.624414648589 0.247842609020 
 1.648804140354 0.247964440225 
 1.673193815456 0.248089742717 
 1.697583666429 0.248218446773 
 1.721973653219 0.248350485784 
 1.746363771906 0.248485796419 
 1.770753995765 0.248624318157 
 1.795144308931 0.248765993304 
 1.819534703349 0.248910766839 
 1.843925144831 0.249058586074 
 1.868315630247 0.249209400856 
 1.892706134202 0.249363163141 
 1.917096643677 0.249519827077 
 1.941487152999 0.249679348879 
 1.965877628984 0.249841686503 
 1.990268070253 0.250006799928 
 2.014658455764 0.250174650744 
 2.039048771738 0.250345202236 
 2.063439018112 0.250518419360 
 2.087829157674 0.250694268314 
 2.112219191881 0.250872716993 
 2.136609107331 0.251053734556 
 2.160998885754 0.251237291429 
 2.185388527269 0.251423359421 
 2.209778003229 0.251611911315 
 2.234167310208 0.251802921222 
 2.258556446029 0.251996364356 
 2.282945381582 0.252192216767 
 2.307334118616 0.252390455742 
 2.331722643355 0.252591059407 
 2.356110941679 0.252794006806 
 2.380499015198 0.252999277989 
 2.404886839352 0.253206853643 
 2.429274410701 0.253416715441 
 2.453661732774 0.253628845897 
 2.478048772009 0.253843227966 
 2.502435533327 0.254059845649 
 2.526822013536 0.254278683579 
 2.551208189976 0.254499726890 
 2.575594065408 0.254722961582 
 2.599979629419 0.254948374165 
 2.624364869175 0.255175951726 
 2.648749786472 0.255405682065 
 2.673134365837 0.255637553385 
 2.697518600409 0.255871554505 
 2.721902494029 0.256107674870 
 2.746286024494 0.256345904185 
 2.770669190502 0.256586232838 
 2.795051997949 0.256828651760 
 2.819434420718 0.257073152035 
 2.843816461125 0.257319725459 
 2.868198126239 0.257568364309 
 2.892578544743 0.257819052401 
 2.916957472349 0.258071779905 
 2.941334940117 0.258326540173 
 2.965710834019 0.258583325560 
 2.990085179793 0.258842130217 
 3.014458009570 0.259102948729 
 3.038829207055 0.259365774480 
 3.063198801458 0.259630602688 
 3.087566826172 0.259897428967 
 3.111933173808 0.260166247755 
 3.136297869392 0.260437055190 
 3.160660944080 0.260709847799 
 3.185022299814 0.260984620999 
 3.209381956365 0.261261371759 
 3.233739942919 0.261540097452 
 3.258096182371 0.261820794542 
 3.282450681293 0.262103460674 
 3.306803463269 0.262388093959 
 3.331154472441 0.262674691862 
 3.355503701197 0.262963252628 
 3.379851167853 0.263253775049 
 3.404196849595 0.263546257687 
 3.428540709946 0.263840699160 
 3.452882771519 0.264137099001 
 3.477223038015 0.264435456758 
 3.501561440562 0.264735771317 
 3.525898011885 0.265038042983 
 3.550232791820 0.265342272376 
 3.574565666833 0.265648458452 
 3.598896683630 0.265956602291 
 3.623225884878 0.266266705155 
 3.647553171016 0.266578766730 
 3.671878572693 0.266892788485 
 3.696202121167 0.267208772101 
 3.720523772915 0.267526718503 
 3.744843515486 0.267846629170 
 3.769161372294 0.268168506212 
 3.793477351679 0.268492351737 
 3.817791386001 0.268818167019 
 3.842103514723 0.269145954881 
 3.866413795301 0.269475718576 
 3.890722100192 0.269807459067 
 3.915028484885 0.270141179869 
 3.939332988552 0.270476884465 
 3.963635549622 0.270814575144 
 3.987936175408 0.271154255251 
 4.012234888818 0.271495928496 
 4.036531706749 0.271839598673 
 4.060826557757 0.272185268487 
 4.085119487655 0.272532942391 
 4.109410554608 0.272882625186 
 4.133699638371 0.273234319300 
 4.157986792186 0.273588029708 
 4.182272053869 0.273943761328 
 4.206555393045 0.274301518254 
 4.230836787121 0.274661304795 
 4.255116272132 0.275023126232 
 4.279393894826 0.275386988159 
 4.303669544143 0.275752893978 
 4.327943280849 0.276120849707 
 4.352215154598 0.276490861359 
 4.376485102481 0.276862933405 
 4.400753135168 0.277237071504 
 4.425019282879 0.277613281733 
 4.449283577286 0.277991570338 
 4.473545930451 0.278371941845 
 4.497806399986 0.278754403093 
 4.522065043124 0.279138961070 
 4.546321779890 0.279525620759 
 4.570576638579 0.279914388902 
 4.594829647647 0.280305272371 
 4.619080835242 0.280698278165 
 4.643330120660 0.281093411654 
 4.667577562443 0.281490680507 
 4.691823220956 0.281890092566 
 4.716067014830 0.282291653508 
 4.740308974172 0.282695370877 
 4.764549129702 0.283101252350 
 4.788787517114 0.283509305814 
 4.813024047563 0.283919537196 
 4.837258784474 0.284331955011 
 4.861491787007 0.284746567847 
 4.885722988274 0.285163382298 
 4.909952404211 0.285582406409 
 4.934180071958 0.286003648693 
 4.958406046651 0.286427118103 
 4.982630215027 0.286852820801 
 5.006852649581 0.287280766191 
 5.031073403690 0.287710963494 
 5.055292441022 0.288143420486 
 5.079509747185 0.288578145385 
 5.103725369848 0.289015147592 
 5.127939389135 0.289454437223 
 5.152151663171 0.289896020541 
 5.176362271834 0.290339907798 
 5.200571258327 0.290786108733 
 5.224778632899 0.291234632613 
 5.248984334751 0.291685487479 
 5.273188426252 0.292138683687 
 5.297390975431 0.292594231839 
 5.321591893500 0.293052139746 
 5.345791218901 0.293512417616 
 5.369988988146 0.293975075739 
 5.394185270029 0.294440125137 
 5.418379941327 0.294907573302 
 5.442573083172 0.295377431622 
 5.466764747035 0.295849711072 
 5.490954912953 0.296324421371 
 5.515143550664 0.296801572095 
 5.539330717053 0.297281174582 
 5.563516488979 0.297763240701 
 5.587700766202 0.298247778958 
 5.611883598992 0.298734800846 
 5.636065023995 0.299224317708 
 5.660245103429 0.299716341527 
 5.684423721862 0.300210880819 
 5.708600960769 0.300707948080 
 5.732776873969 0.301207555396 
 5.756951453313 0.301709713718 
 5.781124657100 0.302214433365 
 5.805296548262 0.302721726870 
 5.829467199856 0.303231607117 
 5.853636523690 0.303744083760 
 5.877804558284 0.304259169114 
 5.901971345490 0.304776875682 
 5.926136977129 0.305297217159 
 5.950301304025 0.305820202235 
 5.974464419417 0.306345844758 
 5.998626366978 0.306874157672 
 6.022787173443 0.307405153690 
 6.046946762581 0.307938843364 
 6.071105208365 0.308475240555 
 6.095262573984 0.309014359039 
 6.119418826595 0.309556210608 
 6.143573949799 0.310100807462 
 6.167728002508 0.310648163554 
 6.191881063059 0.311198293417 
 6.216033032802 0.311751207736 
 6.240183961354 0.312306920550 
 6.264333890139 0.312865445841 
 6.288482914900 0.313426798975 
 6.312630885347 0.313990989799 
 6.336777896813 0.314558033798 
 6.360923990061 0.315127945362 
 6.385069210602 0.315700739133 
 6.409213464193 0.316276426574 
 6.433356831803 0.316855023288 
 6.457499369535 0.317436544458 
 6.481641078246 0.318021004094 
 6.505781908642 0.318608415075 
 6.529921930396 0.319198793191 
 6.554061210464 0.319792154335 
 6.578199699040 0.320388511703 
 6.602337397774 0.320987879786 
 6.626474362673 0.321590274506 
 6.650610673775 0.322195712538 
 6.674746244994 0.322804206587 
 6.698881114583 0.323415772467 
 6.723015329390 0.324030426341 
 6.747148977896 0.324648185578 
 6.771281931927 0.325269062216 
 6.795414272146 0.325893073586 
 6.819546033879 0.326520236037 
 6.843677307690 0.327150567491 
 6.867807954485 0.327784080091 
 6.891938069143 0.328420792025 
 6.916067691191 0.329060720237 
 6.940196876821 0.329703882268 
 6.964325522913 0.330350291582 
 6.988453714509 0.330999966642 
 7.012581499969 0.331652925128 
 7.036708914250 0.332309184528 
 7.060835875874 0.332968759311 
 7.084962464527 0.333631668338 
 7.109088732807 0.334297929930 
 7.133214688748 0.334967561362 
 7.157340278220 0.335640578301 
 7.181465573251 0.336316999958 
 7.205590632878 0.336996845381 
 7.229715451989 0.337680132009 
 7.253839990049 0.338366876382 
 7.277964315761 0.339057098193 
 7.302088490170 0.339750817125 
 7.326212489446 0.340448050628 
 7.350336292242 0.341148816307 
 7.374459961741 0.341853134299 
 7.398583563102 0.342561025006 
 7.422707067877 0.343272506306 
 7.446830459829 0.343987596515 
 7.470953801009 0.344706316360 
 7.495077156208 0.345428686866 
 7.519200486921 0.346154726194 
 7.543323787491 0.346884453566 
 7.567447116633 0.347617890263 
 7.591570540899 0.348355058023 
 7.615694025095 0.349095975718 
 7.639817560783 0.349840663121 
 7.663941207551 0.350589142222 
 7.688065029421 0.351341435379 
 7.712188989195 0.352097562043 
 7.736313081007 0.352857542732 
 7.760437363225 0.353621400116 
 7.784561899368 0.354389157270 
 7.808686663861 0.355160834687 
 7.832811639781 0.355936453253 
 7.856936888510 0.356716036489 
 7.881062468754 0.357499608085 
 7.905188361333 0.358287189466 
 7.929314543533 0.359078802074 
 7.953441077646 0.359874470260 
 7.977568019613 0.360674218437 
 8.001695369422 0.361478069429 
 8.025823085789 0.362286044867 
 8.049951235927 0.363098170109 
 8.074079868926 0.363914470199 
 8.098208998845 0.364734969264 
 8.122338570967 0.365559689313 
 8.146468655428 0.366388656707 
 8.170599296421 0.367221897226 
 8.194730534877 0.368059436813 
 8.218862289827 0.368901297464 
 8.242994638313 0.369747506736 
 8.267127615577 0.370598091059 
 8.291261284464 0.371453078114 
 8.315395542751 0.372312490074 
 8.339530472398 0.373176355697 
 8.363666101641 0.374044702182 
 8.387802511590 0.374917558912 
 8.411939597965 0.375794948960 
 8.436077426259 0.376676901605 
 8.460216033017 0.377563445421 
 8.484355488185 0.378454610529 
 8.508495720416 0.379350422226 
 8.532636762925 0.380250909802 
 8.556778660109 0.381156103279 
 8.580921471857 0.382066033615 
 8.605065171729 0.382980728902 
 8.629209748653 0.383900218043 
 8.653355258598 0.384824532740 
 8.677501747616 0.385753704715 
 8.701649229662 0.386687764842 
 8.725797649378 0.387626741650 
 8.749947053890 0.388570667846 
 8.774097465597 0.389519575582 
 8.798248888091 0.390473496665 
 8.822401236090 0.391432459761 
 8.846554534618 0.392396498094 
 8.870708805619 0.393365645175 
 8.894864027132 0.394339933199 
 8.919020116822 0.395319392287 
 8.943177103938 0.396304057291 
 8.967334994891 0.397293962594 
 8.991493757026 0.398289141433 
 9.015653323251 0.399289625987 
 9.039813711752 0.400295452242 
 9.063974948374 0.401306656970 
 9.088136956165 0.402323273182 
 9.112299711049 0.403345336403 
 9.136463221064 0.404372883907 
 9.160627523904 0.405405954719 
 9.184792503141 0.406444581884 
 9.208958176412 0.407488804427 
 9.233124550947 0.408538661442 
 9.257291659703 0.409594193676 
 9.281459359137 0.410655434809 
 9.305627690800 0.411722426832 
 9.329796667293 0.412795211068 
 9.353966295921 0.413873829222 
 9.378136475610 0.414958318763 
 9.402307232700 0.416048723193 
 9.426478580402 0.417145086049 
 9.450650469424 0.418247448719 
 9.474822862873 0.419355853654 
 9.498995788737 0.420470346785 
 9.523169276472 0.421590974804 
 9.547343204382 0.422717778185 
 9.571517583388 0.423850803928 
 9.595692426266 0.424990099804 
 9.619867749038 0.426135714488 
 9.644043456834 0.427287692188 
 9.668219570570 0.428446083085 
 9.692396119463 0.429610938514 
 9.716573039284 0.430782306201 
 9.740750271529 0.431960234778 
 9.764927852986 0.433144778117 
 9.789105831016 0.434335991493 
 9.813284063635 0.435533921901 
 9.837462592063 0.436738625828 
 9.861641428972 0.437950159271 
 9.885820538409 0.439168576771 
 9.909999850975 0.440393932016 
 9.934179379269 0.441626283549 
 9.958359187424 0.442865693481 
 9.982539127779 0.444112214322 
10.006719256250 0.445365909602 
10.030899574429 0.446626841147 
10.055080060925 0.447895070684 
10.079260626912 0.449170657433 
10.103441314345 0.450453668284 
10.127622135027 0.451744169743 
10.151802958501 0.453042222015 
10.175983831907 0.454347895550 
10.200164776185 0.455661260666 
10.224345773316 0.456982386895 
10.248526733640 0.458311341077 
10.272707698081 0.459648198150 
10.296888671334 0.460993032467 
10.321069536245 0.462345913076 
10.345250297585 0.463706916810 
10.369431014837 0.465076124918 
10.393611592947 0.466453611636 
10.417792027238 0.467839457499 
10.441972352149 0.469233746672 
10.466152532999 0.470636561033 
10.490332489229 0.472047981313 
10.514512254924 0.473468096205 
10.538691846670 0.474896995114 
10.562871132443 0.476334760555 
10.587050121254 0.477781484660 
10.611228877667 0.479237264591 
10.635407280544 0.480702188535 
10.659585332896 0.482176353612 
10.683763084017 0.483659861555 
10.707940484342 0.485152810241 
10.732117458565 0.486655297836 
10.756294043163 0.488167431116 
10.780470201959 0.489689314584 
10.804645861594 0.491221052520 
10.828821047406 0.492762757313 
10.852995747874 0.494314541350 
10.877169853267 0.495876513115 
10.901343429136 0.497448794253 
10.925516484181 0.499031505355 
10.949688866769 0.500624759238 
10.973860653817 0.502228685570 
10.998031855455 0.503843412448 
11.022202319270 0.505469060070 
11.046372093586 0.507105764123 
11.070541181677 0.508753660195 
11.094709476529 0.510412879445 
11.118876970044 0.512083562284 
11.143043672018 0.513765853280 
11.167209508193 0.515459894424 
11.191374486289 0.517165836286 
11.215538592808 0.518883831182 
11.239701760745 0.520614030994 
11.263863986115 0.522356595195 
11.288025271564 0.524111687187 
11.312185537405 0.525879468107 
11.336344749934 0.527660105769 
11.360502913035 0.529453774315 
11.384659967570 0.531260647195 
11.408815873287 0.533080902991 
11.432970607049 0.534914725415 
11.457124133278 0.536762301323 
11.481276380663 0.538623819015 
11.505427402152 0.540499480272 
11.529577110266 0.542389480818 
11.553725432679 0.544294021792 
11.577872426349 0.546213318671 
11.602018047550 0.548147584122 
11.626162145559 0.550097027171 
11.650304776599 0.552061877581 
11.674445898934 0.554042362656 
11.698585398054 0.556038709068 
11.722723308327 0.558051160424 
11.746859596721 0.560079960458 
11.770994135001 0.562125350648 
11.795126928120 0.564187588728 
11.819257947006 0.566266935510 
11.843387112505 0.568363653611 
11.867514411476 0.570478017105 
11.891639813567 0.572610304847 
11.915763220574 0.574760796202 
11.939884675032 0.576929789019 
11.964004081986 0.579117576006 
11.988121282522 0.581324450726 
12.012236360573 0.583550734806 
12.036349254184 0.585796744415 
12.060459814423 0.588062795040 
12.084568092316 0.590349227309 
12.108674013254 0.592656378160 
12.132777459832 0.594984588195 
12.156878401962 0.597334213676 
12.180976847063 0.599705622569 
12.205072635851 0.602099175338 
12.229165774944 0.604515256334 
12.253256241573 0.606954255765 
12.277343837059 0.609416555328 
12.301428654987 0.611902573985 
12.325510613215 0.614412722739 
12.349589454808 0.616950481777 
12.373665194953 0.619508145916 
12.397737925499 0.622094962238 
12.421807349590 0.624703609800 
12.445873542406 0.627342953171 
12.469936491585 0.630004781977 
12.493995985925 0.632698221470 
12.518051992981 0.635415003708 
12.542104633382 0.638164617108 
12.566153421950 0.640938387827 
12.590198578807 0.643746144612 
12.614240032373 0.646578986946 
12.638277558638 0.649447044376 
12.662311079712 0.652341095024 
12.686340705376 0.655271668894 
12.710366175086 0.658231742475 
12.734387303174 0.661224289920 
12.758404222016 0.664250148654 
12.782416710800 0.667309876121 
12.806424715638 0.670404099973 
12.830428196859 0.673533459352 
12.854427078198 0.676698600899 
12.878421155330 0.679900166737 
12.902410505279 0.683138846642 
12.926394986714 0.686415316063 
12.950374324737 0.689730243617 
12.974348579438 0.693084353648 
12.998317767135 0.696478379335 
13.022281455172 0.699913004499 
13.046239675047 0.703388985810 
13.070192312654 0.706907074417 
13.094139440497 0.710468059738 
13.118080532158 0.714072658034 
13.142015838529 0.717721705981 
13.165945195923 0.721415996504 
13.189868369472 0.725156321024 
13.213785326229 0.728943511730 
13.237696224327 0.732778443343 
13.261600451110 0.736661883683 
13.285498293222 0.740594746204 
13.309389623374 0.744577896109 
13.333274065749 0.748612166093 
13.357151549763 0.752698445364 
13.381022048852 0.756837642116 
13.404885396194 0.761030651037 
13.428741341469 0.765278359907 
13.452589633623 0.769581662930 
13.476430654716 0.773941572955 
13.500263686407 0.778358921686 
13.524088892802 0.782834695739 
13.547906349749 0.787369879896 
13.571715708360 0.791965387479 
13.595516807485 0.796622167660 
13.619309961603 0.801341266471 
13.643093035152 0.806123265640 
13.666865677103 0.810969064354 
13.690627661345 0.815879598157 
13.714378743608 0.820855801634 
13.738119056834 0.825898686833 
13.761848350628 0.831009192531 
13.785566499659 0.836188280303 
13.809273670839 0.841436974880 
13.832969380732 0.846756164886 
13.856653563957 0.852146820668 
13.880326272212 0.857609940542 
13.903987348409 0.863146476732 
13.927636522408 0.868757350884 
13.951274066116 0.874443604770 
13.974899558663 0.880206122824 
13.998513087436 0.886045897965 
14.022114719642 0.891963920733 
14.045703832404 0.897961010512 
14.069280648970 0.904038180168 
14.092844611085 0.910196252100 
14.116396184221 0.916436293489 
14.139935095675 0.922759191862 
14.163461160166 0.929165844824 
14.186974675866 0.935657273510 
14.210475487952 0.942234382770 
14.233963241096 0.948898013872 
14.257438470388 0.955649245568 
14.280900686897 0.962488883115 
14.304350132211 0.969417921859 
14.327787018436 0.976437357677 
14.351210819554 0.983547973233 
14.374622246714 0.990750902331 
14.398020910232 0.998046971411 
14.421406745971 1.005437090254 
14.444780143865 1.012922311639 
14.468140989578 1.020503544085 
14.491489049598 1.028181653959 
14.514825060380 1.035957816455 
14.538148419619 1.043832798039 
14.561459625960 1.051807707430 
14.584758964801 1.059883606353 
14.608045920659 1.068061294144 
14.631321503368 1.076342078834 
14.654585275531 1.084726807447 
14.677837269849 1.093216474702 
14.701078088175 1.101812289224 
14.724307665074 1.110515244866 
14.747525877557 1.119326313013 
14.770733733922 1.128246886549 
14.793930559857 1.137277769962 
14.817117124856 1.146420288233 
14.840293868039 1.155675678054 
14.863460275181 1.165044818221 
14.886617708680 1.174529307322 
14.909765733825 1.184130086084 
14.932904480718 1.193848297590 
14.956034836913 1.203685408177 
14.979156653928 1.213642492602 
15.002270236230 1.223720803530 
15.025375461589 1.233921428365 
15.048473248790 1.244245891434 
15.071563756168 1.254695418004 
15.094646765494 1.265271055528 
15.117723809269 1.275974609715 
15.140794512229 1.286807086092 
15.163859047910 1.297769703762 
15.186918586035 1.308864150656 
15.209973206659 1.320091650864 
15.233022963217 1.331453396412 
15.256069393266 1.342951272884 
15.279111639386 1.354586058435 
15.302151259080 1.366359637238 
15.325188450411 1.378273292587 
15.348223135731 1.390328159184 
15.371257046482 1.402526279453 
15.394290036272 1.414868809950 
15.417322187237 1.427356976605 
15.440355052320 1.439992747816 
15.463388499446 1.452777239365 
15.486423197710 1.465711943258 
15.509460260387 1.478798619010 
15.532499019586 1.492038109523 
15.555541445571 1.505432680840 
15.578587433526 1.518983548661 
15.601637096360 1.532692002405 
15.624691924812 1.546560092734 
15.647752064457 1.560589133417 
15.670817775235 1.574780461913 
15.693890756091 1.589136253766 
15.716970048136 1.603657164307 
15.740057435780 1.618345392668 
15.763153545670 1.633202498791 
15.786258115743 1.648229462339 
15.809373053746 1.663428565506 
15.832498251849 1.678800936768 
15.855633767369 1.694347789501 
15.878781232708 1.710071349518 
15.901940350734 1.725972632954 
15.925111855914 1.742053177091 
15.948297094386 1.758314811429 
15.971495224385 1.774757791195 
15.994708220538 1.791384027526 
16.017935861889 1.808193901454 
16.041178352174 1.825187883609 
16.064436720042 1.842366870423 
16.087711013609 1.859730960945 
16.111001631804 1.877280332197 
16.134309728746 1.895015603281 
16.157634457023 1.912935936652 
16.180972761676 1.931038792694 
16.204322232959 1.949321957869 
16.227681483182 1.967783920293 
16.251051887108 1.986425212759 
16.274433457443 2.005245441946 
16.297825197300 2.024243419229 
16.321229012193 2.043420144257 
16.344643444506 2.062774178228 
16.368068384054 2.082305046390 
16.391506418806 2.102014443339 
16.414954408046 2.121899682790 
16.438414856199 2.141962363693 
16.461888157586 2.162202610586 
16.485372261784 2.182621432331 
16.508869534484 2.203215715716 
16.532379924677 2.223987194819 
16.555901329749 2.244934231718 
16.579436764683 2.266059294016 
16.602984789887 2.287361384587 
16.626545961789 2.308841057494 
16.650122239246 2.330500105782 
16.673711600886 2.352336908879 
16.697315149465 2.374352248694 
16.720934556813 2.396547331622 
16.744567773712 2.418919930957 
16.768216014430 2.441470310874 
16.791881169289 2.464199244873 
16.815562106168 2.487104680490 
16.839258173072 2.510184731785 
16.862972818873 2.533441123928 
16.886702990067 2.556869763735 
16.910450792769 2.580470948574 
16.934217667009 2.604244481799 
16.958001262198 2.628186574797 
16.981803439444 2.652297111469 
17.005626764980 2.676576729494 
17.029467763974 2.701020374644 
17.053328533673 2.725627941071 
17.077211296170 2.750399576411 
17.101112082783 2.775329418143 
17.125029977203 2.800414026606 
17.148951025363 2.825637090754 
17.172876743806 2.850996113989 
17.196797929401 2.876478040402 
17.220713260913 2.902076235711 
17.244624765122 2.927786737033 
17.268532579386 2.953603027189 
17.292438384541 2.979519259586 
17.316344040334 3.005529177603 
17.340250383337 3.031625053155 
17.364158376548 3.057798968694 
17.388069931547 3.084043885620 
17.411986282806 3.110352264916 
17.435907975994 3.136716176713 
17.459837334106 3.163129919004 
17.483775174906 3.189586982294 
17.507722284869 3.216081510701 
17.531681902731 3.242610909445 
17.555653106589 3.269169398105 
17.579637962401 3.295754884777 
17.603640310080 3.322367957059 
17.627648476361 3.348994562592 
17.651649173732 3.375619045591 
17.675645138188 3.402241932666 
17.699638976739 3.428864293380 
17.723632428016 3.455486155996 
17.747627399633 3.482107277130 
17.771626016238 3.508727077555 
17.795630133812 3.535344056916 
17.819641859751 3.561956248509 
17.843662060671 3.588559808648 
17.867683516537 3.615142362809 
17.891701940255 3.641693831234 
17.915718117871 3.668209156676 
17.939733857936 3.694684652514 
17.963750187564 3.721116366573 
17.987764520294 3.747497567883 
18.011778512355 3.773826561110 
18.035792854872 3.800102081558 
18.059809557791 3.826325443080 
18.083829857398 3.852498617677 
18.107855368906 3.878625233214 
18.131879882343 3.904702628843 
18.155899675755 3.930731260133 
18.179917939209 3.956718911724 
18.203938001735 3.982673998706 
18.227960408631 4.008602201479 
18.251987945049 4.034510791541 
18.276022954637 4.060405927042 
18.300068497659 4.086293369664 
18.324116757287 4.112167357154 
18.348161863931 4.138022233015 
18.372204600246 4.163857236260 
18.396245533353 4.189670200695 
18.420286163576 4.215458576175 
18.444326504258 4.241217498059 
18.468366643926 4.266941598155 
18.492405580462 4.292624453064 
18.516443640125 4.318261331630 
18.540481769403 4.343849060393 
18.564521509884 4.369386309090 
18.588562867314 4.394871818431 
18.612606674406 4.420306625738 
18.636642127457 4.445682681441 
18.660671821966 4.471005395717 
18.684695421669 4.496279074182 
18.708714277463 4.521510397237 
18.732730310836 4.546707227229 
18.756746177255 4.571878406023 
18.780760717995 4.597029324150 
18.804777220544 4.622169066406 
18.828799085764 4.647306558710 
18.852829025108 4.672449605936 
18.876853742955 4.697590849246 
18.900870076030 4.722730772030 
18.924878322477 4.747871964617 
18.948877873665 4.773014526516 
18.972869949679 4.798158039435 
18.996854842944 4.823298943548 
19.020833221444 4.848431700734 
19.044801128978 4.873544638664 
19.068760415177 4.898629868474 
19.092709689114 4.923676080581 
19.116637879133 4.948663379490 
19.140538833665 4.973577297667 
19.164412608490 4.998411201077 
19.188265301518 5.023166812397 
19.212103895230 5.047849997357 
19.235929974991 5.072465279935 
19.259749440675 5.097024195122 
19.283567412161 5.121540536803 
19.307389598210 5.146030753246 
19.331215668564 5.170507459143 
19.355049877813 5.194987785043 
19.378871604770 5.219466905226 
19.402676314153 5.243951918165 
19.426467620930 5.268454488208 
19.450240891328 5.292975243235 
19.473992355957 5.317510980652 
19.497695202150 5.342034362890 
19.521357283587 5.366545405107 
19.544960494989 5.391021138552 
19.568512721718 5.415461809237 
19.592016479575 5.439865763437 
19.615483860142 5.464242470597 
19.638925995575 5.488603325678 
19.662356267381 5.512963533260 
19.685787926998 5.537339304635 
19.709233601389 5.561746903879 
19.732704225045 5.586201709094 
19.756207044930 5.610716932415 
19.779732890258 5.635293123629 
19.803189956785 5.659860448839 
19.826579985279 5.684431950666 
19.849891308635 5.709011912951 
19.873140204545 5.733628672059 
19.896347679851 5.758313416397 
19.919535520395 5.783094656217 
19.942724665299 5.807995629971 
19.965931370951 5.833030881239 
19.989157135433 5.858198694365 
20.012404591156 5.883498480170 
20.035676928322 5.908934217826 
20.058978893614 5.934517698854 
20.082241623403 5.960198802148 
20.105419454799 5.985949199957 
20.128533172649 6.011799191817 
20.151603949740 6.037772533896 
20.174650272040 6.063880375114 
20.197684812740 6.090119986868 
20.220708168478 6.116473199670 
20.243728129190 6.142930454538 
20.266752664469 6.169489363622 
20.289793160417 6.196160584260 
20.312868981867 6.222972595682 
20.335995929729 6.249958377237 
20.359035565348 6.277003815820 
20.382000334226 6.304136744177 
20.404901640869 6.331377611263 
20.427751268619 6.358735161591 
20.450564099121 6.386210975396 
20.473361629482 6.413808607067 
20.496150328800 6.441518667615 
20.518948938205 6.469351131223 
20.541781970483 6.497329581046 
20.564689089565 6.525496196063 
20.587637044379 6.553815143224 
20.610481604244 6.582127342547 
20.633235838100 6.610426240662 
20.655908439765 6.638697350827 
20.678520153627 6.666935567308 
20.701097116105 6.695140364761 
20.723677912283 6.723323703666 
20.746256763200 6.751453935957 
20.768869938741 6.779549108029 
20.791571863623 6.807656314431 
20.814370450504 6.835785986265 
20.837150525725 6.863833016098 
20.859811570499 6.891710065357 
20.882382356218 6.919456108008 
20.904860050846 6.947075308502 
20.927276517930 6.974604625001 
20.949674016831 7.002091406456 
20.972051064803 7.029537595392 
20.994452433273 7.056985839142 
21.016926095698 7.084478495304 
21.039469981023 7.112009831459 
21.062148269065 7.139642806896 
21.084875981023 7.167297409956 
21.107520424582 7.194841016453 
21.130038752287 7.222214911272 
21.152465655098 7.249420743383 
21.174818338944 7.276433331984 
21.197109167515 7.303220256317 
21.219407046135 7.329803594659 
21.241681566840 7.356113793209 
21.263991444915 7.382166311720 
21.286373868386 7.407961731138 
21.308830860811 7.433479603342 
21.331458196935 7.458792405349 
21.354211932261 7.483862371439 
21.377025087199 7.508639596871 
21.399757672423 7.533018242226 
21.422384966282 7.556981634045 
21.444927673732 7.580540696838 
21.467379893523 7.603678111208 
21.489804334255 7.626419936665 
21.512158960641 7.648707054133 
21.534532090172 7.670564238207 
21.556878658401 7.691915220220 
21.579258989583 7.712751689037 
21.601689510023 7.733034922563 
21.624176948407 7.752722482829 
21.646799216376 7.771814347346 
21.669496935891 7.790235730945 
21.692386238723 7.808003311758 
21.715361524342 7.825024582038 
21.738358913590 7.841240649225 
21.761346455877 7.856616463587 
21.784350957161 7.871138795210 
21.807363616293 7.884778053525 
21.830374187844 7.897504795635 
21.853353539609 7.909291365773 
21.876256860856 7.920118754408 
21.899167715788 7.929991656318 
21.922015034316 7.938896321956 
21.944909500590 7.946834229413 
21.967756597292 7.953800192746 
21.990655068297 7.959792001821 
22.013549860746 7.964812782946 
22.036499519367 7.968855171580 
22.059493284349 7.971915428824 
22.082541865771 7.973982343365 
22.105685812624 7.975028919871 
22.128878888032 7.975045319026 
22.152222825745 7.973964217164 
22.175605287823 7.971792182625 
22.199042294075 7.968497375850 
22.222453329025 7.964107523897 
22.245876244146 7.958605347398 
22.269287330557 7.952015793755 
22.292730950920 7.944329833577 
22.316182994766 7.935590865562 
22.339677149920 7.925808127045 
22.363205049363 7.915022710814 
22.386797787771 7.903240551983 
22.410454688549 7.890487544619 
22.434190606839 7.876769804219 
22.457952604368 7.862152573348 
22.481738204922 7.846654343239 
22.505547238958 7.830289726344 
22.529338726802 7.813120608998 
22.553140369990 7.795138563491 
22.576933371528 7.776384479234 
22.600748544484 7.756843828037 
22.624569295305 7.736562393710 
22.648429122401 7.715535350205 
22.672304707572 7.693837626031 
22.696239972649 7.671465088749 
22.720206599385 7.648506421175 
22.744256956727 7.624942888022 
22.768267477687 7.600994958859 
22.792237176986 7.576726664538 
22.816189767854 7.552162721091 
22.840148271011 7.527319880722 
22.864073736798 7.502297859848 
22.887982032645 7.477119454986 
22.911886700035 7.451808912807 
22.935798439024 7.426394901454 
22.959725511442 7.400912409116 
22.983639763288 7.375455278313 
23.007481068933 7.350170530250 
23.031246689000 7.325119762327 
23.054944784586 7.300332749017 
23.078583694053 7.275823386998 
23.102171503834 7.251599656552 
23.125714712222 7.227671075560 
23.149222186134 7.204044574536 
23.172681038139 7.180754208341 
23.196078267882 7.157825241466 
23.219414965385 7.135259281859 
23.242681154557 7.113076892876 
23.265843727390 7.091333772429 
23.288898117612 7.070052777010 
23.311847749756 7.049245887793 
23.334688886360 7.028924014663 
23.357426170978 7.009084952243 
23.380031433794 6.989774464355 
23.402476704745 6.971038162715 
23.424751008015 6.952896392494 
23.446848419915 6.935361966660 
23.468765829043 6.918442513942 
23.490497572179 6.902144544628 
23.512052678278 6.886458868793 
23.533422674439 6.871398172483 
23.554633829173 6.856933471774 
23.575667790396 6.843077330146 
23.596573440618 6.829772855003 
23.617313544757 6.817052404209 
23.637952726143 6.804847867363 
23.658446942797 6.793195902423 
23.678852943969 6.782037309686 
23.699150061981 6.771384749193 
23.719371401485 6.761202323313 
23.739524666804 6.751475367008 
23.759612452315 6.742190119817 
23.779672970957 6.733301527483 
23.799676533432 6.724819034632 
23.819653123576 6.716702867118 
23.839557338035 6.708972416335 
23.859393452971 6.701610589699 
23.879181030751 6.694590687404 
23.898927696797 6.687895783254 
23.918653954234 6.681502559059 
23.938367794315 6.675401359097 
23.958089875142 6.669578311233 
23.977827761181 6.664030894405 
23.997601600099 6.658750486127 
24.017418009199 6.653740116909 
24.037296296666 6.648997416395 
24.057241769246 6.644528595417 
24.077261382059 6.640337840926 
24.097379674092 6.636419873451 
24.117581099300 6.632792851742 
24.137900304646 6.629447448706 
24.158319850343 6.626402129209 
24.178873281407 6.623649579617 
24.199541464031 6.621209803300 
24.220356867377 6.619077683445 
24.241299241953 6.617272960780 
24.262399705505 6.615791674863 
24.283636746465 6.614652167562 
24.305031847334 6.613853556227 
24.326568727368 6.613410173696 
24.348270637053 6.613320191646 
24.370121016406 6.613595213832 
24.392140328793 6.614230706069 
24.414315061494 6.615230612455 
24.436641827978 6.616593259571 
24.459135176764 6.618310240617 
24.481768963969 6.620381697991 
24.504525689171 6.622804254116 
24.527396485269 6.625572862086 
24.550383193732 6.628678307305 
24.573482222679 6.632109916173 
24.596684519363 6.635856619336 
24.619990737772 6.639900866192 
24.643393096384 6.644220352916 
24.666893311504 6.648788536686 
24.690479847034 6.653577855169 
24.714058010420 6.658559058295 
24.737629637461 6.663689091279 
24.761079338691 6.668946991576 
24.784412071478 6.674288900190 
24.807620861210 6.679664674354 
24.830735322826 6.685028151527 
24.853727557283 6.690357308200 
24.876652965372 6.695621113809 
24.899463698336 6.700797848848 
24.922222091721 6.705857619164 
24.944890068976 6.710805732281 
24.967518666023 6.715649591696 
24.990095055485 6.720405781567 
25.012648991138 6.725073757298 
25.035193166841 6.729653052817 
25.057732539878 6.734152566840 
25.080307944887 6.738580975787 
25.102857628150 6.742965554152 
25.125371651965 6.747319336168 
25.147867790391 6.751646617296 
25.170349664445 6.755953639675 
25.192825936378 6.760242752673 
25.215319997171 6.764505405083 
25.237822669277 6.768730193383 
25.260370769379 6.772887787035 
25.282948793972 6.776966325340 
25.305583600624 6.780963046536 
25.328250444773 6.784912643165 
25.350964158471 6.788854235072 
25.373732235327 6.792832127801 
25.396570129737 6.796883642848 
25.419483530326 6.801036806660 
25.442487905039 6.805295601293 
25.465586832466 6.809642665071 
25.488795474796 6.814036265500 
25.512114964432 6.818424455347 
25.535559576992 6.822744519822 
25.559127899507 6.826943061195 
25.582747187317 6.831005056082 
25.606397628715 6.834917490875 
25.630081405566 6.838677754227 
25.653801747589 6.842294953851 
25.677560226594 6.845785372511 
25.701351804330 6.849169285272 
25.725180936023 6.852460174389 
25.749016677098 6.855679221448 
25.772843060070 6.858834759889 
25.796661988716 6.861924133018 
25.820482501827 6.864937437825 
25.844301548873 6.867865552066 
25.868129904682 6.870692323281 
25.891965271564 6.873408800938 
25.915815170188 6.876004672316 
25.939613524209 6.878505124495 
25.963293594599 6.880933008429 
25.986836347629 6.883285974666 
26.010309438823 6.885519614321 
26.033687153679 6.887631148208 
26.057036885054 6.889570686746 
26.080344565568 6.891332921859 
26.103663806080 6.892894816974 
26.126993765164 6.894205972382 
26.150372582439 6.895296273844 
26.173809985669 6.896188457581 
26.197329092474 6.896890226188 
26.220948829778 6.897409403943 
26.244603645008 6.897789436276 
26.268233558496 6.898053675222 
26.291830717391 6.898189477115 
26.315414448243 6.898171371226 
26.338984323391 6.897987748345 
26.362558023562 6.897619869355 
26.386146475065 6.897060453852 
26.409746422342 6.896317485242 
26.433394341867 6.895380330599 
26.457065785226 6.894282278129 
26.480810407829 6.893013353257 
26.504595644368 6.891616746744 
26.528479359248 6.890073775439 
26.552420335190 6.888434802756 
26.576333263985 6.886782732120 
26.600215718869 6.885151518522 
26.624063224599 6.883575686038 
26.647875075001 6.882077069785 
26.671650739708 6.880667052297 
26.695383471786 6.879355075070 
26.719074604715 6.878141482802 
26.742722567099 6.877019705925 
26.766329880466 6.875979980978 
26.789875703087 6.875025397503 
26.813315988552 6.874131854605 
26.836702683347 6.873310200673 
26.859969536267 6.872575444991 
26.883185462744 6.871856364265 
26.906298683344 6.871177429492 
26.929364450164 6.870518304460 
26.952362491613 6.869891510555 
26.975322541494 6.869275026626 
26.998250179732 6.868679478092 
27.021155087604 6.868110005080 
27.044061364431 6.867565095466 
27.066965956838 6.867056596928 
27.089902827356 6.866558973098 
27.112864649699 6.866063049139 
27.135886202854 6.865527397959 
27.158952862706 6.864926641616 
27.182055754849 6.864227677398 
27.205183913496 6.863411905140 
27.228366149248 6.862440980291 
27.251591902789 6.861304006617 
27.274887034750 6.859964325591 
27.298225640192 6.858413234357 
27.321604005963 6.856632942001 
27.345029071308 6.854615823176 
27.368501420180 6.852377524195 
27.392027826817 6.849946066430 
27.415609399825 6.847346632655 
27.439254105205 6.844580365521 
27.462960087870 6.841662996512 
27.486733367809 6.838624412972 
27.510566355360 6.835496598665 
27.534474217026 6.832259223316 
27.558447566926 6.828882996393 
27.582500497899 6.825330509101 
27.606623509661 6.821623254107 
27.630778886858 6.817806349411 
27.654945052263 6.813891080688 
27.679120633085 6.809880192599 
27.703307383558 6.805770060337 
27.727503732607 6.801564027034 
27.751712874739 6.797284287765 
27.775932941532 6.792932048866 
27.800167512721 6.788480500806 
27.824415096074 6.783923388200 
27.848679844529 6.779251439015 
27.872960814479 6.774450364487 
27.897262807285 6.769499206318 
27.921585660281 6.764389759635 
27.945934764354 6.759129617769 
27.970310752276 6.753731814962 
27.994704775046 6.748201293814 
28.019104043701 6.742548487116 
28.043509895836 6.736789638677 
28.067922095352 6.730947834471 
28.092341995665 6.725042463806 
28.116769353785 6.719100730892 
28.141205444509 6.713145616539 
28.165649575058 6.707179567109 
28.190100180355 6.701204065919 
28.214556986621 6.695226695299 
28.239020683102 6.689232464431 
28.263491974300 6.683188552074 
28.287960866461 6.677095890062 
28.312428509505 6.670965830124 
28.336895982698 6.664789971594 
28.361365442164 6.658553234707 
28.385830516445 6.652274733426 
28.410287890236 6.645980794435 
28.434737721122 6.639676112501 
28.459181523101 6.633355567157 
28.483621297067 6.627026380963 
28.508057982642 6.620709058830 
28.532492618110 6.614426612018 
28.556926654888 6.608200883404 
28.581362997927 6.602054458404 
28.605798864083 6.596020060938 
28.630233387648 6.590131447227 
28.654667939812 6.584414143542 
28.679104056609 6.578882637260 
28.703544342864 6.573542990646 
28.727990632009 6.568398256941 
28.752444548946 6.563450363118 
28.776908806096 6.558700971423 
28.801385371384 6.554153656369 
28.825877128577 6.549813976412 
28.850375214182 6.545694359986 
28.874875574673 6.541794371302 
28.899378758229 6.538103141199 
28.923884356192 6.534613598887 
28.948393075857 6.531323373898 
28.972904184194 6.528230481164 
28.997418632879 6.525327843608 
29.021935384479 6.522605702902 
29.046448636773 6.520051858024 
29.070960081957 6.517646678067 
29.095471168676 6.515375327758 
29.119979731794 6.513224046712 
29.144489457845 6.511165219136 
29.168997556699 6.509175957077 
29.193507831773 6.507242578387 
29.218017204830 6.505359953767 
29.242523907568 6.503515489793 
29.267026030846 6.501696133163 
29.291525884221 6.499893888992 
29.316021051832 6.498096383659 
29.340490427853 6.496292245318 
29.364936690200 6.494458708659 
29.389358854850 6.492574065035 
29.413758306731 6.490610550675 
29.438084648622 6.488559881236 
29.462328231522 6.486395660151 
29.486521376022 6.484078605455 
29.510660514001 6.481591915844 
29.534744660008 6.478921903803 
29.558772756092 6.476060890278 
29.582758490651 6.473003647288 
29.606731816113 6.469738382736 
29.630685552518 6.466270621598 
29.654650194217 6.462584032699 
29.678647924782 6.458668842566 
29.702680303704 6.454532790918 
29.726773188523 6.450168745200 
29.750954106630 6.445562754574 
29.775226661516 6.440722131521 
29.799609226117 6.435657341999 
29.824038984059 6.430432000566 
29.848485405291 6.425085524262 
29.872929903594 6.419660569795 
29.897379244392 6.414184940742 
29.921830331611 6.408679944234 
29.946290163349 6.403161943290 
29.970764257912 6.397654251768 
29.995241439354 6.392185937065 
30.019731805310 6.386770808383 
30.044228472125 6.381435697368 
30.068717686256 6.376216867638 
30.093206766543 6.371136115390 
30.117701495332 6.366204349669 
30.142192802277 6.361437965985 
30.166682298519 6.356841228589 
30.191173698535 6.352408360380 
30.215667596443 6.348136115846 
30.240168248522 6.344016843795 
30.264656321988 6.340053788927 
30.289132889260 6.336239579392 
30.313607229246 6.332561317793 
30.338080416470 6.329007565560 
30.362561221857 6.325555757187 
30.387051640288 6.322187813495 
30.411554278680 6.318892612417 
30.436078701857 6.315650445288 
30.460619299589 6.312448478957 
30.485175665649 6.309282457889 
30.509738085043 6.306155528239 
30.534300011246 6.303066410653 
30.558852997780 6.300020716059 
30.583398205606 6.297022699598 
30.607943478892 6.294067370688 
30.632494723503 6.291148565868 
30.657052722831 6.288269895584 
30.681606350357 6.285436734945 
30.706140680881 6.282643826751 
30.730666430192 6.279876814483 
30.755186083099 6.277127796571 
30.779680932651 6.274390777492 
30.804147114413 6.271657476985 
30.828589618933 6.268922232330 
30.853013329069 6.266176510934 
30.877425466357 6.263414008942 
30.901833812070 6.260630847995 
30.926243530931 6.257821176019 
30.950640641094 6.254988204323 
30.975028936773 6.252126752742 
30.999416494959 6.249232907956 
31.023808619223 6.246303814851 
31.048212997033 6.243329466152 
31.072636564032 6.240300965208 
31.097084623070 6.237211928298 
31.121562841555 6.234052139829 
31.146040867070 6.230830845931 
31.170510913742 6.227548311456 
31.194976183590 6.224196280609 
31.219439676752 6.220763016231 
31.243904670797 6.217239766995 
31.268374038292 6.213620528400 
31.292847026297 6.209897561287 
31.317322464386 6.206061679657 
31.341802873781 6.202101917844 
31.366290584012 6.198003863616 
31.390787450403 6.193750893428 
31.415293985024 6.189331163162 
31.439796859247 6.184746827788 
31.464294171982 6.179996507942 
31.488786402516 6.175082135432 
31.513280186714 6.170009570488 
31.537776364150 6.164793314078 
31.562280682246 6.159447870991 
31.586786863651 6.153996818929 
31.611297347630 6.148458831750 
31.635818156692 6.142849541987 
31.660352169580 6.137184188283 
31.684881228741 6.131491205781 
31.709392844892 6.125796726617 
31.733880219463 6.120120176393 
31.758345830106 6.114471735980 
31.782791185614 6.108859651220 
31.807219550641 6.103288067196 
31.831633547184 6.097763609621 
31.856037687493 6.092293728973 
31.880435832830 6.086882086356 
31.904832450780 6.081530940443 
31.929233384827 6.076243287111 
31.953642587015 6.071022430317 
31.978056821478 6.065877111807 
32.002475766143 6.060815392887 
32.026903049234 6.055841810488 
32.051345353261 6.050958047403 
32.075805968293 6.046166707750 
32.100287577397 6.041472632912 
32.124764010654 6.036900999929 
32.149238078817 6.032461451173 
32.173716015527 6.028161026146 
32.198186039847 6.024017759225 
32.222653035448 6.020041332483 
32.247120544461 6.016239213636 
32.271593184193 6.012612882787 
32.296074197372 6.009160809980 
32.320547285736 6.005889349711 
32.345015374880 6.002791814769 
32.369481986166 5.999857806727 
32.393949241950 5.997076390057 
32.418417528953 5.994437248479 
32.442883314131 5.991930870095 
32.467348707086 5.989543835765 
32.491815468946 5.987264979803 
32.516284483177 5.985088918312 
32.540756466248 5.983012660400 
32.565232305852 5.981030262032 
32.589712549558 5.979131946440 
32.614197789796 5.977306966090 
32.638688174743 5.975546507330 
32.663183234493 5.973842411843 
32.687683549707 5.972183647344 
32.712189342935 5.970556462492 
32.736701202518 5.968948017420 
32.761218799480 5.967351816027 
32.785742081619 5.965764918626 
32.810257669681 5.964187043934 
32.834760295414 5.962611376690 
32.859251370405 5.961030920946 
32.883733637152 5.959442564091 
32.908209682403 5.957843666980 
32.932683327810 5.956227749074 
32.957152051480 5.954586925905 
32.981617399526 5.952907956245 
33.006083482694 5.951176031165 
33.030554473845 5.949378810914 
33.055034782517 5.947503591063 
33.079528312812 5.945536218919 
33.104038622097 5.943465421470 
33.128568146672 5.941285042449 
33.153099867365 5.939000349325 
33.177635175736 5.936610806963 
33.202176582195 5.934117059993 
33.226726663083 5.931518476097 
33.251282348675 5.928814946128 
33.275840449729 5.926005376740 
33.300403767060 5.923085824913 
33.324974754240 5.920055018586 
33.349555624565 5.916913574564 
33.374148174819 5.913661579058 
33.398753371133 5.910299796355 
33.423368591685 5.906830377571 
33.447980382454 5.903262129924 
33.472590548810 5.899599928973 
33.497198604925 5.895848181939 
33.521800658427 5.892011329370 
