0.000000000000000000e+00 3.575219420000053105e-02
5.000000000000000104e-03 2.226392048244752592e-02
1.324999999999999963e-02 8.288357574794957963e-06
2.699999999999999969e-02 7.986572845414486650e-06
4.212500000000000272e-02 7.428638691076017153e-06
5.876250000000000223e-02 7.024623741617652280e-06
7.706375000000000031e-02 6.631060789665674601e-06
9.719512499999999333e-02 6.267716813517625266e-06
1.193396374999999981e-01 5.930210175599191690e-06
1.432130680049999993e-01 5.617644610681517676e-06
1.671244451280000098e-01 5.346526797721102951e-06
1.910704304359999994e-01 5.114620071422811512e-06
2.150481957510000097e-01 4.917327337594186706e-06
2.390550907010000059e-01 4.749072741779462685e-06
2.630887644279999993e-01 4.604781735435977881e-06
2.871471187499999855e-01 4.480438982177724953e-06
3.112281579339999937e-01 4.372757141425634208e-06
3.353302442960000018e-01 4.278924367939704918e-06
3.594516539550000056e-01 4.196661908973670599e-06
3.835910740549999809e-01 4.124159817221680034e-06
4.077470981290000074e-01 4.059877953779928292e-06
4.319186197600000110e-01 4.002626389524751654e-06
4.561045411710000219e-01 3.951402642680894245e-06
4.803038812000000046e-01 3.905363255990421359e-06
5.045157992719999651e-01 3.863847086877843860e-06
5.287394058380000539e-01 3.826290596687296388e-06
5.529740618870000457e-01 3.792244908666165305e-06
5.772189571210000203e-01 3.761323048534338088e-06
6.014735617530000411e-01 3.733194602412680597e-06
6.257372538730000544e-01 3.707605381487161488e-06
6.500095279850000018e-01 3.684332982706447529e-06
6.742899173340000107e-01 3.663146392637805926e-06
6.985779263260000205e-01 3.643888149027676017e-06
7.228732234420000013e-01 3.626453167784645131e-06
7.471753038020000348e-01 3.610690364436131962e-06
7.714838985269999450e-01 3.596466537376349710e-06
7.957986068969999938e-01 3.583697950079822761e-06
8.201191551659999801e-01 3.572293024721769247e-06
8.444452490810000489e-01 3.562190462081757194e-06
8.687765899930000035e-01 3.553341116800332208e-06
8.931129777299999795e-01 3.545643348512254292e-06
9.174540840389999730e-01 3.539031337848167951e-06
9.417997543089999812e-01 3.533481073409896165e-06
9.661496956120000368e-01 3.528930340261717244e-06
9.905037523849999914e-01 3.525352142164264240e-06
1.014861712224000012e+00 3.522707692104918281e-06
1.039223380336999902e+00 3.520908748744858332e-06
1.063588622741999945e+00 3.519998890772730970e-06
1.087957202926999933e+00 3.519913270734734618e-06
1.112329028053999913e+00 3.520569515156709850e-06
1.136703860634000085e+00 3.522008429990395698e-06
1.161081607077999900e+00 3.524203859805218095e-06
1.185462105103999964e+00 3.527076534103770300e-06
1.209844085789000045e+00 3.530611837160320230e-06
1.234226740086999952e+00 3.534824246281679206e-06
1.258610017412000071e+00 3.539656437471549613e-06
1.282993901793000102e+00 3.545108428214642199e-06
1.307378341561000079e+00 3.551200868471001731e-06
1.331763318746000069e+00 3.557850453168564223e-06
1.356148799749999911e+00 3.565078608422335158e-06
1.380534752980999924e+00 3.572884008213276685e-06
1.404921163135000040e+00 3.581206237171486670e-06
1.429307983489999989e+00 3.590065415488303645e-06
1.453695203866000041e+00 3.599420046118810646e-06
1.478082784317999998e+00 3.609291164674679989e-06
1.502470707964999930e+00 3.619677404118303428e-06
1.526858953399000018e+00 3.630518364265352051e-06
1.551247488485999915e+00 3.641833421849297082e-06
1.575636307035999994e+00 3.653603179040517653e-06
1.600025362378999949e+00 3.665807264143260590e-06
1.624414648589000087e+00 3.678443880938301325e-06
1.648804140353999914e+00 3.691514402671503242e-06
1.673193815455999989e+00 3.705017487338416459e-06
1.697583666429000049e+00 3.718913529173075020e-06
1.721973653218999978e+00 3.733202191457370797e-06
1.746363771905999895e+00 3.747903101783888192e-06
1.770753995765000033e+00 3.762996703491915460e-06
1.795144308930999966e+00 3.778460935189792314e-06
1.819534703348999916e+00 3.794276910351651366e-06
1.843925144830999896e+00 3.810485164857529542e-06
1.868315630247000092e+00 3.827044137274966662e-06
1.892706134201999957e+00 3.843934061791661078e-06
1.917096643677000056e+00 3.861194481785517361e-06
1.941487152999000099e+00 3.878785959004325399e-06
1.965877628984000092e+00 3.896708215631615681e-06
1.990268070253000010e+00 3.914960334093902178e-06
2.014658455764000156e+00 3.933543282510625128e-06
2.039048771737999921e+00 3.952455477378821107e-06
2.063439018112000145e+00 3.971698807201583713e-06
2.087829157673999791e+00 3.991211776401629513e-06
2.112219191881000047e+00 4.011033305859712411e-06
2.136609107331000068e+00 4.031206182679505313e-06
2.160998885754000121e+00 4.051647274006437085e-06
2.185388527269000125e+00 4.072357480996223496e-06
2.209778003229000198e+00 4.093378147153932236e-06
2.234167310207999968e+00 4.114707077735461677e-06
2.258556446028999964e+00 4.136305451566488092e-06
2.282945381582000000e+00 4.158173085081121131e-06
2.307334118616000129e+00 4.180349590590857278e-06
2.331722643355000013e+00 4.202774857898229712e-06
2.356110941678999815e+00 4.225468167706986074e-06
2.380499015198000112e+00 4.248450870860223727e-06
2.404886839352000205e+00 4.271682547886310302e-06
2.429274410700999809e+00 4.295181229969599001e-06
2.453661732774000015e+00 4.318949568358170085e-06
2.478048772009000089e+00 4.342987534673948179e-06
2.502435533327000083e+00 4.367251356438312269e-06
2.526822013536000000e+00 4.391784711468075647e-06
2.551208189976000185e+00 4.416586915540659711e-06
2.575594065408000066e+00 4.441616035426481725e-06
2.599979629418999849e+00 4.466893973127251041e-06
2.624364869174999892e+00 4.492419588165357643e-06
2.648749786471999990e+00 4.518213728009503744e-06
2.673134365836999926e+00 4.544236229502946636e-06
2.697518600408999934e+00 4.570485234977089055e-06
2.721902494028999975e+00 4.596982778351141941e-06
2.746286024494000166e+00 4.623729443761539857e-06
2.770669190501999779e+00 4.650722521070576542e-06
2.795051997948999833e+00 4.677923344225172390e-06
2.819434420718000212e+00 4.705352975557418906e-06
2.843816461124999861e+00 4.733028535340775017e-06
2.868198126239000167e+00 4.760953959358696629e-06
2.892578544742999913e+00 4.789072512813907866e-06
2.916957472348999936e+00 4.817399643126414910e-06
2.941334940117000141e+00 4.845984699056631285e-06
2.965710834019000153e+00 4.874766764695011321e-06
2.990085179793000147e+00 4.903772230503859050e-06
3.014458009570000208e+00 4.933015602776673823e-06
3.038829207055000037e+00 4.962497298579269388e-06
3.063198801457999831e+00 4.992181621469592911e-06
3.087566826171999956e+00 5.022062179808616485e-06
3.111933173808000053e+00 5.052201461306346190e-06
3.136297869392000059e+00 5.082544226352104144e-06
3.160660944079999979e+00 5.113103414271491962e-06
3.185022299813999869e+00 5.143900810168038814e-06
3.209381956365000121e+00 5.174881991632214165e-06
3.233739942919000132e+00 5.206098433398873471e-06
3.258096182371000182e+00 5.237552647754976889e-06
3.282450681293000105e+00 5.269192784797121071e-06
3.306803463268999987e+00 5.301046371570887834e-06
3.331154472440999825e+00 5.333137331329383818e-06
3.355503701197000144e+00 5.365437131333950815e-06
3.379851167852999883e+00 5.397947459852674100e-06
3.404196849594999907e+00 5.430674599789766132e-06
3.428540709946000131e+00 5.463613528818442652e-06
3.452882771519000027e+00 5.496759734340266988e-06
3.477223038014999990e+00 5.530123799633906157e-06
3.501561440561999916e+00 5.563722789692901921e-06
3.525898011884999850e+00 5.597503524591267809e-06
3.550232791820000067e+00 5.631503375855454423e-06
3.574565666833000144e+00 5.665721654814557504e-06
3.598896683630000037e+00 5.700160715053901765e-06
3.623225884877999903e+00 5.734817338359163703e-06
3.647553171015999851e+00 5.769672388150651799e-06
3.671878572693000109e+00 5.804730945807915701e-06
3.696202121166999977e+00 5.840022517719872375e-06
3.720523772915000027e+00 5.875511449787995846e-06
3.744843515486000030e+00 5.911210195081680310e-06
3.769161372294000056e+00 5.947157154485738459e-06
3.793477351678999909e+00 5.983281757985842755e-06
3.817791386001000209e+00 6.019620936172317484e-06
3.842103514723000046e+00 6.056200689152313456e-06
3.866413795300999823e+00 6.092980014788974418e-06
3.890722100191999822e+00 6.129959290539954803e-06
3.915028484885000104e+00 6.167158824994741661e-06
3.939332988552000092e+00 6.204572877471598761e-06
3.963635549621999932e+00 6.242205399837179335e-06
3.987936175408000050e+00 6.280045757125484414e-06
4.012234888817999945e+00 6.318113207894409049e-06
4.036531706748999859e+00 6.356399887991438455e-06
4.060826557757000188e+00 6.394880971350100814e-06
4.085119487654999659e+00 6.433580956410206690e-06
4.109410554607999977e+00 6.472501076259869240e-06
4.133699638370999629e+00 6.511642177360492613e-06
4.157986792185999647e+00 6.551024320653262051e-06
4.182272053869000139e+00 6.590597039581876913e-06
4.206555393044999924e+00 6.630368469976441738e-06
4.230836787121000420e+00 6.670391591083825984e-06
4.255116272131999722e+00 6.710615383676716823e-06
4.279393894825999745e+00 6.751060580515788202e-06
4.303669544143000181e+00 6.791724928354748754e-06
4.327943280849000374e+00 6.832606942652059946e-06
4.352215154598000346e+00 6.873744508439955717e-06
4.376485102481000311e+00 6.915060732155723134e-06
4.400753135168000263e+00 6.956604191399423553e-06
4.425019282879000038e+00 6.998392405329441677e-06
4.449283577285999769e+00 7.040380833948241314e-06
4.473545930451000352e+00 7.082606944757378271e-06
4.497806399985999626e+00 7.125049458879363366e-06
4.522065043123999928e+00 7.167728691394747844e-06
4.546321779890000414e+00 7.210628247081709585e-06
4.570576638579000317e+00 7.253732207203899620e-06
4.594829647646999859e+00 7.297081585809508955e-06
4.619080835242000305e+00 7.340672388525149496e-06
4.643330120659999949e+00 7.384458669543513176e-06
4.667577562443000261e+00 7.428481122668535184e-06
4.691823220955999574e+00 7.472760914972615892e-06
4.716067014830000126e+00 7.517261422809522131e-06
4.740308974171999701e+00 7.561986151348465999e-06
4.764549129701999952e+00 7.606934116421583172e-06
4.788787517113999748e+00 7.652103409524757188e-06
4.813024047563000174e+00 7.697531018872299160e-06
4.837258784473999818e+00 7.743193330574883786e-06
4.861491787007000021e+00 7.789090759303716086e-06
4.885722988273999867e+00 7.835209420846009560e-06
4.909952404211000321e+00 7.881553132300968471e-06
4.934180071958000013e+00 7.928177510722798319e-06
4.958406046650999599e+00 7.975003937808172847e-06
4.982630215027000098e+00 8.022070836381484484e-06
5.006852649580999959e+00 8.069392021059252438e-06
5.031073403689999779e+00 8.116944200931773919e-06
5.055292441021999927e+00 8.164759202577883331e-06
5.079509747184999924e+00 8.212802478158036281e-06
5.103725369848000071e+00 8.261078586600088559e-06
5.127939389135000248e+00 8.309599121342395826e-06
5.152151663170999818e+00 8.358363990388994287e-06
5.176362271833999884e+00 8.407403641708516951e-06
5.200571258326999846e+00 8.456667610982650433e-06
5.224778632898999575e+00 8.506174643488812975e-06
5.248984334751000347e+00 8.555956263549260383e-06
5.273188426252000127e+00 8.605969538262633252e-06
5.297390975431000015e+00 8.656220461354361973e-06
5.321591893499999948e+00 8.706755385351989260e-06
5.345791218900999731e+00 8.757531441526110404e-06
5.369988988145999897e+00 8.808542972880632258e-06
5.394185270029000279e+00 8.859839604256282051e-06
5.418379941327000182e+00 8.911377735997933717e-06
5.442573083172000281e+00 8.963166616031681603e-06
5.466764747034999594e+00 9.015204133557430004e-06
5.490954912952999756e+00 9.067526523375273474e-06
5.515143550663999861e+00 9.120118708037256567e-06
5.539330717052999731e+00 9.172940315070712540e-06
5.563516488979000307e+00 9.226041422737662323e-06
5.587700766202000402e+00 9.279427159780046606e-06
5.611883598991999733e+00 9.333050794913255326e-06
5.636065023995000089e+00 9.386930294254329963e-06
5.660245103429000224e+00 9.441095357361748404e-06
5.684423721862000178e+00 9.495542080808992003e-06
5.708600960769000032e+00 9.550237446588677044e-06
5.732776873968999709e+00 9.605198331385842079e-06
5.756951453313000400e+00 9.660465153438982654e-06
5.781124657100000341e+00 9.715982145913257105e-06
5.805296548261999590e+00 9.771767300504238446e-06
5.829467199856000370e+00 9.827850948243851368e-06
5.853636523689999649e+00 9.884199097148012826e-06
5.877804558283999725e+00 9.940805736714981595e-06
5.901971345489999798e+00 9.997721606261343369e-06
5.926136977128999561e+00 1.005492432539928382e-05
5.950301304025000348e+00 1.011237197544054568e-05
5.974464419417000016e+00 1.017012777849277244e-05
5.998626366977999780e+00 1.022818506619280291e-05
6.022787173442999631e+00 1.028650677900569527e-05
6.046946762581000279e+00 1.034512418522383970e-05
6.071105208365000117e+00 1.040402816956317595e-05
6.095262573983999843e+00 1.046320035558898325e-05
6.119418826595000027e+00 1.052269895292182646e-05
6.143573949799000289e+00 1.058248371662828046e-05
6.167728002508000351e+00 1.064253329244423090e-05
6.191881063059000212e+00 1.070292386039485308e-05
6.216033032801999703e+00 1.076357914202280604e-05
6.240183961353999997e+00 1.082452963519191682e-05
6.264333890139000438e+00 1.088582713030728320e-05
6.288482914900000331e+00 1.094739055303181660e-05
6.312630885346999676e+00 1.100924028209802521e-05
6.336777896813000410e+00 1.107141605155551501e-05
6.360923990060999955e+00 1.113390835268125679e-05
6.385069210602000389e+00 1.119670628461170710e-05
6.409213464192999865e+00 1.125980205157111206e-05
6.433356831802999665e+00 1.132320178801494377e-05
6.457499369535000255e+00 1.138690347336532910e-05
6.481641078245999665e+00 1.145095253456330413e-05
6.505781908641999678e+00 1.151531156130762077e-05
6.529921930396000107e+00 1.157995308573260817e-05
6.554061210463999920e+00 1.164494688392846248e-05
6.578199699039999793e+00 1.171024644295027169e-05
6.602337397773999861e+00 1.177586758255497315e-05
6.626474362673000051e+00 1.184183242819441626e-05
6.650610673774999704e+00 1.190811348203294445e-05
6.674746244994000044e+00 1.197470012809107587e-05
6.698881114583000063e+00 1.204162147742050603e-05
6.723015329389999906e+00 1.210888566477247276e-05
6.747148977895999877e+00 1.217645348716408357e-05
6.771281931926999675e+00 1.224438915516110034e-05
6.795414272146000023e+00 1.231265091642076966e-05
6.819546033878999935e+00 1.238121536847452648e-05
6.843677307690000156e+00 1.245016845714881698e-05
6.867807954485000366e+00 1.251944684290868109e-05
6.891938069143000334e+00 1.258902512462370441e-05
6.916067691191000399e+00 1.265897469978124736e-05
6.940196876821000060e+00 1.272929220447959802e-05
6.964325522912999666e+00 1.279994834227400528e-05
6.988453714509000214e+00 1.287092433565485193e-05
7.012581499969000376e+00 1.294225338914457916e-05
7.036708914250000113e+00 1.301397071370400402e-05
7.060835875873999967e+00 1.308602210005003409e-05
7.084962464526999959e+00 1.315841302452564906e-05
7.109088732806999822e+00 1.323118324023953481e-05
7.133214688747999688e+00 1.330429966257327918e-05
7.157340278220000407e+00 1.337776557426310189e-05
7.181465573250999768e+00 1.345161135834301616e-05
7.205590632877999724e+00 1.352583746411990737e-05
7.229715451988999675e+00 1.360040962815869928e-05
7.253839990049000264e+00 1.367534818229986474e-05
7.277964315761000336e+00 1.375066612886003603e-05
7.302088490170000057e+00 1.382636817250347346e-05
7.326212489446000120e+00 1.390243680441342002e-05
7.350336292241999914e+00 1.397884652749454506e-05
7.374459961740999603e+00 1.405567609214430058e-05
7.398583563102000049e+00 1.413286845674301366e-05
7.422707067876999965e+00 1.421044779284974099e-05
7.446830459829000048e+00 1.428842874948836729e-05
7.470953801009000195e+00 1.436676598335496036e-05
7.495077156207999636e+00 1.444551039020591181e-05
7.519200486921000071e+00 1.452464105960178027e-05
7.543323787491000409e+00 1.460417019086462873e-05
7.567447116632999737e+00 1.468409666181711765e-05
7.591570540899000186e+00 1.476440701925808648e-05
7.615694025095000264e+00 1.484510334045177202e-05
7.639817560783000339e+00 1.492621845899867573e-05
7.663941207550999835e+00 1.500777135295840503e-05
7.688065029420999785e+00 1.508968839567502349e-05
7.712188989194999955e+00 1.517201136662223941e-05
7.736313081007000214e+00 1.525475208849045398e-05
7.760437363224999885e+00 1.533790887314080952e-05
7.784561899367999693e+00 1.542148743534154054e-05
7.808686663860999744e+00 1.550547154969790099e-05
7.832811639781000146e+00 1.558987524206417735e-05
7.856936888509999939e+00 1.567471459649140875e-05
7.881062468754000072e+00 1.575997440351173780e-05
7.905188361332999847e+00 1.584563938870403230e-05
7.929314543532999693e+00 1.593174488458931306e-05
7.953441077645999613e+00 1.601828563706737883e-05
7.977568019612999883e+00 1.610526108150138119e-05
8.001695369422000326e+00 1.619268262086617763e-05
8.025823085788999833e+00 1.628052754026388356e-05
8.049951235927000681e+00 1.636878590211080100e-05
8.074079868926000714e+00 1.645753778086128408e-05
8.098208998844999229e+00 1.654671447579834931e-05
8.122338570967000848e+00 1.663633789673964241e-05
8.146468655428000361e+00 1.672643627998762650e-05
8.170599296421000801e+00 1.681693619774136960e-05
8.194730534876999428e+00 1.690792253965870879e-05
8.218862289826999401e+00 1.699938209108396952e-05
8.242994638313000166e+00 1.709129535815242490e-05
8.267127615576999489e+00 1.718366621147899019e-05
8.291261284463999459e+00 1.727650203171891239e-05
8.315395542751000235e+00 1.736979583746207866e-05
8.339530472397999716e+00 1.746358349835594784e-05
8.363666101640999884e+00 1.755784394078004407e-05
8.387802511589999455e+00 1.765256285956472558e-05
8.411939597965000459e+00 1.774780813580383184e-05
8.436077426259000589e+00 1.784350728536375871e-05
8.460216033016999759e+00 1.793967847352768427e-05
8.484355488185000738e+00 1.803634134712030299e-05
8.508495720416000552e+00 1.813350864848113349e-05
8.532636762924999729e+00 1.823119988873404262e-05
8.556778660108999901e+00 1.832936204254894888e-05
8.580921471856999716e+00 1.842800159689907282e-05
8.605065171729000539e+00 1.852718675368253656e-05
8.629209748653000389e+00 1.862686462408508776e-05
8.653355258597999367e+00 1.872705453970205836e-05
8.677501747616000571e+00 1.882775170259283910e-05
8.701649229661999385e+00 1.892897464324299001e-05
8.725797649378000287e+00 1.903073102350280824e-05
8.749947053890000603e+00 1.913296927307175328e-05
8.774097465597000323e+00 1.923576850068963750e-05
8.798248888091000808e+00 1.933910948593333252e-05
8.822401236090000154e+00 1.944296321463757842e-05
8.846554534618000787e+00 1.954734866452575626e-05
8.870708805618999548e+00 1.965228460987230867e-05
8.894864027131999862e+00 1.975775203662953440e-05
8.919020116822000688e+00 1.986375056925812570e-05
8.943177103937999917e+00 1.997032676466153626e-05
8.967334994891000832e+00 2.007746471433645774e-05
8.991493757025999400e+00 2.018515423442495568e-05
9.015653323250999662e+00 2.029339476748958222e-05
9.039813711752000103e+00 2.040218862512680826e-05
9.063974948373999752e+00 2.051155556764417334e-05
9.088136956165000058e+00 2.062149651546212509e-05
9.112299711048999384e+00 2.073201654524009665e-05
9.136463221063999995e+00 2.084310982490855001e-05
9.160627523903999148e+00 2.095478929740719767e-05
9.184792503141000708e+00 2.106706337942395576e-05
9.208958176412000540e+00 2.117992039539064804e-05
9.233124550947000131e+00 2.129335277742391567e-05
9.257291659703000164e+00 2.140740742259486472e-05
9.281459359136999154e+00 2.152205931841746884e-05
9.305627690799999741e+00 2.163732247934282667e-05
9.329796667292999501e+00 2.175319115468723620e-05
9.353966295920999485e+00 2.186965525606421475e-05
9.378136475610000744e+00 2.198676732968081257e-05
9.402307232700000128e+00 2.210451816887384378e-05
9.426478580401999707e+00 2.222285895592927027e-05
9.450650469423999667e+00 2.234183415487382473e-05
9.474822862872999352e+00 2.246147003474864535e-05
9.498995788737000012e+00 2.258173587611766669e-05
9.523169276472000178e+00 2.270266033087734340e-05
9.547343204382000792e+00 2.282423147392851590e-05
9.571517583387999295e+00 2.294644862157301979e-05
9.595692426265999941e+00 2.306930962864702064e-05
9.619867749038000682e+00 2.319286551277531186e-05
9.644043456833999883e+00 2.331711433378021658e-05
9.668219570570000698e+00 2.344199637630093192e-05
9.692396119462999948e+00 2.356757380083756326e-05
9.716573039284000401e+00 2.369384871353352916e-05
9.740750271529000415e+00 2.382079194061720225e-05
9.764927852986000190e+00 2.394845515364913362e-05
9.789105831016000181e+00 2.407682387390080780e-05
9.813284063635000720e+00 2.420588021141709944e-05
9.837462592062999889e+00 2.433567138221173065e-05
9.861641428971999801e+00 2.446617466567001191e-05
9.885820538408999880e+00 2.459739002873688902e-05
9.909999850974999802e+00 2.472935578180050154e-05
9.934179379269000520e+00 2.486206484973848421e-05
9.958359187423999614e+00 2.499551845571343673e-05
9.982539127779000765e+00 2.512971965134627931e-05
1.000671925624999936e+01 2.526467512924015883e-05
1.003089957442900015e+01 2.540038331440289734e-05
1.005508006092500040e+01 2.553687145487679793e-05
1.007926062691199931e+01 2.567412729431962839e-05
1.010344131434499992e+01 2.581218062428348751e-05
1.012762213502699993e+01 2.595102001599219288e-05
1.015180295850099945e+01 2.609066827136743158e-05
1.017598383190700062e+01 2.623110664683808919e-05
1.020016477618499984e+01 2.637234906809026027e-05
1.022434577331599925e+01 2.651443568059377902e-05
1.024852673364000033e+01 2.665735493016272321e-05
1.027270769808099971e+01 2.680109726784807932e-05
1.029688867133400088e+01 2.694564695626531069e-05
1.032106953624500001e+01 2.709108678278099257e-05
1.034525029758500025e+01 2.723740166437495818e-05
1.036943101483699969e+01 2.738456438777794473e-05
1.039361159294699988e+01 2.753259204216767459e-05
1.041779202723800068e+01 2.768151347887669856e-05
1.044197235214899955e+01 2.783132632666431421e-05
1.046615253299900061e+01 2.798203473161835588e-05
1.049033248922900086e+01 2.813368196245487712e-05
1.051451225492399999e+01 2.828623266551858885e-05
1.053869184666999992e+01 2.843970154356442124e-05
1.056287113244300002e+01 2.859413528037676241e-05
1.058705012125400025e+01 2.874950098555855159e-05
1.061122887766699918e+01 2.890583479236446163e-05
1.063540728054399942e+01 2.906315294884245033e-05
1.065958533289600041e+01 2.922141578011654023e-05
1.068376308401700037e+01 2.938069703501443441e-05
1.070794048434200008e+01 2.954098953130926696e-05
1.073211745856499988e+01 2.970226169086683652e-05
1.075629404316300075e+01 2.986457372343743490e-05
1.078047020195899997e+01 3.002793124917155579e-05
1.080464586159400042e+01 3.019233812159491642e-05
1.082882104740600049e+01 3.035779779877786758e-05
1.085299574787399912e+01 3.052431337504242200e-05
1.087716985326700048e+01 3.069193923399449495e-05
1.090134342913600030e+01 3.086066312451014979e-05
1.092551648418099930e+01 3.103047965625542145e-05
1.094968886676899977e+01 3.120142745620496888e-05
1.097386065381700071e+01 3.137350717049145523e-05
1.099803185545500028e+01 3.154674344109865329e-05
1.102220231927000071e+01 3.172115374404270102e-05
1.104637209358599925e+01 3.189671927493494918e-05
1.107054118167699919e+01 3.207350190807482370e-05
1.109470947652899930e+01 3.225148902331844878e-05
1.111887697004400088e+01 3.243068661884396134e-05
1.114304367201800083e+01 3.261116041327491119e-05
1.116720950819300029e+01 3.279285041279875461e-05
1.119137448628899989e+01 3.297581925293392014e-05
1.121553859280800047e+01 3.316009856818669479e-05
1.123970176074499960e+01 3.334566073685006681e-05
1.126386398611500006e+01 3.353256285314120083e-05
1.128802527156400082e+01 3.372081699202143475e-05
1.131218553740499999e+01 3.391040768230675585e-05
1.133634474993399976e+01 3.410138011526608366e-05
1.136050291303500082e+01 3.429375474465980769e-05
1.138465996757000021e+01 3.448754152749654777e-05
1.140881587328700064e+01 3.468277901271147961e-05
1.143297060704900048e+01 3.487946444651198011e-05
1.145712413327800050e+01 3.507761362625441936e-05
1.148127638066299916e+01 3.527726526842493016e-05
1.150542740215199977e+01 3.547845473341983195e-05
1.152957711026600052e+01 3.568117096381113448e-05
1.155372543267900021e+01 3.588545232727786673e-05
1.157787242634899982e+01 3.609134215879602396e-05
1.160201804755000055e+01 3.629880974162251939e-05
1.162616214555900029e+01 3.650792534020821332e-05
1.165030477659900043e+01 3.671871396227757364e-05
1.167444589893399964e+01 3.693115985403765654e-05
1.169858539805400000e+01 3.714533103015687647e-05
1.172272330832699971e+01 3.736124900312401816e-05
1.174685959672100033e+01 3.757891690619992393e-05
1.177099413500100056e+01 3.779836853710293417e-05
1.179512692812000019e+01 3.801965323579709554e-05
1.181925794700599930e+01 3.824277592794608543e-05
1.184338711250500076e+01 3.846776692374790632e-05
1.186751441147599984e+01 3.869467193347557471e-05
1.189163981356700006e+01 3.892351951816483597e-05
1.191576322057400006e+01 3.915433479298204543e-05
1.193988467503199935e+01 3.938715903385539438e-05
1.196400408198599941e+01 3.962199291641856514e-05
1.198812128252200004e+01 3.985887777629510748e-05
1.201223636057300048e+01 4.009788210527111664e-05
1.203634925418399959e+01 4.033903471129736168e-05
1.206045981442299997e+01 4.058234566784555569e-05
1.208456809231599927e+01 4.082783957610091658e-05
1.210867401325399939e+01 4.107559830516414260e-05
1.213277745983200084e+01 4.132562799206215555e-05
1.215687840196200042e+01 4.157796917209649764e-05
1.218097684706300043e+01 4.183267389795202417e-05
1.220507263585099977e+01 4.208978662305821832e-05
1.222916577494400059e+01 4.234933559259188029e-05
1.225325624157300020e+01 4.261133920969147960e-05
1.227734383705900001e+01 4.287590315900491182e-05
1.230142865498699933e+01 4.314303212118646505e-05
1.232551061321500008e+01 4.341005221910320002e-05
1.234958945480799919e+01 4.367978657612621321e-05
1.237366519495300032e+01 4.395368751225437950e-05
1.239773792549899945e+01 4.423094374029293974e-05
1.242180734959000077e+01 4.451111347851679318e-05
1.244587354240599986e+01 4.479423141563673309e-05
1.246993649158500084e+01 4.508023326434100481e-05
1.249399598592500027e+01 4.536924622358443467e-05
1.251805199298100035e+01 4.566127079488178664e-05
1.254210463338199943e+01 4.595641337644121646e-05
1.256615342195000018e+01 4.625459738056562946e-05
1.259019857880699966e+01 4.655606038226934733e-05
1.261424003237300084e+01 4.686066999015776993e-05
1.263827755863800029e+01 4.716860535203881369e-05
1.266231107971199954e+01 4.747983379324513802e-05
1.268634070537600067e+01 4.779252417448322303e-05
1.271036617508599953e+01 4.810949136047006932e-05
1.273438730317399958e+01 4.843051506099939373e-05
1.275840422201600077e+01 4.875524299486879093e-05
1.278241671079999975e+01 4.908367878790865721e-05
1.280642471563800022e+01 4.941589379489841815e-05
1.283042819685899971e+01 4.975191702610844244e-05
1.285442707819800034e+01 5.009179944080487449e-05
1.287842115533000076e+01 5.043563539490443704e-05
1.290241050527900057e+01 5.078347146547768613e-05
1.292639498671399956e+01 5.113535254387667776e-05
1.295037432473700001e+01 5.149138318028897721e-05
1.297434857943800068e+01 5.185163416798346201e-05
1.299831776713499920e+01 5.221614537788349462e-05
1.302228145517199920e+01 5.258501050649758726e-05
1.304623967504699955e+01 5.295829029681993163e-05
1.307019231265399917e+01 5.333604591295043563e-05
1.309413944049700085e+01 5.371839581110718001e-05
1.311808053215800030e+01 5.410539110689195375e-05
1.314201583852899979e+01 5.449712015038398968e-05
1.316594519592299939e+01 5.489363712411153676e-05
1.318986836947200025e+01 5.529503120457527184e-05
1.321378532622900082e+01 5.570142092934082237e-05
1.323769622432699933e+01 5.611282537866836020e-05
1.326160045111000052e+01 5.652934569601323142e-05
1.328549829322200004e+01 5.695111745251394601e-05
1.330938962337400078e+01 5.737816066340978684e-05
1.333327406574900031e+01 5.781054570809736652e-05
1.335715154976299957e+01 5.824840973260884611e-05
1.338102204885199953e+01 5.869181736724078289e-05
1.340488539619400044e+01 5.914082527915243668e-05
1.342874134146899934e+01 5.959553406413152266e-05
1.345258963362300086e+01 6.005604131401184528e-05
1.347643065471599932e+01 6.052241383762772109e-05
1.350026368640699914e+01 6.099471649967071673e-05
1.352408889280200022e+01 6.147306924463866791e-05
1.354790634974900065e+01 6.195755276012279277e-05
1.357171570835999930e+01 6.244821439858933194e-05
1.359551680748499969e+01 6.294516168754417341e-05
1.361930996160299934e+01 6.344845429590488344e-05
1.364309303515200078e+01 6.395806107027671096e-05
1.366686567710300082e+01 6.447408491318768018e-05
1.369062766134499931e+01 6.499664109590981087e-05
1.371437874360800002e+01 6.552580118346250295e-05
1.373811905683399992e+01 6.606163686574564962e-05
1.376184835062800005e+01 6.660424480757507826e-05
1.378556649965899972e+01 6.715366495211646657e-05
1.380927367083899959e+01 6.770996489532979899e-05
1.383296938073200089e+01 6.827321303226357074e-05
1.385665356395699988e+01 6.884346653460428843e-05
1.388032627221200066e+01 6.942079094699483966e-05
1.390398734840900019e+01 7.000523109498370310e-05
1.392763652240799921e+01 7.059686287231419497e-05
1.395127406611599952e+01 7.119572781936318005e-05
1.397489955866299915e+01 7.180183263129382679e-05
1.399851308743600065e+01 7.241530629650723145e-05
1.402211471964199951e+01 7.303611803121331267e-05
1.404570383240399956e+01 7.366429184212192559e-05
1.406928064897000041e+01 7.429992264780708815e-05
1.409284461108500075e+01 7.494298870865208817e-05
1.411639618422099929e+01 7.559353693232701596e-05
1.413993509567499984e+01 7.625159555314492529e-05
1.416346116016599943e+01 7.691719176742734562e-05
1.418697467586600069e+01 7.759033817376314289e-05
1.421047548795199944e+01 7.827106283230647935e-05
1.423396324109599931e+01 7.895933037649222335e-05
1.425743847038799927e+01 7.965521005253051341e-05
1.428090068689700054e+01 8.035865469415139572e-05
1.430435013221100071e+01 8.106968185828747613e-05
1.432778701843600011e+01 8.178833173454990162e-05
1.435121081955399980e+01 8.251453383842207920e-05
1.437462224671400080e+01 8.324834144803317751e-05
1.439802091023200070e+01 8.398966785620318642e-05
1.442140674597099981e+01 8.473854350526510010e-05
1.444478014386499964e+01 8.549498686276769781e-05
1.446814098957799999e+01 8.625889956508907155e-05
1.449148904959799999e+01 8.703031386442269097e-05
1.451482506037999975e+01 8.780922015551003226e-05
1.453814841961900051e+01 8.859556324811820492e-05
1.456145962595999954e+01 8.938937445631657487e-05
1.458475896480100076e+01 9.019060178473825421e-05
1.460804592065900032e+01 9.099918867094301876e-05
1.463132150336799953e+01 9.181516786957925446e-05
1.465458527553099977e+01 9.263849818525058332e-05
1.467783726984900028e+01 9.346914229692033626e-05
1.470107808817500050e+01 9.430710532812113358e-05
1.472430766507400079e+01 9.515231401414355828e-05
1.474752587755700084e+01 9.600480886697170435e-05
1.477073373392200040e+01 9.686456803677525001e-05
1.479393055985699945e+01 9.773146930027434484e-05
1.481711712485600074e+01 9.860563891227212341e-05
1.484029386803899975e+01 9.948702522012887366e-05
1.486346027518099966e+01 1.003755288289570927e-04
1.488661770867999934e+01 1.012712454491576755e-04
1.490976573382499915e+01 1.021740812533417976e-04
1.493290448071799936e+01 1.030840312902965572e-04
1.495603483691300006e+01 1.040011426316050360e-04
1.497915665392799944e+01 1.049253322778132989e-04
1.500227023623000022e+01 1.058565780084468213e-04
1.502537546158900028e+01 1.067949194039422283e-04
1.504847324878999970e+01 1.077404126479523429e-04
1.507156375616800048e+01 1.086930026605291026e-04
1.509464676549399975e+01 1.096527714112649710e-04
1.511772380926900006e+01 1.106197704870806099e-04
1.514079451222900019e+01 1.115939180137876278e-04
1.516385904790999994e+01 1.125753104759202134e-04
1.518691858603500044e+01 1.135640335323485548e-04
1.520997320665900077e+01 1.145600310509284310e-04
1.523302296321699956e+01 1.155633414902888914e-04
1.525606939326599942e+01 1.165740629461856298e-04
1.527911163938600048e+01 1.175921713950538926e-04
1.530215125908000040e+01 1.186177682574181649e-04
1.532518845041099986e+01 1.196507939093626838e-04
1.534822313573100061e+01 1.206913013631219034e-04
1.537125704648200042e+01 1.217394244895555881e-04
1.539429003627200032e+01 1.227949984309919531e-04
1.541732218723699965e+01 1.238580754833505464e-04
1.544035505231999927e+01 1.249288058966547285e-04
1.546338849944599936e+01 1.260071053299815277e-04
1.548642319770999976e+01 1.270930242352560793e-04
1.550946026038699976e+01 1.281865173983742757e-04
1.553249901958599999e+01 1.292875589860958930e-04
1.555554144557100038e+01 1.303962216310903144e-04
1.557858743352599973e+01 1.315123396146567879e-04
1.560163709635999929e+01 1.326359755334957603e-04
1.562469192481199975e+01 1.337672823515728899e-04
1.564775206445700029e+01 1.349061225546037662e-04
1.567081777523499930e+01 1.360525931286502032e-04
1.569389075609099926e+01 1.372067352379251627e-04
1.571697004813599996e+01 1.383684858180145750e-04
1.574005743578000072e+01 1.395381710081004258e-04
1.576315354567000071e+01 1.407156997837802088e-04
1.578625811574299931e+01 1.419011999736148112e-04
1.580937305374600044e+01 1.430949445660857709e-04
1.583249825184899962e+01 1.442967050949657331e-04
1.585563376736899954e+01 1.455066069771276298e-04
1.587878123270800046e+01 1.467249416984233823e-04
1.590194035073399981e+01 1.479516626234340753e-04
1.592511185591400036e+01 1.491871603959614120e-04
1.594829709438599963e+01 1.504316341095858272e-04
1.597149522438500036e+01 1.516852935107907406e-04
1.599470822053799957e+01 1.529485769854624735e-04
1.601793586188900065e+01 1.542214702685628194e-04
1.604117835217400057e+01 1.555043465122784186e-04
1.606443672004199996e+01 1.567976146117452290e-04
1.608771101360899891e+01 1.581015049968244237e-04
1.611100163180400102e+01 1.594164106804623270e-04
1.613430972874600045e+01 1.607425843881125677e-04
1.615763445702300061e+01 1.620795157823055150e-04
1.618097276167599929e+01 1.634266515948572436e-04
1.620432223295900087e+01 1.647841866576214473e-04
1.622768148318199977e+01 1.661530096999251280e-04
1.625105188710800164e+01 1.675340695575278950e-04
1.627443345744299918e+01 1.689275730614725197e-04
1.629782519729999990e+01 1.703341475200934843e-04
1.632122901219300104e+01 1.717544402640221071e-04
1.634464344450600137e+01 1.731885277102586927e-04
1.636806838405399844e+01 1.746376331147191541e-04
1.639150641880599935e+01 1.761023144212978109e-04
1.641495440804600037e+01 1.775829235365733287e-04
1.643841485619899956e+01 1.790810180514079860e-04
1.646188815758599944e+01 1.805885272479999251e-04
1.648537226178400061e+01 1.821116434198004764e-04
1.650886953448399908e+01 1.836619388297457990e-04
1.653237992467699868e+01 1.852342554103333136e-04
1.655590132974899831e+01 1.868271755497647260e-04
1.657943676468299898e+01 1.884408990922948148e-04
1.660298478988699955e+01 1.900750370895252703e-04
1.662654596178899880e+01 1.917304168289694075e-04
1.665012223924599866e+01 1.934073216737613988e-04
1.667371160088600135e+01 1.951057204700873133e-04
1.669731514946499829e+01 1.968268257622522938e-04
1.672093455681299901e+01 1.985709979689617732e-04
1.674456777371199934e+01 2.003383725130836038e-04
1.676821601442999921e+01 2.021301870543807104e-04
1.679188116928899888e+01 2.039467418784039667e-04
1.681556210616799873e+01 2.057874113158115971e-04
1.683925817307200035e+01 2.076527129852139019e-04
1.686297281887300059e+01 2.095423927208195218e-04
1.688670299006700048e+01 2.114552547933148518e-04
1.691045079276900154e+01 2.133916612614790626e-04
1.693421766700900122e+01 2.153501784595190569e-04
1.695800126219799964e+01 2.173294137621578019e-04
1.698180343944400050e+01 2.193296001365851620e-04
1.700562676498000059e+01 2.213488235324955703e-04
1.702946776397400086e+01 2.233848736377470532e-04
1.705332853367299961e+01 2.254376494417122579e-04
1.707721129616999889e+01 2.275047970839003846e-04
1.710111208278300055e+01 2.295830859418921126e-04
1.712502997720299902e+01 2.316676504587902538e-04
1.714895102536300087e+01 2.337553616964218239e-04
1.717287674380600038e+01 2.358464711288502927e-04
1.719679792940100072e+01 2.379393386077523784e-04
1.722071326091300136e+01 2.400366211359639828e-04
1.724462476512200126e+01 2.421401669766727594e-04
1.726853257938600095e+01 2.442504958223402174e-04
1.729243838454100057e+01 2.463682574872421501e-04
1.731634404033399832e+01 2.484931781762513892e-04
1.734025038333700053e+01 2.506241313078813615e-04
1.736415837654800143e+01 2.527600706854208810e-04
1.738806993154700109e+01 2.548995698907734610e-04
1.741198628280600147e+01 2.570401386366650198e-04
1.743590797599399878e+01 2.591793965936996734e-04
1.745983733410599825e+01 2.613148086105681646e-04
1.748377517490600042e+01 2.634429425883779720e-04
1.750772228486900062e+01 2.655612091271196884e-04
1.753168190273099825e+01 2.676662790542574662e-04
1.755565310658899847e+01 2.697543689390190171e-04
1.757963796240100152e+01 2.718241326923098223e-04
1.760364031007999941e+01 2.738691196103891826e-04
1.762764847636099930e+01 2.758782822689530203e-04
1.765164917373200026e+01 2.778508703645127254e-04
1.767564513818799909e+01 2.797932322467500663e-04
1.769963897673899922e+01 2.817082561471608080e-04
1.772363242801599981e+01 2.835975497119070862e-04
1.774762739963300007e+01 2.854631161404807649e-04
1.777162601623799887e+01 2.873072371231110691e-04
1.779563013381200065e+01 2.891324437697980853e-04
1.781964185975099824e+01 2.909410602800667099e-04
1.784366206067100080e+01 2.927320098740553785e-04
1.786768351653699938e+01 2.945034926785196675e-04
1.789170194025500038e+01 2.962587494751496749e-04
1.791571811787099833e+01 2.980024836197206158e-04
1.793973385793600173e+01 2.997370728501363036e-04
1.796375018756399911e+01 3.014615399079129121e-04
1.798776452029400019e+01 3.031749421497009420e-04
1.801177851235500071e+01 3.048776423322895729e-04
1.803579285487199968e+01 3.065690093278359467e-04
1.805980955779099872e+01 3.082480214529484202e-04
1.808382985739800120e+01 3.099131228045169206e-04
1.810785536890600156e+01 3.115598302928829395e-04
1.813187988234300008e+01 3.131830093188843955e-04
1.815589967575499841e+01 3.147840988185994352e-04
1.817991793920899823e+01 3.163670853423484379e-04
1.820393800173500054e+01 3.179331025578537636e-04
1.822796040863099876e+01 3.194830425569064212e-04
1.825198794504899880e+01 3.210193975399826738e-04
1.827602295463699988e+01 3.225448156761716464e-04
1.830006849765900157e+01 3.240579876164362684e-04
1.832411675728700118e+01 3.255560782527574214e-04
1.834816186393100068e+01 3.270435427752791009e-04
1.837220460024600044e+01 3.285275826967099010e-04
1.839624553335299950e+01 3.300136966750336748e-04
1.842028616357600157e+01 3.315058355310399768e-04
1.844432650425800091e+01 3.330066833979486397e-04
1.846836664392600014e+01 3.345181335499835293e-04
1.849240558046199823e+01 3.360416337678409182e-04
1.851644364012500077e+01 3.375787319304318981e-04
1.854048176940300152e+01 3.391299277084877466e-04
1.856452150988399907e+01 3.406935818169134805e-04
1.858856286731399976e+01 3.422665033837679160e-04
1.861260667440599903e+01 3.438397774759412379e-04
1.863664212745700155e+01 3.454065541859841371e-04
1.866067182196600172e+01 3.469657961435195143e-04
1.868469542166900155e+01 3.485130003124485825e-04
1.870871427746299887e+01 3.500440115200819107e-04
1.873273031083600060e+01 3.515550563376985895e-04
1.875674617725499971e+01 3.530412911539150067e-04
1.878076071799500113e+01 3.544997985463021442e-04
1.880477722054400047e+01 3.559318976882558470e-04
1.882879908576400041e+01 3.573393526431225772e-04
1.885282902510800085e+01 3.587174707795561142e-04
1.887685374295499940e+01 3.600642125940880047e-04
1.890087007602999947e+01 3.613901015263179593e-04
1.892487832247699941e+01 3.627061496328557138e-04
1.894887787366500120e+01 3.640224735223526547e-04
1.897286994967900142e+01 3.653483714520200615e-04
1.899685484294399984e+01 3.666909945358989755e-04
1.902083322144400057e+01 3.680533327650085495e-04
1.904480112897800126e+01 3.694372788646888483e-04
1.906876041517699960e+01 3.708437308588581204e-04
1.909270968911399891e+01 3.722637022913417360e-04
1.911663787913299828e+01 3.736865235432963619e-04
1.914053883366500131e+01 3.751093293496576158e-04
1.916441260849000017e+01 3.765335852307136839e-04
1.918826530151800114e+01 3.779603228399728470e-04
1.921210389523000117e+01 3.793851187681576221e-04
1.923592997499099866e+01 3.808034554184924476e-04
1.925974944067500161e+01 3.822143503286355910e-04
1.928356741216099834e+01 3.836167228351732624e-04
1.930738959821000122e+01 3.850068401284977146e-04
1.933121566856399909e+01 3.863819726748650625e-04
1.935504987781299846e+01 3.877302609648219933e-04
1.937887160477000137e+01 3.890415799684115842e-04
1.940267631415299832e+01 3.903276493723355179e-04
1.942646762093000135e+01 3.915973374171417376e-04
1.945024089132800071e+01 3.928544430127287588e-04
1.947399235595700162e+01 3.940929746426521420e-04
1.949769520214999829e+01 3.953206970688722993e-04
1.952135728358700106e+01 3.965507703678827290e-04
1.954496049498899879e+01 3.977895970123007706e-04
1.956851272171800105e+01 3.990521282933729959e-04
1.959201647957500114e+01 4.003452191738703266e-04
1.961548386014199963e+01 4.016744070967897401e-04
1.963892599557500063e+01 4.030403496562968263e-04
1.966235626738099995e+01 4.044429337425895703e-04
1.968578792699799962e+01 4.058802409745271809e-04
1.970923360138899838e+01 4.073482310494093992e-04
1.973270422504500132e+01 4.088389790446743432e-04
1.975620704493000090e+01 4.103322237780598447e-04
1.977973289025799986e+01 4.117520199927636676e-04
1.980318995678500116e+01 4.130632065059510914e-04
1.982657998527900034e+01 4.143019221058483323e-04
1.984989130863500151e+01 4.154941054775331509e-04
1.987314020454499897e+01 4.166772319926037387e-04
1.989634767985100083e+01 4.178798784003596805e-04
1.991953552039500153e+01 4.191243812984042486e-04
1.994272466529900001e+01 4.204250461994129889e-04
1.996593137095100090e+01 4.217786545377214804e-04
1.998915713543300043e+01 4.231708146085565018e-04
2.001240459115599890e+01 4.245868766331649478e-04
2.003567692832200109e+01 4.260101986007734632e-04
2.005897889361400033e+01 4.273776382931916825e-04
2.008224162340300012e+01 4.286246531728921919e-04
2.010541945479900150e+01 4.297937185258343001e-04
2.012853317264899999e+01 4.309677139235722600e-04
2.015160394974000013e+01 4.321989524600436264e-04
2.017465027204000094e+01 4.335167745419825271e-04
2.019768481274000038e+01 4.349247745816666550e-04
2.022070816847800145e+01 4.364124855322528123e-04
2.024372812918999998e+01 4.379628522306901173e-04
2.026675266446899926e+01 4.395489366409064368e-04
2.028979316041699832e+01 4.411471602713912341e-04
2.031286898186699830e+01 4.427386572381666972e-04
2.033599592972899828e+01 4.442033519997603966e-04
2.035903556534800174e+01 4.454891948268688067e-04
2.038200033422599944e+01 4.467041030162229639e-04
2.040490164086899938e+01 4.479127962869500776e-04
2.042775126861900148e+01 4.491559907848304998e-04
2.045056409912099937e+01 4.504603146748642028e-04
2.047336162948199956e+01 4.518247817360189380e-04
2.049615032879999887e+01 4.532345821416043489e-04
2.051894893820499988e+01 4.546866499003855049e-04
2.054178197048300092e+01 4.561919316835272536e-04
2.056468908956500030e+01 4.577193180921911909e-04
2.058763704437900088e+01 4.591288236803168772e-04
2.061048160424400066e+01 4.604044839519205626e-04
2.063323583809999917e+01 4.616714642731835697e-04
2.065590843976499968e+01 4.629925526938095709e-04
2.067852015362700158e+01 4.644029540383972092e-04
2.070109711610500014e+01 4.659226138420773902e-04
2.072367791228300149e+01 4.675238958891884261e-04
2.074625676320000167e+01 4.691748961507626915e-04
2.076886993874099829e+01 4.708934709812998107e-04
2.079157186362299825e+01 4.726520684692361407e-04
2.081437045050400059e+01 4.742945088622095812e-04
2.083715052572500070e+01 4.756597678533372496e-04
2.085981157049900148e+01 4.768010940450789119e-04
2.088238235621799888e+01 4.778319375617279740e-04
2.090486005084600052e+01 4.788039465588646857e-04
2.092727651793000021e+01 4.797750913867631132e-04
2.094967401683100050e+01 4.807433242919803150e-04
2.097205106480300074e+01 4.817106506818598409e-04
2.099445243327300048e+01 4.827229331941073742e-04
2.101692609569800041e+01 4.837620758440548804e-04
2.103946998102300014e+01 4.848320541077919595e-04
2.106214826906499837e+01 4.858750986958276395e-04
2.108487598102299998e+01 4.867136879931604891e-04
2.110752042458199895e+01 4.873300462948457895e-04
2.113003875228699968e+01 4.878824276833248737e-04
2.115246565509799836e+01 4.884993105686612691e-04
2.117481833894400012e+01 4.892099820514305168e-04
2.119710916751499852e+01 4.900570963969166135e-04
2.121940704613500017e+01 4.910068064475118458e-04
2.124168156684000053e+01 4.920133589625484000e-04
2.126399144491499982e+01 4.930965821155310676e-04
2.128637386838600065e+01 4.941904247005004993e-04
2.130883086081099975e+01 4.952923707689277540e-04
2.133145819693499945e+01 4.963472008161532670e-04
2.135421193226099845e+01 4.971746929785709774e-04
2.137702508719900152e+01 4.976182103323615723e-04
2.139975767242300009e+01 4.976690278089563723e-04
2.142238496628199940e+01 4.974939706552693793e-04
2.144492767373199982e+01 4.971977718450574894e-04
2.146737989352299891e+01 4.968757364235820836e-04
2.148980433425499825e+01 4.965451504697374020e-04
2.151215896064099908e+01 4.962505663354899524e-04
2.153453209017200010e+01 4.960163798205651387e-04
2.155687865840100059e+01 4.958336589867615293e-04
2.157925898958299982e+01 4.957565351196290297e-04
2.160168951002300020e+01 4.957548391287880992e-04
2.162417694840700122e+01 4.958669246869464508e-04
2.164679921637599946e+01 4.960390592278987208e-04
2.166949693589100079e+01 4.962740838903512619e-04
2.169238623872299954e+01 4.965223302581544835e-04
2.171536152434200062e+01 4.965791814338575520e-04
2.173835891359000172e+01 4.964236493613802736e-04
2.176134645587699978e+01 4.961360856845655571e-04
2.178435095716099923e+01 4.957721664247115865e-04
2.180736361629299935e+01 4.953161830558403282e-04
2.183037418784400074e+01 4.947369116103003369e-04
2.185335353960899951e+01 4.939839314104798066e-04
2.187625686085599952e+01 4.931497418288181183e-04
2.189916771578799981e+01 4.922423698058404039e-04
2.192201503431600074e+01 4.912952908453129940e-04
2.194490950059000056e+01 4.902895097974870834e-04
2.196775659729199859e+01 4.892107394973899863e-04
2.199065506829699856e+01 4.880892283590428657e-04
2.201354986074600006e+01 4.869077036607990811e-04
2.203649951936699836e+01 4.857089266875858850e-04
2.205949328434899925e+01 4.844743383709528223e-04
2.208254186577099887e+01 4.832593887756166150e-04
2.210568581262399945e+01 4.820375308811282217e-04
2.212887888803199843e+01 4.808722277811174539e-04
2.215222282574499957e+01 4.797198451873289568e-04
2.217560528782300011e+01 4.784753999635996363e-04
2.219904229407499940e+01 4.771147007663873547e-04
2.222245332902500081e+01 4.756444119114469019e-04
2.224587624414600029e+01 4.741079234026519557e-04
2.226928733055699894e+01 4.725183309751729462e-04
2.229273095091999934e+01 4.708622818361925732e-04
2.231618299476599887e+01 4.691159506378801930e-04
2.233967714991999998e+01 4.672798573249133417e-04
2.236320504936299969e+01 4.653553668084120737e-04
2.238679778777099827e+01 4.633539599090186526e-04
2.241045468854899880e+01 4.612720370984002365e-04
2.243419060683899957e+01 4.590617431512048277e-04
2.245795260436799978e+01 4.567027754496680390e-04
2.248173820492199937e+01 4.542555747996706228e-04
2.250554723895799825e+01 4.517159384278677430e-04
2.252933872680199912e+01 4.491280095425856616e-04
2.255314036999000038e+01 4.465419740487936687e-04
2.257693337152799984e+01 4.439917068840512106e-04
2.260074854448399861e+01 4.414835968435018142e-04
2.262456929530500105e+01 4.390098324906542364e-04
2.264842912240100148e+01 4.365349846137216963e-04
2.267230470757199967e+01 4.340439437428646771e-04
2.269623997264899984e+01 4.315128099026097649e-04
2.272020659938500131e+01 4.289459113889901765e-04
2.274425695672699987e+01 4.262383897620259927e-04
2.276826747768700088e+01 4.233167710155524800e-04
2.279223717698599927e+01 4.203347759828511272e-04
2.281618976785399866e+01 4.174149922336456821e-04
2.284014827101099954e+01 4.145638888981762111e-04
2.286407373679800159e+01 4.117945124983655720e-04
2.288798203264499875e+01 4.091679209093735466e-04
2.291188670003500150e+01 4.066970190711604758e-04
2.293579843902400128e+01 4.043708666680069248e-04
2.295972551144199869e+01 4.021328192982591507e-04
2.298363976328800007e+01 3.998823499020935776e-04
2.300748106893300005e+01 3.976163640862563652e-04
2.303124668899999961e+01 3.954222573949323907e-04
2.305494478458599872e+01 3.933573973356129200e-04
2.307858369405299825e+01 3.914354764842455417e-04
2.310217150383400053e+01 3.896356535130777381e-04
2.312571471222199904e+01 3.879254729950256438e-04
2.314922218613400062e+01 3.862527535662228372e-04
2.317268103813900026e+01 3.845674388649680136e-04
2.319607826788200100e+01 3.828666227159716051e-04
2.321941496538499905e+01 3.811526000952721385e-04
2.324268115455700112e+01 3.793936461207465371e-04
2.326584372738999917e+01 3.775965773064207209e-04
2.328889811761199979e+01 3.758179870616563923e-04
2.331184774975600149e+01 3.740992340460429330e-04
2.333468888635999861e+01 3.724728580676897583e-04
2.335742617097799823e+01 3.709262959316836101e-04
2.338003143379399873e+01 3.694241654629083814e-04
2.340247670474499841e+01 3.679846808731932406e-04
2.342475100801500076e+01 3.666477832170229770e-04
2.344684841991499979e+01 3.654397221035940511e-04
2.346876582904300079e+01 3.643700584967509370e-04
2.349049757217899881e+01 3.634501915163804706e-04
2.351205267827799972e+01 3.626701815120793966e-04
2.353342267443899871e+01 3.620396029006362425e-04
2.355463382917299953e+01 3.615446476925655351e-04
2.357566779039600036e+01 3.611942969826065415e-04
2.359657344061799833e+01 3.609506554176426492e-04
2.361731354475699973e+01 3.608031540963897092e-04
2.363795272614299847e+01 3.607289996877276108e-04
2.365844694279699922e+01 3.607039009455107739e-04
2.367885294396900164e+01 3.607381419450091196e-04
2.369915006198100116e+01 3.608034775611516291e-04
2.371937140148499878e+01 3.609181076809975307e-04
2.373952466680400164e+01 3.610570620236614576e-04
2.375961245231500030e+01 3.612505650538551860e-04
2.377967297095700161e+01 3.614769808312979691e-04
2.379967653343199885e+01 3.617167587286680458e-04
2.381965312357599984e+01 3.619411950003721960e-04
2.383955733803500010e+01 3.621038390045762216e-04
2.385939345297099834e+01 3.622585129843307545e-04
2.387918103075099907e+01 3.624299823184065172e-04
2.389892769679699924e+01 3.626237180180713919e-04
2.391865395423399931e+01 3.628337532592808647e-04
2.393836779431499906e+01 3.630518017866062692e-04
2.395808987514200084e+01 3.632736079121664098e-04
2.397782776118100045e+01 3.634983968471399156e-04
2.399760160009899934e+01 3.637260485966223658e-04
2.401741800919900172e+01 3.639575922363192696e-04
2.403729629666599976e+01 3.641985509534328177e-04
2.405724176924600144e+01 3.644465426107512934e-04
2.407726138205899957e+01 3.647310666010017063e-04
2.409737967409200010e+01 3.650466759021883320e-04
2.411758109930000060e+01 3.654090152593596100e-04
2.413790030464599923e+01 3.658314503565078383e-04
2.415831985034299834e+01 3.663233086448423729e-04
2.417887328140700021e+01 3.668925857231874641e-04
2.419954146403100026e+01 3.675432974666197105e-04
2.422035686737699933e+01 3.682793597825190462e-04
2.424129924195300134e+01 3.690988828865521113e-04
2.426239970550500047e+01 3.700009773834472284e-04
2.428363674646499959e+01 3.709727852087056849e-04
2.430503184733399991e+01 3.720168180098157784e-04
2.432656872736799869e+01 3.731335505314613407e-04
2.434827063705300176e+01 3.743218800979096397e-04
2.437012101640599937e+01 3.755743212336429228e-04
2.439214032879300120e+01 3.768923640227136475e-04
2.441431506149400121e+01 3.782447207240414479e-04
2.443664182797800066e+01 3.796382773788001719e-04
2.445913517676400062e+01 3.810444269684195293e-04
2.448176896396899949e+01 3.824042688985548237e-04
2.450452568917100038e+01 3.836934584163828165e-04
2.452739648526900140e+01 3.849071528041761382e-04
2.455038319373199940e+01 3.860436653248313916e-04
2.457348222267900084e+01 3.870873100990106946e-04
2.459668451936299860e+01 3.880330830556432851e-04
2.461999073777199953e+01 3.888862738611522513e-04
2.464339309638399911e+01 3.896601822707312294e-04
2.466689331150400122e+01 3.903670509903503136e-04
2.469047984703399834e+01 3.909287493390525814e-04
2.471405801042000050e+01 3.913416222167955222e-04
2.473762963746100141e+01 3.915896530204107705e-04
2.476107933869100108e+01 3.916805875021401890e-04
2.478441207147799830e+01 3.917553152163850364e-04
2.480762086121000110e+01 3.919123295625375359e-04
2.483073532282600127e+01 3.921624623282314072e-04
2.485372755728300120e+01 3.925304720656185129e-04
2.487665296537199922e+01 3.929997180594339032e-04
2.489946369833599960e+01 3.935567314711054584e-04
2.492222209172100023e+01 3.941837160367236644e-04
2.494489006897600092e+01 3.948379899591783677e-04
2.496751866602300041e+01 3.955248706624154447e-04
2.499009505548499988e+01 3.962298603287504645e-04
2.501264899113800055e+01 3.969869714683184380e-04
2.503519316684100104e+01 3.977845886157825106e-04
2.505773253987799976e+01 3.986473795731359637e-04
2.508030794488700010e+01 3.995075114985527777e-04
2.510285762815000155e+01 4.002750597302029466e-04
2.512537165196500055e+01 4.010152048240710697e-04
2.514786779039100040e+01 4.017845218031526893e-04
2.517034966444499844e+01 4.026027177318726382e-04
2.519282593637800005e+01 4.035058413375078746e-04
2.521531999717100092e+01 4.044916619152079070e-04
2.523782266927700135e+01 4.055766749475383376e-04
2.526037076937900139e+01 4.067604504445460718e-04
2.528294879397200035e+01 4.080164520563299554e-04
2.530558360062400070e+01 4.093042294015122005e-04
2.532825044477300125e+01 4.105747781267694288e-04
2.535096415847100104e+01 4.118436598655922961e-04
2.537373223532700095e+01 4.131212551831730585e-04
2.539657012973700034e+01 4.144172644068792985e-04
2.541948353032600139e+01 4.157498924299775529e-04
2.544248790503899826e+01 4.171418661914728736e-04
2.546558683246599841e+01 4.186118933517683142e-04
2.548879547479599950e+01 4.201667187856480013e-04
2.551211496443200133e+01 4.218027665706403366e-04
2.553555957699200007e+01 4.235037242881888736e-04
2.555912789950700059e+01 4.251336225055273336e-04
2.558274718731700048e+01 4.265860143531757234e-04
2.560639762871500125e+01 4.279056963774002060e-04
2.563008140556599912e+01 4.291497870968517597e-04
2.565380174758900012e+01 4.303488267930890101e-04
2.567756022659400017e+01 4.315100050107373970e-04
2.570135180432999888e+01 4.326472179906621219e-04
2.572518093602300127e+01 4.337486019209328236e-04
2.574901667709799824e+01 4.348001291952989880e-04
2.577284306006999870e+01 4.358542592447273612e-04
2.579666198871600002e+01 4.369786538908618971e-04
2.582048250182700144e+01 4.382004111640432141e-04
2.584430154887299835e+01 4.395225542886749878e-04
2.586812990468200013e+01 4.409243298417501945e-04
2.589196527156400052e+01 4.423625983141048755e-04
2.591581517018800085e+01 4.437093675899841981e-04
2.593961352420900113e+01 4.447927977612034034e-04
2.596329359459900132e+01 4.456014660430539795e-04
2.598683634762900141e+01 4.463251887622622432e-04
2.601030943882300051e+01 4.470509314833517119e-04
2.603368715367900066e+01 4.478091490421433406e-04
2.605703688505399995e+01 4.486178863562938126e-04
2.608034456556800151e+01 4.489359237663303808e-04
2.610366380608000014e+01 4.491189461893102574e-04
2.612699376516399852e+01 4.497503392065990160e-04
2.615037258243900098e+01 4.505065408824130628e-04
2.617380998566899919e+01 4.512879812728226863e-04
2.619732909247399988e+01 4.520736247713030452e-04
2.622094882977799912e+01 4.527492062692258868e-04
2.624460364500799869e+01 4.531776074454943242e-04
2.626823355849600006e+01 4.533984400632471660e-04
2.629183071739100086e+01 4.535517921644485750e-04
2.631541444824300058e+01 4.537104169305824705e-04
2.633898432339099926e+01 4.538921170125908167e-04
2.636255802356199851e+01 4.541026861758098131e-04
2.638614647506500077e+01 4.542988861731310306e-04
2.640974642234199976e+01 4.544819299130079936e-04
2.643339434186700032e+01 4.546192045667054996e-04
2.645706578522599983e+01 4.547108881788867627e-04
2.648081040782900075e+01 4.547485629264157040e-04
2.650459564436799909e+01 4.547377017404983721e-04
2.652847935924799927e+01 4.546644913785171088e-04
2.655242033518999989e+01 4.543251879701984321e-04
2.657633326398499918e+01 4.536857824530085852e-04
2.660021571886899849e+01 4.528722668438621619e-04
2.662406322459899854e+01 4.519843025897064934e-04
2.664787507500100006e+01 4.511010646953101202e-04
2.667165073970799938e+01 4.502678054712575266e-04
2.669538347178599835e+01 4.495168179016846501e-04
2.671907460471500073e+01 4.488761513823600062e-04
2.674272256709900120e+01 4.483593904494556528e-04
2.676632988046599948e+01 4.479396280777289403e-04
2.678987570308699873e+01 4.481068294529656033e-04
2.681331598855199871e+01 4.484890419713850212e-04
2.683670268334699927e+01 4.483664621840711354e-04
2.685996953626699835e+01 4.481257047996224825e-04
2.688318546274399878e+01 4.478769387617955594e-04
2.690629868334400143e+01 4.476027874911104221e-04
2.692936445016400171e+01 4.473455489907300804e-04
2.695236249161299824e+01 4.471014167839785732e-04
2.697532254149399833e+01 4.468943515419315587e-04
2.699825017973200048e+01 4.466986300955570408e-04
2.702115508760400076e+01 4.465232530009769873e-04
2.704406136443099840e+01 4.463540868813865685e-04
2.706696595683800055e+01 4.462123806626526338e-04
2.708990282735599919e+01 4.461282098965062715e-04
2.711286464969899868e+01 4.461388603696040691e-04
2.713588620285399955e+01 4.462693566785641856e-04
2.715895286270599840e+01 4.464659525498974684e-04
2.718205575484899938e+01 4.466788761092820134e-04
2.720518391349600051e+01 4.469105333982141223e-04
2.722836614924800003e+01 4.471542575881485735e-04
2.725159190278899857e+01 4.474097437704856422e-04
2.727488703475000165e+01 4.476716137022481628e-04
2.729822564019200115e+01 4.478983129989422079e-04
2.732160400596299965e+01 4.481087326784490661e-04
2.734502907130800153e+01 4.483106619073676702e-04
2.736850142017999943e+01 4.484936780547547626e-04
2.739202782681699944e+01 4.486414897262507116e-04
2.741560939982500145e+01 4.487445027364489318e-04
2.743925410520499852e+01 4.487867174586978756e-04
2.746296008787000176e+01 4.487477949198255393e-04
2.748673336780899845e+01 4.486221113787688128e-04
2.751056635536000172e+01 4.484538652607368363e-04
2.753447421702599840e+01 4.482909224312372478e-04
2.755844756692599873e+01 4.481562233425421702e-04
2.758250049789900160e+01 4.480319549408462269e-04
2.760662350966099865e+01 4.478234557068985116e-04
2.763077888685799977e+01 4.474831555535923439e-04
2.765494505226299893e+01 4.470371531916215069e-04
2.767912063308499881e+01 4.465265296027041801e-04
2.770330738355799838e+01 4.459795179979708993e-04
2.772750373260700130e+01 4.454070594034901425e-04
2.775171287473899895e+01 4.448313670981772386e-04
2.777593294153200176e+01 4.442986494956296765e-04
2.780016751272099995e+01 4.438336091379441639e-04
2.782441509607399865e+01 4.434457814400424424e-04
2.784867984452899847e+01 4.431415172123904069e-04
2.787296081447900065e+01 4.429063830275250255e-04
2.789726280728499930e+01 4.427106252548632060e-04
2.792158566028099997e+01 4.425172021361811845e-04
2.794593476435399992e+01 4.422943443527636203e-04
2.797031075227599928e+01 4.420126925846163757e-04
2.799470477504599941e+01 4.416393238512678694e-04
2.801910404370099883e+01 4.411543962603590237e-04
2.804350989583599940e+01 4.405574665044447781e-04
2.806792209535199945e+01 4.398558501012726969e-04
2.809234199566499868e+01 4.390579122625310545e-04
2.811676935378499920e+01 4.381793031000119068e-04
2.814120544450900141e+01 4.372584642162300654e-04
2.816564957505800137e+01 4.363291392486723288e-04
2.819010018035499954e+01 4.354046562403912591e-04
2.821455698662100176e+01 4.345044076194031824e-04
2.823902068310200164e+01 4.336548188749336872e-04
2.826349197429999904e+01 4.328402063509368628e-04
2.828796086646099894e+01 4.320329156937061359e-04
2.831242850950500056e+01 4.312468120864676631e-04
2.833689598269799959e+01 4.305045963602026587e-04
2.836136544216400068e+01 4.297894608597272533e-04
2.838583051644500088e+01 4.290710355314967432e-04
2.841028789023599899e+01 4.283573317380729708e-04
2.843473772112200137e+01 4.276693249153361060e-04
2.845918152310100169e+01 4.270025657239508686e-04
2.848362129706699974e+01 4.263290974405677981e-04
2.850805798264200064e+01 4.256213883265701691e-04
2.853249261810999826e+01 4.248619530015647176e-04
2.855692665488799875e+01 4.240382431347531700e-04
2.858136299792699830e+01 4.231303614670662628e-04
2.860579886408299899e+01 4.221235742907603972e-04
2.863023338764800130e+01 4.210328665174250368e-04
2.865466793981200055e+01 4.198979516913651133e-04
2.867910405660899897e+01 4.187664062219595483e-04
2.870354434286399936e+01 4.176748777815927319e-04
2.872799063200899994e+01 4.166412429548998347e-04
2.875244454894599855e+01 4.156715589268435000e-04
2.877690880609599944e+01 4.147655016923626654e-04
2.880138537138400068e+01 4.139202316243784444e-04
2.882587712857700168e+01 4.131188390988797593e-04
2.885037521418200157e+01 4.123484385024238147e-04
2.887487557467299837e+01 4.116201057439416717e-04
2.889937875822899827e+01 4.109396714413116524e-04
2.892388435619200138e+01 4.102984377697017492e-04
2.894839307585699828e+01 4.096834745342000620e-04
2.897290418419400027e+01 4.090877524830890586e-04
2.899741863287900046e+01 4.085104829680298306e-04
2.902193538447900067e+01 4.079482862160599041e-04
2.904644863677300037e+01 4.074084302427285966e-04
2.907096008195700065e+01 4.069020927964376905e-04
2.909547116867599925e+01 4.064247891496961754e-04
2.911997973179400034e+01 4.059755418933223576e-04
2.914448945784500111e+01 4.055461733138627828e-04
2.916899755669900074e+01 4.051175374604807744e-04
2.919350783177300102e+01 4.046702155272540163e-04
2.921801720483000153e+01 4.041910609997038028e-04
2.924252390756799969e+01 4.036817087407703090e-04
2.926702603084600085e+01 4.031496299460169525e-04
2.929152588422099868e+01 4.026039180137679432e-04
2.931602105183199924e+01 4.020325788028462303e-04
2.934049042785299832e+01 4.014429961048382716e-04
2.936493669020000041e+01 4.008642285249263749e-04
2.938935885484999844e+01 4.003074261986405355e-04
2.941375830673100111e+01 3.997157928250027288e-04
2.943808464862199870e+01 3.990501282107339906e-04
2.946232823152200098e+01 3.983882307819175102e-04
2.948652137602200085e+01 3.977640349836326309e-04
2.951066051400099965e+01 3.971451600664640505e-04
2.953474466000799836e+01 3.965132400091051228e-04
2.955877275609200083e+01 3.958705750557451448e-04
2.958275849065099905e+01 3.952502106573456105e-04
2.960673181611300109e+01 3.946403157676988023e-04
2.963068555251799907e+01 3.940396575468383213e-04
2.965465019421700177e+01 3.934881539307862465e-04
2.967864792478199831e+01 3.929726538270635668e-04
2.970268030370399970e+01 3.924975018681186841e-04
2.972677318852300132e+01 3.921033410954923287e-04
2.975095410663000095e+01 3.917796695137998461e-04
2.977522666151600106e+01 3.914983234453923750e-04
2.979960922611699914e+01 3.911553692110360031e-04
2.982403898405900122e+01 3.906473699025506899e-04
2.984848540529100092e+01 3.899829000098541673e-04
2.987292990359399880e+01 3.892062330519016839e-04
2.989737924439199901e+01 3.883607213843804826e-04
2.992183033161100170e+01 3.874668149485958500e-04
2.994629016334900129e+01 3.865326182705244363e-04
2.997076425791199838e+01 3.855398202293831215e-04
2.999524143935400033e+01 3.844920375394783119e-04
3.001973180530999841e+01 3.833933814532042490e-04
3.004422847212499903e+01 3.822169884375978309e-04
3.006871768625600083e+01 3.809745533271136899e-04
3.009320676654299831e+01 3.797100001816739118e-04
3.011770149533199969e+01 3.784446607221807137e-04
3.014219280227699826e+01 3.772000780186340408e-04
3.016668229851899952e+01 3.760074363001845456e-04
3.019117369853499966e+01 3.748768413164992757e-04
3.021566759644300149e+01 3.738143106174554044e-04
3.024016824852200003e+01 3.728009491645269320e-04
3.026465632198799938e+01 3.718200457238881370e-04
3.028913288925999936e+01 3.708972940584969228e-04
3.031360722924599926e+01 3.700517286862594832e-04
3.033808041646999953e+01 3.692991800193176112e-04
3.036256122185699979e+01 3.686508389388575544e-04
3.038705164028799999e+01 3.680983061732584299e-04
3.041155427868000061e+01 3.676373707323387936e-04
3.043607870185699937e+01 3.672480018630431718e-04
3.046061929958899839e+01 3.668977042705635059e-04
3.048517566564899894e+01 3.665587387860678678e-04
3.050973808504300067e+01 3.662072766968000334e-04
3.053430001124599968e+01 3.658246025346044580e-04
3.055885299778000075e+01 3.654031029600650457e-04
3.058339820560599875e+01 3.649586567081632431e-04
3.060794347889200040e+01 3.645036658090517888e-04
3.063249472350300096e+01 3.640276433099007411e-04
3.065705272283100058e+01 3.635031404384018940e-04
3.068160635035700068e+01 3.629080834822803357e-04
3.070614068088099913e+01 3.622619534436606181e-04
3.073066643019199873e+01 3.615945450421299942e-04
3.075518608309900159e+01 3.608954734217209538e-04
3.077968093265100080e+01 3.601554911809692937e-04
3.080414711441299858e+01 3.593889347388940165e-04
3.082858961893300176e+01 3.586107794769641862e-04
3.085301332906900029e+01 3.578295220779495489e-04
3.087742546635699981e+01 3.570467138426749901e-04
3.090183381206999869e+01 3.562620156288638564e-04
3.092624353093099998e+01 3.554546126756761995e-04
3.095064064109400093e+01 3.546147296357446757e-04
3.097502893677300051e+01 3.537630410607053399e-04
3.099941649495900009e+01 3.529136311025719494e-04
3.102380861922300070e+01 3.520790501370321549e-04
3.104821299703300141e+01 3.512680369452289520e-04
3.107263656403199903e+01 3.504778436543017723e-04
3.109708462306999976e+01 3.497062896282797763e-04
3.112156284155500074e+01 3.489155301440038806e-04
3.114604086706999908e+01 3.480783086083598789e-04
3.117051091374199956e+01 3.472277317524784636e-04
3.119497618359000057e+01 3.463978142431367526e-04
3.121943967675199971e+01 3.456022684549184807e-04
3.124390467079700073e+01 3.448403688361261496e-04
3.126837403829199857e+01 3.441060088548246985e-04
3.129284702629700021e+01 3.433963675036899046e-04
3.131732246438599887e+01 3.427191872947411952e-04
3.134180287378099905e+01 3.420880475355615280e-04
3.136629058401199899e+01 3.415122506628119918e-04
3.139078745040299978e+01 3.409891451741834767e-04
3.141529398502400028e+01 3.404897257984548374e-04
3.143979685924700007e+01 3.399902378383697966e-04
3.146429417198200085e+01 3.394895592555348960e-04
3.148878640251599847e+01 3.389887059345472286e-04
3.151328018671399889e+01 3.384809392596477046e-04
3.153777636415000174e+01 3.379580580795787091e-04
3.156228068224600136e+01 3.374056835191409582e-04
3.158678686365099963e+01 3.368127655326214791e-04
3.161129734762999988e+01 3.361887589946138091e-04
3.163581815669200026e+01 3.355401581629449291e-04
3.166035216958000120e+01 3.348446128128889157e-04
3.168488122874099844e+01 3.340787804417383300e-04
3.170939284489200105e+01 3.332523409251521231e-04
3.173388021946299986e+01 3.323926015205083554e-04
3.175834583010599843e+01 3.315219590487383599e-04
3.178279118561399841e+01 3.306514435287081209e-04
3.180721955064100115e+01 3.297881627361000617e-04
3.183163354718400129e+01 3.289392580807600939e-04
3.185603768749300002e+01 3.281164596220533490e-04
3.188043583282999904e+01 3.273316799245355518e-04
3.190483245077999896e+01 3.265943358232709223e-04
3.192923338482700046e+01 3.259096504304439200e-04
3.195364258701500049e+01 3.252714314626439568e-04
3.197805682147799899e+01 3.246720160537853875e-04
3.200247576614300016e+01 3.241150066932128610e-04
3.202690304923400078e+01 3.236086110852366346e-04
3.205134535326099865e+01 3.231536515450849885e-04
3.207580596829299679e+01 3.227412023185897570e-04
3.210028757739699756e+01 3.223278549461108334e-04
3.212476401065399756e+01 3.218887956643356248e-04
3.214923807881699958e+01 3.214438255070189488e-04
3.217371601552699900e+01 3.209796856600310761e-04
3.219818603984700189e+01 3.204811705276160183e-04
3.222265303544799764e+01 3.199528921849255770e-04
3.224712054446099785e+01 3.193970049299481783e-04
3.227159318419300149e+01 3.188177999484354485e-04
3.229607419737200047e+01 3.181995662021164088e-04
3.232054728573599789e+01 3.175423327098922193e-04
3.234501537487999911e+01 3.168766110473455956e-04
3.236948198616600081e+01 3.162243108587114797e-04
3.239394924194999703e+01 3.155983109142180328e-04
3.241841752895300033e+01 3.150020399040898969e-04
3.244288331413100224e+01 3.144405550893645878e-04
3.246734870708600340e+01 3.139191962407143939e-04
3.249181546894600103e+01 3.134309349842177741e-04
3.251628448317700304e+01 3.129633273523751654e-04
3.254075646624799845e+01 3.125084609750790419e-04
3.256523230585199968e+01 3.120646281260529330e-04
3.258971254955800134e+01 3.116315196615963455e-04
3.261419778979600181e+01 3.112061579874898050e-04
3.263868817474300243e+01 3.107843171654881931e-04
3.266318323449299754e+01 3.103663400111881664e-04
3.268768354970700329e+01 3.099566095234046882e-04
3.271218934293499814e+01 3.095576496854773635e-04
3.273670120251799887e+01 3.091667193236025146e-04
3.276121879947999815e+01 3.087812140182650210e-04
3.278574208161899861e+01 3.083925040215932311e-04
3.281025766968100044e+01 3.079986345378592965e-04
3.283476029541400010e+01 3.076141106092619292e-04
3.285925137040499777e+01 3.072475622820949838e-04
3.288373363715199815e+01 3.068995286769302675e-04
3.290820968240299749e+01 3.065716461297934977e-04
3.293268332780999685e+01 3.062615030698892949e-04
3.295715205148000138e+01 3.059669367466694547e-04
3.298161739952600158e+01 3.056926973940483666e-04
3.300608348269400238e+01 3.054415771104319714e-04
3.303055447384500098e+01 3.052167977081269028e-04
3.305503478251699789e+01 3.050221641401597511e-04
3.307952831281200190e+01 3.048534926787802631e-04
3.310403862209700065e+01 3.046979110059535494e-04
3.312856814667200211e+01 3.045240970947913272e-04
3.315309986736500036e+01 3.043170955852848793e-04
3.317763517573600041e+01 3.040871525553404619e-04
3.320217658219500123e+01 3.038342311952701817e-04
3.322672666308299938e+01 3.035496801252253072e-04
3.325128234867499799e+01 3.032246716683676757e-04
3.327584044972900301e+01 3.028637287629581867e-04
3.330040376705999705e+01 3.024748032215705861e-04
3.332497475424000299e+01 3.020592298277542968e-04
3.334955562456499933e+01 3.016175637861774747e-04
3.337414817481899831e+01 3.011498311338638937e-04
3.339875337113299736e+01 3.006517847601447579e-04
3.342336859168499785e+01 3.001086326794351485e-04
3.344798038245399852e+01 2.995201509966414653e-04
3.347259054880999685e+01 2.989005476987864987e-04
3.349719860492500345e+01 2.982520080318169548e-04
3.352180065842699719e+01 2.979202528522462146e-04
