     time       kinetic-energy 
 0.000000000000 0.026613827392 
 0.005000000000 0.026435066421 
 0.013250000000 0.026434998203 
 0.027000000000 0.026434883791 
 0.042125000000 0.026434768556 
 0.058762500000 0.026434648443 
 0.077063750000 0.026434523805 
 0.097195125000 0.026434394283 
 0.119339637500 0.026434259534 
 0.143213068005 0.026434121943 
 0.167124445128 0.026433991107 
 0.191070430436 0.026433866081 
 0.215048195751 0.026433746002 
 0.239055090701 0.026433630130 
 0.263088764428 0.026433517858 
 0.287147118750 0.026433408680 
 0.311228157934 0.026433302175 
 0.335330244296 0.026433197989 
 0.359451653955 0.026433095832 
 0.383591074055 0.026432995456 
 0.407747098129 0.026432896655 
 0.431918619760 0.026432799253 
 0.456104541171 0.026432703099 
 0.480303881200 0.026432608064 
 0.504515799272 0.026432514036 
 0.528739405838 0.026432420917 
 0.552974061887 0.026432328621 
 0.577218957121 0.026432237071 
 0.601473561753 0.026432146199 
 0.625737253873 0.026432055943 
 0.650009527985 0.026431966247 
 0.674289917334 0.026431877059 
 0.698577926326 0.026431788334 
 0.722873223442 0.026431700027 
 0.747175303802 0.026431612098 
 0.771483898527 0.026431524509 
 0.795798606897 0.026431437226 
 0.820119155166 0.026431350215 
 0.844445249081 0.026431263446 
 0.868776589993 0.026431176888 
 0.893112977730 0.026431090513 
 0.917454084039 0.026431004295 
 0.941799754309 0.026430918209 
 0.966149695612 0.026430832230 
 0.990503752385 0.026430746336 
 1.014861712224 0.026430660503 
 1.039223380337 0.026430574711 
 1.063588622742 0.026430488940 
 1.087957202927 0.026430403168 
 1.112329028054 0.026430317378 
 1.136703860634 0.026430231552 
 1.161081607078 0.026430145671 
 1.185462105104 0.026430059718 
 1.209844085789 0.026429973682 
 1.234226740087 0.026429887549 
 1.258610017412 0.026429801303 
 1.282993901793 0.026429714930 
 1.307378341561 0.026429628414 
 1.331763318746 0.026429541740 
 1.356148799750 0.026429454896 
 1.380534752981 0.026429367866 
 1.404921163135 0.026429280638 
 1.429307983490 0.026429193199 
 1.453695203866 0.026429105536 
 1.478082784318 0.026429017638 
 1.502470707965 0.026428929491 
 1.526858953399 0.026428841084 
 1.551247488486 0.026428752406 
 1.575636307036 0.026428663445 
 1.600025362379 0.026428574191 
 1.624414648589 0.026428484633 
 1.648804140354 0.026428394761 
 1.673193815456 0.026428304564 
 1.697583666429 0.026428214032 
 1.721973653219 0.026428123156 
 1.746363771906 0.026428031926 
 1.770753995765 0.026427940332 
 1.795144308931 0.026427848365 
 1.819534703349 0.026427756016 
 1.843925144831 0.026427663277 
 1.868315630247 0.026427570137 
 1.892706134202 0.026427476590 
 1.917096643677 0.026427382626 
 1.941487152999 0.026427288237 
 1.965877628984 0.026427193415 
 1.990268070253 0.026427098152 
 2.014658455764 0.026427002440 
 2.039048771738 0.026426906271 
 2.063439018112 0.026426809637 
 2.087829157674 0.026426712530 
 2.112219191881 0.026426614945 
 2.136609107331 0.026426516872 
 2.160998885754 0.026426418304 
 2.185388527269 0.026426319235 
 2.209778003229 0.026426219658 
 2.234167310208 0.026426119565 
 2.258556446029 0.026426018949 
 2.282945381582 0.026425917804 
 2.307334118616 0.026425816123 
 2.331722643355 0.026425713898 
 2.356110941679 0.026425611125 
 2.380499015198 0.026425507795 
 2.404886839352 0.026425403903 
 2.429274410701 0.026425299442 
 2.453661732774 0.026425194406 
 2.478048772009 0.026425088788 
 2.502435533327 0.026424982582 
 2.526822013536 0.026424875783 
 2.551208189976 0.026424768383 
 2.575594065408 0.026424660377 
 2.599979629419 0.026424551759 
 2.624364869175 0.026424442523 
 2.648749786472 0.026424332663 
 2.673134365837 0.026424222172 
 2.697518600409 0.026424111046 
 2.721902494029 0.026423999278 
 2.746286024494 0.026423886863 
 2.770669190502 0.026423773794 
 2.795051997949 0.026423660066 
 2.819434420718 0.026423545674 
 2.843816461125 0.026423430612 
 2.868198126239 0.026423314874 
 2.892578544743 0.026423198458 
 2.916957472349 0.026423081362 
 2.941334940117 0.026422963579 
 2.965710834019 0.026422845104 
 2.990085179793 0.026422725933 
 3.014458009570 0.026422606059 
 3.038829207055 0.026422485478 
 3.063198801458 0.026422364183 
 3.087566826172 0.026422242171 
 3.111933173808 0.026422119436 
 3.136297869392 0.026421995972 
 3.160660944080 0.026421871775 
 3.185022299814 0.026421746839 
 3.209381956365 0.026421621159 
 3.233739942919 0.026421494731 
 3.258096182371 0.026421367548 
 3.282450681293 0.026421239606 
 3.306803463269 0.026421110900 
 3.331154472441 0.026420981425 
 3.355503701197 0.026420851175 
 3.379851167853 0.026420720146 
 3.404196849595 0.026420588332 
 3.428540709946 0.026420455729 
 3.452882771519 0.026420322331 
 3.477223038015 0.026420188134 
 3.501561440562 0.026420053132 
 3.525898011885 0.026419917320 
 3.550232791820 0.026419780694 
 3.574565666833 0.026419643248 
 3.598896683630 0.026419504978 
 3.623225884878 0.026419365877 
 3.647553171016 0.026419225942 
 3.671878572693 0.026419085167 
 3.696202121167 0.026418943548 
 3.720523772915 0.026418801078 
 3.744843515486 0.026418657755 
 3.769161372294 0.026418513571 
 3.793477351679 0.026418368522 
 3.817791386001 0.026418222604 
 3.842103514723 0.026418075811 
 3.866413795301 0.026417928137 
 3.890722100192 0.026417779579 
 3.915028484885 0.026417630131 
 3.939332988552 0.026417479788 
 3.963635549622 0.026417328545 
 3.987936175408 0.026417176397 
 4.012234888818 0.026417023339 
 4.036531706749 0.026416869365 
 4.060826557757 0.026416714471 
 4.085119487655 0.026416558652 
 4.109410554608 0.026416401902 
 4.133699638371 0.026416244217 
 4.157986792186 0.026416085591 
 4.182272053869 0.026415926018 
 4.206555393045 0.026415765495 
 4.230836787121 0.026415604016 
 4.255116272132 0.026415441575 
 4.279393894826 0.026415278168 
 4.303669544143 0.026415113789 
 4.327943280849 0.026414948434 
 4.352215154598 0.026414782096 
 4.376485102481 0.026414614770 
 4.400753135168 0.026414446453 
 4.425019282879 0.026414277137 
 4.449283577286 0.026414106818 
 4.473545930451 0.026413935491 
 4.497806399986 0.026413763150 
 4.522065043124 0.026413589790 
 4.546321779890 0.026413415405 
 4.570576638579 0.026413239991 
 4.594829647647 0.026413063542 
 4.619080835242 0.026412886052 
 4.643330120660 0.026412707516 
 4.667577562443 0.026412527930 
 4.691823220956 0.026412347286 
 4.716067014830 0.026412165580 
 4.740308974172 0.026411982806 
 4.764549129702 0.026411798959 
 4.788787517114 0.026411614033 
 4.813024047563 0.026411428024 
 4.837258784474 0.026411240924 
 4.861491787007 0.026411052729 
 4.885722988274 0.026410863432 
 4.909952404211 0.026410673030 
 4.934180071958 0.026410481515 
 4.958406046651 0.026410288881 
 4.982630215027 0.026410095125 
 5.006852649581 0.026409900239 
 5.031073403690 0.026409704218 
 5.055292441022 0.026409507056 
 5.079509747185 0.026409308747 
 5.103725369848 0.026409109286 
 5.127939389135 0.026408908666 
 5.152151663171 0.026408706883 
 5.176362271834 0.026408503930 
 5.200571258327 0.026408299800 
 5.224778632899 0.026408094489 
 5.248984334751 0.026407887990 
 5.273188426252 0.026407680297 
 5.297390975431 0.026407471404 
 5.321591893500 0.026407261306 
 5.345791218901 0.026407049995 
 5.369988988146 0.026406837467 
 5.394185270029 0.026406623714 
 5.418379941327 0.026406408731 
 5.442573083172 0.026406192512 
 5.466764747035 0.026405975050 
 5.490954912953 0.026405756340 
 5.515143550664 0.026405536374 
 5.539330717053 0.026405315147 
 5.563516488979 0.026405092652 
 5.587700766202 0.026404868883 
 5.611883598992 0.026404643833 
 5.636065023995 0.026404417497 
 5.660245103429 0.026404189867 
 5.684423721862 0.026403960938 
 5.708600960769 0.026403730702 
 5.732776873969 0.026403499154 
 5.756951453313 0.026403266286 
 5.781124657100 0.026403032092 
 5.805296548262 0.026402796566 
 5.829467199856 0.026402559700 
 5.853636523690 0.026402321488 
 5.877804558284 0.026402081924 
 5.901971345490 0.026401841001 
 5.926136977129 0.026401598710 
 5.950301304025 0.026401355047 
 5.974464419417 0.026401110005 
 5.998626366978 0.026400863575 
 6.022787173443 0.026400615751 
 6.046946762581 0.026400366527 
 6.071105208365 0.026400115895 
 6.095262573984 0.026399863848 
 6.119418826595 0.026399610380 
 6.143573949799 0.026399355482 
 6.167728002508 0.026399099149 
 6.191881063059 0.026398841372 
 6.216033032802 0.026398582144 
 6.240183961354 0.026398321460 
 6.264333890139 0.026398059310 
 6.288482914900 0.026397795686 
 6.312630885347 0.026397530584 
 6.336777896813 0.026397263995 
 6.360923990061 0.026396995911 
 6.385069210602 0.026396726324 
 6.409213464193 0.026396455228 
 6.433356831803 0.026396182615 
 6.457499369535 0.026395908477 
 6.481641078246 0.026395632807 
 6.505781908642 0.026395355596 
 6.529921930396 0.026395076838 
 6.554061210464 0.026394796524 
 6.578199699040 0.026394514646 
 6.602337397774 0.026394231198 
 6.626474362673 0.026393946170 
 6.650610673775 0.026393659554 
 6.674746244994 0.026393371343 
 6.698881114583 0.026393081530 
 6.723015329390 0.026392790105 
 6.747148977896 0.026392497060 
 6.771281931927 0.026392202389 
 6.795414272146 0.026391906081 
 6.819546033879 0.026391608130 
 6.843677307690 0.026391308526 
 6.867807954485 0.026391007261 
 6.891938069143 0.026390704328 
 6.916067691191 0.026390399718 
 6.940196876821 0.026390093421 
 6.964325522913 0.026389785430 
 6.988453714509 0.026389475736 
 7.012581499969 0.026389164331 
 7.036708914250 0.026388851205 
 7.060835875874 0.026388536350 
 7.084962464527 0.026388219758 
 7.109088732807 0.026387901419 
 7.133214688748 0.026387581324 
 7.157340278220 0.026387259466 
 7.181465573251 0.026386935835 
 7.205590632878 0.026386610421 
 7.229715451989 0.026386283215 
 7.253839990049 0.026385954210 
 7.277964315761 0.026385623395 
 7.302088490170 0.026385290761 
 7.326212489446 0.026384956298 
 7.350336292242 0.026384619999 
 7.374459961741 0.026384281854 
 7.398583563102 0.026383941851 
 7.422707067877 0.026383599984 
 7.446830459829 0.026383256241 
 7.470953801009 0.026382910614 
 7.495077156208 0.026382563092 
 7.519200486921 0.026382213666 
 7.543323787491 0.026381862327 
 7.567447116633 0.026381509064 
 7.591570540899 0.026381153867 
 7.615694025095 0.026380796727 
 7.639817560783 0.026380437635 
 7.663941207551 0.026380076579 
 7.688065029421 0.026379713548 
 7.712188989195 0.026379348535 
 7.736313081007 0.026378981528 
 7.760437363225 0.026378612518 
 7.784561899368 0.026378241492 
 7.808686663861 0.026377868442 
 7.832811639781 0.026377493357 
 7.856936888510 0.026377116227 
 7.881062468754 0.026376737039 
 7.905188361333 0.026376355785 
 7.929314543533 0.026375972454 
 7.953441077646 0.026375587035 
 7.977568019613 0.026375199516 
 8.001695369422 0.026374809887 
 8.025823085789 0.026374418137 
 8.049951235927 0.026374024256 
 8.074079868926 0.026373628232 
 8.098208998845 0.026373230052 
 8.122338570967 0.026372829709 
 8.146468655428 0.026372427188 
 8.170599296421 0.026372022479 
 8.194730534877 0.026371615571 
 8.218862289827 0.026371206452 
 8.242994638313 0.026370795111 
 8.267127615577 0.026370381535 
 8.291261284464 0.026369965713 
 8.315395542751 0.026369547634 
 8.339530472398 0.026369127287 
 8.363666101641 0.026368704657 
 8.387802511590 0.026368279734 
 8.411939597965 0.026367852506 
 8.436077426259 0.026367422960 
 8.460216033017 0.026366991085 
 8.484355488185 0.026366556867 
 8.508495720416 0.026366120296 
 8.532636762925 0.026365681358 
 8.556778660109 0.026365240040 
 8.580921471857 0.026364796330 
 8.605065171729 0.026364350216 
 8.629209748653 0.026363901684 
 8.653355258598 0.026363450723 
 8.677501747616 0.026362997317 
 8.701649229662 0.026362541456 
 8.725797649378 0.026362083125 
 8.749947053890 0.026361622313 
 8.774097465597 0.026361159006 
 8.798248888091 0.026360693190 
 8.822401236090 0.026360224854 
 8.846554534618 0.026359753985 
 8.870708805619 0.026359280569 
 8.894864027132 0.026358804593 
 8.919020116822 0.026358326046 
 8.943177103938 0.026357844914 
 8.967334994891 0.026357361182 
 8.991493757026 0.026356874838 
 9.015653323251 0.026356385869 
 9.039813711752 0.026355894262 
 9.063974948374 0.026355400002 
 9.088136956165 0.026354903077 
 9.112299711049 0.026354403473 
 9.136463221064 0.026353901176 
 9.160627523904 0.026353396171 
 9.184792503141 0.026352888446 
 9.208958176412 0.026352377986 
 9.233124550947 0.026351864777 
 9.257291659703 0.026351348804 
 9.281459359137 0.026350830054 
 9.305627690800 0.026350308513 
 9.329796667293 0.026349784164 
 9.353966295921 0.026349256994 
 9.378136475610 0.026348726989 
 9.402307232700 0.026348194133 
 9.426478580402 0.026347658410 
 9.450650469424 0.026347119808 
 9.474822862873 0.026346578310 
 9.498995788737 0.026346033901 
 9.523169276472 0.026345486564 
 9.547343204382 0.026344936286 
 9.571517583388 0.026344383051 
 9.595692426266 0.026343826843 
 9.619867749038 0.026343267646 
 9.644043456834 0.026342705444 
 9.668219570570 0.026342140221 
 9.692396119463 0.026341571961 
 9.716573039284 0.026341000647 
 9.740750271529 0.026340426265 
 9.764927852986 0.026339848797 
 9.789105831016 0.026339268224 
 9.813284063635 0.026338684533 
 9.837462592063 0.026338097706 
 9.861641428972 0.026337507724 
 9.885820538409 0.026336914572 
 9.909999850975 0.026336318233 
 9.934179379269 0.026335718689 
 9.958359187424 0.026335115920 
 9.982539127779 0.026334509912 
10.006719256250 0.026333900645 
10.030899574429 0.026333288101 
10.055080060925 0.026332672262 
10.079260626912 0.026332053111 
10.103441314345 0.026331430629 
10.127622135027 0.026330804795 
10.151802958501 0.026330175595 
10.175983831907 0.026329543006 
10.200164776185 0.026328907011 
10.224345773316 0.026328267588 
10.248526733640 0.026327624721 
10.272707698081 0.026326978387 
10.296888671334 0.026326328568 
10.321069536245 0.026325675246 
10.345250297585 0.026325018399 
10.369431014837 0.026324358005 
10.393611592947 0.026323694046 
10.417792027238 0.026323026501 
10.441972352149 0.026322355347 
10.466152532999 0.026321680564 
10.490332489229 0.026321002132 
10.514512254924 0.026320320027 
10.538691846670 0.026319634228 
10.562871132443 0.026318944715 
10.587050121254 0.026318251465 
10.611228877667 0.026317554454 
10.635407280544 0.026316853661 
10.659585332896 0.026316149063 
10.683763084017 0.026315440636 
10.707940484342 0.026314728355 
10.732117458565 0.026314012200 
10.756294043163 0.026313292145 
10.780470201959 0.026312568166 
10.804645861594 0.026311840240 
10.828821047406 0.026311108341 
10.852995747874 0.026310372444 
10.877169853267 0.026309632527 
10.901343429136 0.026308888560 
10.925516484181 0.026308140518 
10.949688866769 0.026307388378 
10.973860653817 0.026306632111 
10.998031855455 0.026305871689 
11.022202319270 0.026305107089 
11.046372093586 0.026304338281 
11.070541181677 0.026303565238 
11.094709476529 0.026302787932 
11.118876970044 0.026302006337 
11.143043672018 0.026301220421 
11.167209508193 0.026300430157 
11.191374486289 0.026299635516 
11.215538592808 0.026298836466 
11.239701760745 0.026298032979 
11.263863986115 0.026297225024 
11.288025271564 0.026296412568 
11.312185537405 0.026295595582 
11.336344749934 0.026294774035 
11.360502913035 0.026293947893 
11.384659967570 0.026293117125 
11.408815873287 0.026292281698 
11.432970607049 0.026291441578 
11.457124133278 0.026290596732 
11.481276380663 0.026289747127 
11.505427402152 0.026288892725 
11.529577110266 0.026288033492 
11.553725432679 0.026287169395 
11.577872426349 0.026286300393 
11.602018047550 0.026285426450 
11.626162145559 0.026284547534 
11.650304776599 0.026283663602 
11.674445898934 0.026282774617 
11.698585398054 0.026281880543 
11.722723308327 0.026280981337 
11.746859596721 0.026280076959 
11.770994135001 0.026279167372 
11.795126928120 0.026278252533 
11.819257947006 0.026277332399 
11.843387112505 0.026276406930 
11.867514411476 0.026275476081 
11.891639813567 0.026274539808 
11.915763220574 0.026273598068 
11.939884675032 0.026272650813 
11.964004081986 0.026271697998 
11.988121282522 0.026270739583 
12.012236360573 0.026269775514 
12.036349254184 0.026268805744 
12.060459814423 0.026267830227 
12.084568092316 0.026266848911 
12.108674013254 0.026265861746 
12.132777459832 0.026264868683 
12.156878401962 0.026263869670 
12.180976847063 0.026262864651 
12.205072635851 0.026261853577 
12.229165774944 0.026260836390 
12.253256241573 0.026259813034 
12.277343837059 0.026258783459 
12.301428654987 0.026257747599 
12.325510613215 0.026256705399 
12.349589454808 0.026255656937 
12.373665194953 0.026254602018 
12.397737925499 0.026253540635 
12.421807349590 0.026252472646 
12.445873542406 0.026251398066 
12.469936491585 0.026250316739 
12.493995985925 0.026249228696 
12.518051992981 0.026248133776 
12.542104633382 0.026247031995 
12.566153421950 0.026245923208 
12.590198578807 0.026244807430 
12.614240032373 0.026243684486 
12.638277558638 0.026242554418 
12.662311079712 0.026241417043 
12.686340705376 0.026240272389 
12.710366175086 0.026239120370 
12.734387303174 0.026237960893 
12.758404222016 0.026236793864 
12.782416710800 0.026235619209 
12.806424715638 0.026234436843 
12.830428196859 0.026233246680 
12.854427078198 0.026232048635 
12.878421155330 0.026230842628 
12.902410505279 0.026229628562 
12.926394986714 0.026228406352 
12.950374324737 0.026227175917 
12.974348579438 0.026225937157 
12.998317767135 0.026224689973 
13.022281455172 0.026223434289 
13.046239675047 0.026222170001 
13.070192312654 0.026220897014 
13.094139440497 0.026219615219 
13.118080532158 0.026218324538 
13.142015838529 0.026217024850 
13.165945195923 0.026215716054 
13.189868369472 0.026214398053 
13.213785326229 0.026213070735 
13.237696224327 0.026211733976 
13.261600451110 0.026210387696 
13.285498293222 0.026209031759 
13.309389623374 0.026207666052 
13.333274065749 0.026206290476 
13.357151549763 0.026204904912 
13.381022048852 0.026203509235 
13.404885396194 0.026202103329 
13.428741341469 0.026200687080 
13.452589633623 0.026199260373 
13.476430654716 0.026197823052 
13.500263686407 0.026196375028 
13.524088892802 0.026194916155 
13.547906349749 0.026193446291 
13.571715708360 0.026191965318 
13.595516807485 0.026190473107 
13.619309961603 0.026188969494 
13.643093035152 0.026187454474 
13.666865677103 0.026185927928 
13.690627661345 0.026184389728 
13.714378743608 0.026182839744 
13.738119056834 0.026181277822 
13.761848350628 0.026179703830 
13.785566499659 0.026178117627 
13.809273670839 0.026176519052 
13.832969380732 0.026174907986 
13.856653563957 0.026173284281 
13.880326272212 0.026171647780 
13.903987348409 0.026169998339 
13.927636522408 0.026168335822 
13.951274066116 0.026166660052 
13.974899558663 0.026164970903 
13.998513087436 0.026163268211 
14.022114719642 0.026161551810 
14.045703832404 0.026159821590 
14.069280648970 0.026158077373 
14.092844611085 0.026156319042 
14.116396184221 0.026154546402 
14.139935095675 0.026152759314 
14.163461160166 0.026150957631 
14.186974675866 0.026149141170 
14.210475487952 0.026147309782 
14.233963241096 0.026145463334 
14.257438470388 0.026143601625 
14.280900686897 0.026141724531 
14.304350132211 0.026139831876 
14.327787018436 0.026137923480 
14.351210819554 0.026135999228 
14.374622246714 0.026134058902 
14.398020910232 0.026132102375 
14.421406745971 0.026130129497 
14.444780143865 0.026128140075 
14.468140989578 0.026126133963 
14.491489049598 0.026124111026 
14.514825060380 0.026122071043 
14.538148419619 0.026120013913 
14.561459625960 0.026117939437 
14.584758964801 0.026115847435 
14.608045920659 0.026113737801 
14.631321503368 0.026111610291 
14.654585275531 0.026109464792 
14.677837269849 0.026107301150 
14.701078088175 0.026105119158 
14.724307665074 0.026102918671 
14.747525877557 0.026100699553 
14.770733733922 0.026098461554 
14.793930559857 0.026096204593 
14.817117124856 0.026093928446 
14.840293868039 0.026091632918 
14.863460275181 0.026089317913 
14.886617708680 0.026086983146 
14.909765733825 0.026084628510 
14.932904480718 0.026082253846 
14.956034836913 0.026079858912 
14.979156653928 0.026077443575 
15.002270236230 0.026075007655 
15.025375461589 0.026072551018 
15.048473248790 0.026070073415 
15.071563756168 0.026067574679 
15.094646765494 0.026065054684 
15.117723809269 0.026062513107 
15.140794512229 0.026059949837 
15.163859047910 0.026057364701 
15.186918586035 0.026054757410 
15.209973206659 0.026052127796 
15.233022963217 0.026049475696 
15.256069393266 0.026046800770 
15.279111639386 0.026044102956 
15.302151259080 0.026041381906 
15.325188450411 0.026038637430 
15.348223135731 0.026035869372 
15.371257046482 0.026033077352 
15.394290036272 0.026030261215 
15.417322187237 0.026027420784 
15.440355052320 0.026024555690 
15.463388499446 0.026021665774 
15.486423197710 0.026018750775 
15.509460260387 0.026015810372 
15.532499019586 0.026012844474 
15.555541445571 0.026009852644 
15.578587433526 0.026006834715 
15.601637096360 0.026003790493 
15.624691924812 0.026000719595 
15.647752064457 0.025997621813 
15.670817775235 0.025994496929 
15.693890756091 0.025991344516 
15.716970048136 0.025988164519 
15.740057435780 0.025984956493 
15.763153545670 0.025981720148 
15.786258115743 0.025978455322 
15.809373053746 0.025975161532 
15.832498251849 0.025971838580 
15.855633767369 0.025968486251 
15.878781232708 0.025965104086 
15.901940350734 0.025961691906 
15.925111855914 0.025958249378 
15.948297094386 0.025954776058 
15.971495224385 0.025951271836 
15.994708220538 0.025947736154 
16.017935861889 0.025944168788 
16.041178352174 0.025940569443 
16.064436720042 0.025936937682 
16.087711013609 0.025933273212 
16.111001631804 0.025929575678 
16.134309728746 0.025925844589 
16.157634457023 0.025922079775 
16.180972761676 0.025918281449 
16.204322232959 0.025914449733 
16.227681483182 0.025910584577 
16.251051887108 0.025906685445 
16.274433457443 0.025902752013 
16.297825197300 0.025898784129 
16.321229012193 0.025894781115 
16.344643444506 0.025890742872 
16.368068384054 0.025886669058 
16.391506418806 0.025882558814 
16.414954408046 0.025878412306 
16.438414856199 0.025874228658 
16.461888157586 0.025870007343 
16.485372261784 0.025865748673 
16.508869534484 0.025861451467 
16.532379924677 0.025857115134 
16.555901329749 0.025852739550 
16.579436764683 0.025848323615 
16.602984789887 0.025843867080 
16.626545961789 0.025839369311 
16.650122239246 0.025834829372 
16.673711600886 0.025830247109 
16.697315149465 0.025825621741 
16.720934556813 0.025820952337 
16.744567773712 0.025816238716 
16.768216014430 0.025811480020 
16.791881169289 0.025806675220 
16.815562106168 0.025801823910 
16.839258173072 0.025796925601 
16.862972818873 0.025791978912 
16.886702990067 0.025786983871 
16.910450792769 0.025781939411 
16.934217667009 0.025776844598 
16.958001262198 0.025771699376 
16.981803439444 0.025766502773 
17.005626764980 0.025761253651 
17.029467763974 0.025755952295 
17.053328533673 0.025750597757 
17.077211296170 0.025745189060 
17.101112082783 0.025739726733 
17.125029977203 0.025734210664 
17.148951025363 0.025728643991 
17.172876743806 0.025723026216 
17.196797929401 0.025717359477 
17.220713260913 0.025711644039 
17.244624765122 0.025705879293 
17.268532579386 0.025700065069 
17.292438384541 0.025694200797 
17.316344040334 0.025688285843 
17.340250383337 0.025682319840 
17.364158376548 0.025676302413 
17.388069931547 0.025670232960 
17.411986282806 0.025664111090 
17.435907975994 0.025657936651 
17.459837334106 0.025651709067 
17.483775174906 0.025645428225 
17.507722284869 0.025639094095 
17.531681902731 0.025632706030 
17.555653106589 0.025626264606 
17.579637962401 0.025619769645 
17.603640310080 0.025613220490 
17.627648476361 0.025606621036 
17.651649173732 0.025599975902 
17.675645138188 0.025593285131 
17.699638976739 0.025586548684 
17.723632428016 0.025579766716 
17.747627399633 0.025572939282 
17.771626016238 0.025566066310 
17.795630133812 0.025559147739 
17.819641859751 0.025552183358 
17.843662060671 0.025545173264 
17.867683516537 0.025538120025 
17.891701940255 0.025531025357 
17.915718117871 0.025523889358 
17.939733857936 0.025516711727 
17.963750187564 0.025509492365 
17.987764520294 0.025502232333 
18.011778512355 0.025494931381 
18.035792854872 0.025487589567 
18.059809557791 0.025480206547 
18.083829857398 0.025472782250 
18.107855368906 0.025465316511 
18.131879882343 0.025457811794 
18.155899675755 0.025450269858 
18.179917939209 0.025442690180 
18.203938001735 0.025435072110 
18.227960408631 0.025427415885 
18.251987945049 0.025419720960 
18.276022954637 0.025411986864 
18.300068497659 0.025404212811 
18.324116757287 0.025396401679 
18.348161863931 0.025388555728 
18.372204600246 0.025380674864 
18.396245533353 0.025372758919 
18.420286163576 0.025364807290 
18.444326504258 0.025356819797 
18.468366643926 0.025348796169 
18.492405580462 0.025340736476 
18.516443640125 0.025332640298 
18.540481769403 0.025324506977 
18.564521509884 0.025316335651 
18.588562867314 0.025308126053 
18.612606674406 0.025299877706 
18.636642127457 0.025291594504 
18.660671821966 0.025283275698 
18.684695421669 0.025274921664 
18.708714277463 0.025266532285 
18.732730310836 0.025258107343 
18.756746177255 0.025249646428 
18.780760717995 0.025241150628 
18.804777220544 0.025232619430 
18.828799085764 0.025224052233 
18.852829025108 0.025215448618 
18.876853742955 0.025206814195 
18.900870076030 0.025198150766 
18.924878322477 0.025189458598 
18.948877873665 0.025180738054 
18.972869949679 0.025171988577 
18.996854842944 0.025163209756 
19.020833221444 0.025154400886 
19.044801128978 0.025145562980 
19.068760415177 0.025136694806 
19.092709689114 0.025127796405 
19.116637879133 0.025118871794 
19.140538833665 0.025109923337 
19.164412608490 0.025100951086 
19.188265301518 0.025091952749 
19.212103895230 0.025082925692 
19.235929974991 0.025073869499 
19.259749440675 0.025064782113 
19.283567412161 0.025055661789 
19.307389598210 0.025046506546 
19.331215668564 0.025037316879 
19.355049877813 0.025028091462 
19.378871604770 0.025018839247 
19.402676314153 0.025009562820 
19.426467620930 0.025000261223 
19.450240891328 0.024990936681 
19.473992355957 0.024981590947 
19.497695202150 0.024972235330 
19.521357283587 0.024962866661 
19.544960494989 0.024953492314 
19.568512721718 0.024944108782 
19.592016479575 0.024934714585 
19.615483860142 0.024925304159 
19.638925995575 0.024915872267 
19.662356267381 0.024906412704 
19.685787926998 0.024896919288 
19.709233601389 0.024887386100 
19.732704225045 0.024877807980 
19.756207044930 0.024868181477 
19.779732890258 0.024858510569 
19.803189956785 0.024848836261 
19.826579985279 0.024839159843 
19.849891308635 0.024829487896 
19.873140204545 0.024819814420 
19.896347679851 0.024810130633 
19.919535520395 0.024800426775 
19.942724665299 0.024790692906 
19.965931370951 0.024780920774 
19.989157135433 0.024771108655 
20.012404591156 0.024761254633 
20.035676928322 0.024751356926 
20.058978893614 0.024741413463 
20.082241623403 0.024731456268 
20.105419454799 0.024721507994 
20.128533172649 0.024711560525 
20.151603949740 0.024701604019 
20.174650272040 0.024691628794 
20.197684812740 0.024681627208 
20.220708168478 0.024671597090 
20.243728129190 0.024661533335 
20.266752664469 0.024651431304 
20.289793160417 0.024641285474 
20.312868981867 0.024631087165 
20.335995929729 0.024620829641 
20.359035565348 0.024610579931 
20.382000334226 0.024600335268 
20.404901640869 0.024590091443 
20.427751268619 0.024579842902 
20.450564099121 0.024569581923 
20.473361629482 0.024559297265 
20.496150328800 0.024548984947 
20.518948938205 0.024538635506 
20.541781970483 0.024528236798 
20.564689089565 0.024517769104 
20.587637044379 0.024507247983 
20.610481604244 0.024496744575 
20.633235838100 0.024486254207 
20.655908439765 0.024475772406 
20.678520153627 0.024465287989 
20.701097116105 0.024454786702 
20.723677912283 0.024444247962 
20.746256763200 0.024433673491 
20.768869938741 0.024423044940 
20.791571863623 0.024412334750 
20.814370450504 0.024401538859 
20.837150525725 0.024390717069 
20.859811570499 0.024379924490 
20.882382356218 0.024369150580 
20.904860050846 0.024358398979 
20.927276517930 0.024347655137 
20.949674016831 0.024336898373 
20.972051064803 0.024326130092 
20.994452433273 0.024315328109 
21.016926095698 0.024304467810 
21.039469981023 0.024293550254 
21.062148269065 0.024282542502 
21.084875981023 0.024271488561 
21.107520424582 0.024260459311 
21.130038752287 0.024249479453 
21.152465655098 0.024238531375 
21.174818338944 0.024227604705 
21.197109167515 0.024216691370 
21.219407046135 0.024205753686 
21.241681566840 0.024194806041 
21.263991444915 0.024183817529 
21.286373868386 0.024172768339 
21.308830860811 0.024161658239 
21.331458196935 0.024150438222 
21.354211932261 0.024139133348 
21.377025087199 0.024127783477 
21.399757672423 0.024116468975 
21.422384966282 0.024105209259 
21.444927673732 0.024093997151 
21.467379893523 0.024082837850 
21.489804334255 0.024071699019 
21.512158960641 0.024060602996 
21.534532090172 0.024049502849 
21.556878658401 0.024038421287 
21.579258989583 0.024027325751 
21.601689510023 0.024016206016 
21.624176948407 0.024005057454 
21.646799216376 0.023993837578 
21.669496935891 0.023982576959 
21.692386238723 0.023971213858 
21.715361524342 0.023959804152 
21.738358913590 0.023948384786 
21.761346455877 0.023936976142 
21.784350957161 0.023925566479 
21.807363616293 0.023914162118 
21.830374187844 0.023902770427 
21.853353539609 0.023891409185 
21.876256860856 0.023880105059 
21.899167715788 0.023868815942 
21.922015034316 0.023857580884 
21.944909500590 0.023846343261 
21.967756597292 0.023835154223 
21.990655068297 0.023823964092 
22.013549860746 0.023812803020 
22.036499519367 0.023801642140 
22.059493284349 0.023790487943 
22.082541865771 0.023779335873 
22.105685812624 0.023768165083 
22.128878888032 0.023756999751 
22.152222825745 0.023745786888 
22.175605287823 0.023734584217 
22.199042294075 0.023723384993 
22.222453329025 0.023712232290 
22.245876244146 0.023701108704 
22.269287330557 0.023690027900 
22.292730950920 0.023678969048 
22.316182994766 0.023667946515 
22.339677149920 0.023656945912 
22.363205049363 0.023645974120 
22.386797787771 0.023635018197 
22.410454688549 0.023624080944 
22.434190606839 0.023613157382 
22.457952604368 0.023602276528 
22.481738204922 0.023591442319 
22.505547238958 0.023580656458 
22.529338726802 0.023569940359 
22.553140369990 0.023559281076 
22.576933371528 0.023548687330 
22.600748544484 0.023538143497 
22.624569295305 0.023527656865 
22.648429122401 0.023517211350 
22.672304707572 0.023506818727 
22.696239972649 0.023496459488 
22.720206599385 0.023486148528 
22.744256956727 0.023475863013 
22.768267477687 0.023465663023 
22.792237176986 0.023455552059 
22.816189767854 0.023445519567 
22.840148271011 0.023435553267 
22.864073736798 0.023425668509 
22.887982032645 0.023415855540 
22.911886700035 0.023406104969 
22.935798439024 0.023396408767 
22.959725511442 0.023386760382 
22.983639763288 0.023377170172 
23.007481068933 0.023367663611 
23.031246689000 0.023358240709 
23.054944784586 0.023348895257 
23.078583694053 0.023339620230 
23.102171503834 0.023330408949 
23.125714712222 0.023321256227 
23.149222186134 0.023312156731 
23.172681038139 0.023303115273 
23.196078267882 0.023294137303 
23.219414965385 0.023285222309 
23.242681154557 0.023276374370 
23.265843727390 0.023267607346 
23.288898117612 0.023258922808 
23.311847749756 0.023250318023 
23.334688886360 0.023241792334 
23.357426170978 0.023233341135 
23.380031433794 0.023224973390 
23.402476704745 0.023216698142 
23.424751008015 0.023208517033 
23.446848419915 0.023200429125 
23.468765829043 0.023192432064 
23.490497572179 0.023184524495 
23.512052678278 0.023176699302 
23.533422674439 0.023168956707 
23.554633829173 0.023161283153 
23.575667790396 0.023153683132 
23.596573440618 0.023146134772 
23.617313544757 0.023138651031 
23.637952726143 0.023131204989 
23.658446942797 0.023123813009 
23.678852943969 0.023116452124 
23.699150061981 0.023109129845 
23.719371401485 0.023101832931 
23.739524666804 0.023094557928 
23.759612452315 0.023087303625 
23.779672970957 0.023080054337 
23.799676533432 0.023072821394 
23.819653123576 0.023065592853 
23.839557338035 0.023058386901 
23.859393452971 0.023051202737 
23.879181030751 0.023044032889 
23.898927696797 0.023036874349 
23.918653954234 0.023029719075 
23.938367794315 0.023022564153 
23.958089875142 0.023015401791 
23.977827761181 0.023008229385 
23.997601600099 0.023001039334 
24.017418009199 0.022993829371 
24.037296296666 0.022986592133 
24.057241769246 0.022979325599 
24.077261382059 0.022972026977 
24.097379674092 0.022964686027 
24.117581099300 0.022957308372 
24.137900304646 0.022949879375 
24.158319850343 0.022942404812 
24.178873281407 0.022934869945 
24.199541464031 0.022927280840 
24.220356867377 0.022919622826 
24.241299241953 0.022911902216 
24.262399705505 0.022904104722 
24.283636746465 0.022896237172 
24.305031847334 0.022888289196 
24.326568727368 0.022880265602 
24.348270637053 0.022872155160 
24.370121016406 0.022863962848 
24.392140328793 0.022855678611 
24.414315061494 0.022847306242 
24.436641827978 0.022838845946 
24.459135176764 0.022830290574 
24.481768963969 0.022821650307 
24.504525689171 0.022812932885 
24.527396485269 0.022804143183 
24.550383193732 0.022795281867 
24.573482222679 0.022786351953 
24.596684519363 0.022777359109 
24.619990737772 0.022768305017 
24.643393096384 0.022759194707 
24.666893311504 0.022750028879 
24.690479847034 0.022740813533 
24.714058010420 0.022731590846 
24.737629637461 0.022722361860 
24.761079338691 0.022713177795 
24.784412071478 0.022704038096 
24.807620861210 0.022694944917 
24.830735322826 0.022685883464 
24.853727557283 0.022676863635 
24.876652965372 0.022667859421 
24.899463698336 0.022658889399 
24.922222091721 0.022649925418 
24.944890068976 0.022640983119 
24.967518666023 0.022632040637 
24.990095055485 0.022623103458 
25.012648991138 0.022614158671 
25.035193166841 0.022605200103 
25.057732539878 0.022596225134 
25.080307944887 0.022587215182 
25.102857628150 0.022578197343 
25.125371651965 0.022569177330 
25.147867790391 0.022560147597 
25.170349664445 0.022551105872 
25.192825936378 0.022542047330 
25.215319997171 0.022532960063 
25.237822669277 0.022523846518 
25.260370769379 0.022514688468 
25.282948793972 0.022505490959 
25.305583600624 0.022496240815 
25.328250444773 0.022486948761 
25.350964158471 0.022477608643 
25.373732235327 0.022468217305 
25.396570129737 0.022458767757 
25.419483530326 0.022449257080 
25.442487905039 0.022439677323 
25.465586832466 0.022430025328 
25.488795474796 0.022420292257 
25.512114964432 0.022410475579 
25.535559576992 0.022400566819 
25.559127899507 0.022390565213 
25.582747187317 0.022380505701 
25.606397628715 0.022370400565 
25.630081405566 0.022360251077 
25.653801747589 0.022350057053 
25.677560226594 0.022339818577 
25.701351804330 0.022329538690 
25.725180936023 0.022319215567 
25.749016677098 0.022308864111 
25.772843060070 0.022298492079 
25.796661988716 0.022288097707 
25.820482501827 0.022277674658 
25.844301548873 0.022267222034 
25.868129904682 0.022256732537 
25.891965271564 0.022246205929 
25.915815170188 0.022235638338 
25.939613524209 0.022225064017 
25.963293594599 0.022214520386 
25.986836347629 0.022204021553 
26.010309438823 0.022193536083 
26.033687153679 0.022183076923 
26.057036885054 0.022172611128 
26.080344565568 0.022162145607 
26.103663806080 0.022151678630 
26.126993765164 0.022141194562 
26.150372582439 0.022130671306 
26.173809985669 0.022120103503 
26.197329092474 0.022109480333 
26.220948829778 0.022098793196 
26.244603645008 0.022088076797 
26.268233558496 0.022077364823 
26.291830717391 0.022066664121 
26.315414448243 0.022055965848 
26.338984323391 0.022045270041 
26.362558023562 0.022034567750 
26.386146475065 0.022023853578 
26.409746422342 0.022013130111 
26.433394341867 0.022002380267 
26.457065785226 0.021991617818 
26.480810407829 0.021980819658 
26.504595644368 0.021970003684 
26.528479359248 0.021959142788 
26.552420335190 0.021948259504 
26.576333263985 0.021937401539 
26.600215718869 0.021926575395 
26.624063224599 0.021915785933 
26.647875075001 0.021905034082 
26.671650739708 0.021894319123 
26.695383471786 0.021883642546 
26.719074604715 0.021873001269 
26.742722567099 0.021862393130 
26.766329880466 0.021851813904 
26.789875703087 0.021841271348 
26.813315988552 0.021830759184 
26.836702683347 0.021820269963 
26.859969536267 0.021809841263 
26.883185462744 0.021799439825 
26.906298683344 0.021789091475 
26.929364450164 0.021778769970 
26.952362491613 0.021768485017 
26.975322541494 0.021758222034 
26.998250179732 0.021747978062 
27.021155087604 0.021737748694 
27.044061364431 0.021727522303 
27.066965956838 0.021717300825 
27.089902827356 0.021707067278 
27.112864649699 0.021696824125 
27.135886202854 0.021686552302 
27.158952862706 0.021676256360 
27.182055754849 0.021665939161 
27.205183913496 0.021655605921 
27.228366149248 0.021645242544 
27.251591902789 0.021634854381 
27.274887034750 0.021624428627 
27.298225640192 0.021613977770 
27.321604005963 0.021603504166 
27.345029071308 0.021593004734 
27.368501420180 0.021582479546 
27.392027826817 0.021571926080 
27.415609399825 0.021561344945 
27.439254105205 0.021550733542 
27.462960087870 0.021540094585 
27.486733367809 0.021529427333 
27.510566355360 0.021518737371 
27.534474217026 0.021508017777 
27.558447566926 0.021497272669 
27.582500497899 0.021486494509 
27.606623509661 0.021475688317 
27.630778886858 0.021464874323 
27.654945052263 0.021454065245 
27.679120633085 0.021443263771 
27.703307383558 0.021432470187 
27.727503732607 0.021421685905 
27.751712874739 0.021410910047 
27.775932941532 0.021400143080 
27.800167512721 0.021389381724 
27.824415096074 0.021378625076 
27.848679844529 0.021367869141 
27.872960814479 0.021357112457 
27.897262807285 0.021346351441 
27.921585660281 0.021335585725 
27.945934764354 0.021324813268 
27.970310752276 0.021314034899 
27.994704775046 0.021303256310 
28.019104043701 0.021292485865 
28.043509895836 0.021281725720 
28.067922095352 0.021270978712 
28.092341995665 0.021260246641 
28.116769353785 0.021249531943 
28.141205444509 0.021238835697 
28.165649575058 0.021228158660 
28.190100180355 0.021217501505 
28.214556986621 0.021206864151 
28.239020683102 0.021196245337 
28.263491974300 0.021185643264 
28.287960866461 0.021175062056 
28.312428509505 0.021164501069 
28.336895982698 0.021153958943 
28.361365442164 0.021143433496 
28.385830516445 0.021132927393 
28.410287890236 0.021122442285 
28.434737721122 0.021111977628 
28.459181523101 0.021101531974 
28.483621297067 0.021091104213 
28.508057982642 0.021080694515 
28.532492618110 0.021070303532 
28.556926654888 0.021059932075 
28.581362997927 0.021049580624 
28.605798864083 0.021039252759 
28.630233387648 0.021028951279 
28.654667939812 0.021018677272 
28.679104056609 0.021008430587 
28.703544342864 0.020998209481 
28.727990632009 0.020988011899 
28.752444548946 0.020977835646 
28.776908806096 0.020967678015 
28.801385371384 0.020957536692 
28.825877128577 0.020947409048 
28.850375214182 0.020937298070 
28.874875574673 0.020927204617 
28.899378758229 0.020917127228 
28.923884356192 0.020907064966 
28.948393075857 0.020897016732 
28.972904184194 0.020886982354 
28.997418632879 0.020876960979 
29.021935384479 0.020866952596 
29.046448636773 0.020856959271 
29.070960081957 0.020846979520 
29.095471168676 0.020837011900 
29.119979731794 0.020827056718 
29.144489457845 0.020817111674 
29.168997556699 0.020807177726 
29.193507831773 0.020797253472 
29.218017204830 0.020787340934 
29.242523907568 0.020777441611 
29.267026030846 0.020767556965 
29.291525884221 0.020757686481 
29.316021051832 0.020747831375 
29.340490427853 0.020738001124 
29.364936690200 0.020728194521 
29.389358854850 0.020718411506 
29.413758306731 0.020708650853 
29.438084648622 0.020698934990 
29.462328231522 0.020689268961 
29.486521376022 0.020679638336 
29.510660514001 0.020670044084 
29.534744660008 0.020660486658 
29.558772756092 0.020650966907 
29.582758490651 0.020641479368 
29.606731816113 0.020632011071 
29.630685552518 0.020622565405 
29.654650194217 0.020613129336 
29.678647924782 0.020603692797 
29.702680303704 0.020594254834 
29.726773188523 0.020584803778 
29.750954106630 0.020575326545 
29.775226661516 0.020565820720 
29.799609226117 0.020556278176 
29.824038984059 0.020546727538 
29.848485405291 0.020537184835 
29.872929903594 0.020527660914 
29.897379244392 0.020518155052 
29.921830331611 0.020508669910 
29.946290163349 0.020499203702 
29.970764257912 0.020489755365 
29.995241439354 0.020480331039 
30.019731805310 0.020470927747 
30.044228472125 0.020461549742 
30.068717686256 0.020452204502 
30.093206766543 0.020442890258 
30.117701495332 0.020433604867 
30.142192802277 0.020424351750 
30.166682298519 0.020415129302 
30.191173698535 0.020405934571 
30.215667596443 0.020396765851 
30.240168248522 0.020387619714 
30.264656321988 0.020378502795 
30.289132889260 0.020369413668 
30.313607229246 0.020360347034 
30.338080416470 0.020351300550 
30.362561221857 0.020342268370 
30.387051640288 0.020333247273 
30.411554278680 0.020324234115 
30.436078701857 0.020315223102 
30.460619299589 0.020306215090 
30.485175665649 0.020297209544 
30.509738085043 0.020288210172 
30.534300011246 0.020279219851 
30.558852997780 0.020270242725 
30.583398205606 0.020261279215 
30.607943478892 0.020252326729 
30.632494723503 0.020243383357 
30.657052722831 0.020234449610 
30.681606350357 0.020225531124 
30.706140680881 0.020216635181 
30.730666430192 0.020207758518 
30.755186083099 0.020198900627 
30.779680932651 0.020190069388 
30.804147114413 0.020181267021 
30.828589618933 0.020172492129 
30.853013329069 0.020163743055 
30.877425466357 0.020155017212 
30.901833812070 0.020146311859 
30.926243530931 0.020137625191 
30.950640641094 0.020128963236 
30.975028936773 0.020120325160 
30.999416494959 0.020111708141 
31.023808619223 0.020103110149 
31.048212997033 0.020094527925 
31.072636564032 0.020085958468 
31.097084623070 0.020077399522 
31.121562841555 0.020068848664 
31.146040867070 0.020060317928 
31.170510913742 0.020051810895 
31.194976183590 0.020043326225 
31.219439676752 0.020034862077 
31.243904670797 0.020026416430 
31.268374038292 0.020017987537 
31.292847026297 0.020009575074 
31.317322464386 0.020001178827 
31.341802873781 0.019992796969 
31.366290584012 0.019984427423 
31.390787450403 0.019976068141 
31.415293985024 0.019967717800 
31.439796859247 0.019959380939 
31.464294171982 0.019951058212 
31.488786402516 0.019942749498 
31.513280186714 0.019934452507 
31.537776364150 0.019926167331 
31.562280682246 0.019917892399 
31.586786863651 0.019909630911 
31.611297347630 0.019901382963 
31.635818156692 0.019893147148 
31.660352169580 0.019884923109 
31.684881228741 0.019876718639 
31.709392844892 0.019868539646 
31.733880219463 0.019860389590 
31.758345830106 0.019852268017 
31.782791185614 0.019844174513 
31.807219550641 0.019836107836 
31.831633547184 0.019828066868 
31.856037687493 0.019820049626 
31.880435832830 0.019812054030 
31.904832450780 0.019804077553 
31.929233384827 0.019796117029 
31.953642587015 0.019788169864 
31.978056821478 0.019780236163 
32.002475766143 0.019772315100 
32.026903049234 0.019764404372 
32.051345353261 0.019756500488 
32.075805968293 0.019748601223 
32.100287577397 0.019740704824 
32.124764010654 0.019732820680 
32.149238078817 0.019724948205 
32.173716015527 0.019717085362 
32.198186039847 0.019709236900 
32.222653035448 0.019701401967 
32.247120544461 0.019693580164 
32.271593184193 0.019685770633 
32.296074197372 0.019677972873 
32.320547285736 0.019670193454 
32.345015374880 0.019662431974 
32.369481986166 0.019654687191 
32.393949241950 0.019646957896 
32.418417528953 0.019639243217 
32.442883314131 0.019631543562 
32.467348707086 0.019623857270 
32.491815468946 0.019616182820 
32.516284483177 0.019608519285 
32.540756466248 0.019600866084 
32.565232305852 0.019593222678 
32.589712549558 0.019585588624 
32.614197789796 0.019577963492 
32.638688174743 0.019570347110 
32.663183234493 0.019562739586 
32.687683549707 0.019555140597 
32.712189342935 0.019547549821 
32.736701202518 0.019539966810 
32.761218799480 0.019532391547 
32.785742081619 0.019524823910 
32.810257669681 0.019517268324 
32.834760295414 0.019509726362 
32.859251370405 0.019502197166 
32.883733637152 0.019494679419 
32.908209682403 0.019487171881 
32.932683327810 0.019479672831 
32.957152051480 0.019472182716 
32.981617399526 0.019464700622 
33.006083482694 0.019457224735 
33.030554473845 0.019449753206 
33.055034782517 0.019442283978 
33.079528312812 0.019434815102 
33.104038622097 0.019427344989 
33.128568146672 0.019419872770 
33.153099867365 0.019412404658 
33.177635175736 0.019404940835 
33.202176582195 0.019397481061 
33.226726663083 0.019390025163 
33.251282348675 0.019382575023 
33.275840449729 0.019375132652 
33.300403767060 0.019367697929 
33.324974754240 0.019360270766 
33.349555624565 0.019352851161 
33.374148174819 0.019345439204 
33.398753371133 0.019338035274 
33.423368591685 0.019330641003 
33.447980382454 0.019323261821 
33.472590548810 0.019315898034 
33.497198604925 0.019308550466 
33.521800658427 0.019301221016 
