    time           T_x           T_y           T_z      
 0.0050000000 -0.0032885831 -7.0474332962 -0.0008161637 
 0.0132500000 -0.0040958795  4.2973128820 -0.0008162021 
 0.0270000000 -0.0030258295  0.0583286686 -0.0008162815 
 0.0421250000 -0.0038260773 -0.0117470472 -0.0008163675 
 0.0587625000 -0.0034087179 -0.0018992887 -0.0008164602 
 0.0770637500 -0.0033669698 -0.0022647722 -0.0008165514 
 0.0971951250 -0.0033103539 -0.0024805139 -0.0008166401 
 0.1193396375 -0.0032239047 -0.0025297615 -0.0008167240 
 0.1432130680 -0.0031296404 -0.0025783435 -0.0008168002 
 0.1671244451 -0.0030471760 -0.0026915297 -0.0008168659 
 0.1910704304 -0.0029629887 -0.0028135240 -0.0008169229 
 0.2150481958 -0.0028757246 -0.0029252231 -0.0008169721 
 0.2390550907 -0.0027886061 -0.0030354678 -0.0008170144 
 0.2630887644 -0.0027028143 -0.0031510903 -0.0008170505 
 0.2871471187 -0.0026172571 -0.0032706583 -0.0008170813 
 0.3112281579 -0.0025310547 -0.0033915832 -0.0008171076 
 0.3353302443 -0.0024440858 -0.0035133765 -0.0008171300 
 0.3594516540 -0.0023563655 -0.0036363061 -0.0008171492 
 0.3835910741 -0.0022677433 -0.0037602096 -0.0008171658 
 0.4077470981 -0.0021780166 -0.0038846742 -0.0008171802 
 0.4319186198 -0.0020870344 -0.0040094006 -0.0008171928 
 0.4561045412 -0.0019946967 -0.0041342210 -0.0008172042 
 0.4803038812 -0.0019009190 -0.0042589728 -0.0008172144 
 0.5045157993 -0.0018056213 -0.0043834698 -0.0008172240 
 0.5287394058 -0.0017087355 -0.0045075358 -0.0008172330 
 0.5529740619 -0.0016102049 -0.0046310194 -0.0008172416 
 0.5772189571 -0.0015099872 -0.0047537919 -0.0008172501 
 0.6014735618 -0.0014080468 -0.0048757288 -0.0008172585 
 0.6257372539 -0.0013043575 -0.0049967163 -0.0008172670 
 0.6500095280 -0.0011988992 -0.0051166468 -0.0008172756 
 0.6742899173 -0.0010916583 -0.0052354234 -0.0008172845 
 0.6985779263 -0.0009826273 -0.0053529572 -0.0008172937 
 0.7228732234 -0.0008718025 -0.0054691650 -0.0008173031 
 0.7471753038 -0.0007591862 -0.0055839718 -0.0008173130 
 0.7714838985 -0.0006447825 -0.0056973046 -0.0008173232 
 0.7957986069 -0.0005286004 -0.0058090992 -0.0008173338 
 0.8201191552 -0.0004106508 -0.0059192935 -0.0008173448 
 0.8444452491 -0.0002909475 -0.0060278311 -0.0008173562 
 0.8687765900 -0.0001695070 -0.0061346590 -0.0008173680 
 0.8931129777 -0.0000463465 -0.0062397269 -0.0008173802 
 0.9174540840  0.0000785132 -0.0063429894 -0.0008173928 
 0.9417997543  0.0002050515 -0.0064444014 -0.0008174058 
 0.9661496956  0.0003332453 -0.0065439233 -0.0008174191 
 0.9905037524  0.0004630710 -0.0066415154 -0.0008174328 
 1.0148617122  0.0005945035 -0.0067371421 -0.0008174469 
 1.0392233803  0.0007275168 -0.0068307689 -0.0008174612 
 1.0635886227  0.0008620847 -0.0069223629 -0.0008174759 
 1.0879572029  0.0009981790 -0.0070118943 -0.0008174909 
 1.1123290281  0.0011357723 -0.0070993325 -0.0008175062 
 1.1367038606  0.0012748352 -0.0071846513 -0.0008175218 
 1.1610816071  0.0014153387 -0.0072678228 -0.0008175377 
 1.1854621051  0.0015572532 -0.0073488229 -0.0008175538 
 1.2098440858  0.0017005395 -0.0074276327 -0.0008175701 
 1.2342267401  0.0018451642 -0.0075042159 -0.0008175867 
 1.2586100174  0.0019911000 -0.0075785455 -0.0008176036 
 1.2829939018  0.0021383150 -0.0076506095 -0.0008176206 
 1.3073783416  0.0022867752 -0.0077203917 -0.0008176379 
 1.3317633187  0.0024364492 -0.0077878720 -0.0008176553 
 1.3561487998  0.0025873062 -0.0078530316 -0.0008176730 
 1.3805347530  0.0027393143 -0.0079158539 -0.0008176908 
 1.4049211631  0.0028924411 -0.0079763231 -0.0008177089 
 1.4293079835  0.0030466539 -0.0080344240 -0.0008177271 
 1.4536952039  0.0032019203 -0.0080901415 -0.0008177455 
 1.4780827843  0.0033582074 -0.0081434618 -0.0008177640 
 1.5024707080  0.0035154825 -0.0081943711 -0.0008177828 
 1.5268589534  0.0036737124 -0.0082428567 -0.0008178016 
 1.5512474885  0.0038328639 -0.0082889063 -0.0008178207 
 1.5756363070  0.0039929038 -0.0083325080 -0.0008178399 
 1.6000253624  0.0041537985 -0.0083736510 -0.0008178593 
 1.6244146486  0.0043155145 -0.0084123242 -0.0008178788 
 1.6488041404  0.0044780181 -0.0084485177 -0.0008178985 
 1.6731938155  0.0046412757 -0.0084822220 -0.0008179184 
 1.6975836664  0.0048052534 -0.0085134279 -0.0008179384 
 1.7219736532  0.0049699173 -0.0085421270 -0.0008179586 
 1.7463637719  0.0051352334 -0.0085683109 -0.0008179789 
 1.7707539958  0.0053011677 -0.0085919724 -0.0008179994 
 1.7951443089  0.0054676860 -0.0086131043 -0.0008180201 
 1.8195347033  0.0056347542 -0.0086316998 -0.0008180409 
 1.8439251448  0.0058023382 -0.0086477531 -0.0008180618 
 1.8683156302  0.0059704036 -0.0086612583 -0.0008180830 
 1.8927061342  0.0061389162 -0.0086722103 -0.0008181043 
 1.9170966437  0.0063078417 -0.0086806044 -0.0008181257 
 1.9414871530  0.0064771458 -0.0086864362 -0.0008181473 
 1.9658776290  0.0066467940 -0.0086897022 -0.0008181691 
 1.9902680703  0.0068167521 -0.0086903988 -0.0008181911 
 2.0146584558  0.0069869856 -0.0086885232 -0.0008182132 
 2.0390487717  0.0071574603 -0.0086840729 -0.0008182355 
 2.0634390181  0.0073281418 -0.0086770460 -0.0008182580 
 2.0878291577  0.0074989957 -0.0086674410 -0.0008182807 
 2.1122191919  0.0076699876 -0.0086552566 -0.0008183035 
 2.1366091073  0.0078410833 -0.0086404923 -0.0008183265 
 2.1609988858  0.0080122485 -0.0086231479 -0.0008183497 
 2.1853885273  0.0081834490 -0.0086032234 -0.0008183731 
 2.2097780032  0.0083546505 -0.0085807198 -0.0008183967 
 2.2341673102  0.0085258187 -0.0085556379 -0.0008184205 
 2.2585564460  0.0086969199 -0.0085279792 -0.0008184444 
 2.2829453816  0.0088679196 -0.0084977460 -0.0008184686 
 2.3073341186  0.0090387840 -0.0084649402 -0.0008184929 
 2.3317226434  0.0092094791 -0.0084295648 -0.0008185174 
 2.3561109417  0.0093799711 -0.0083916231 -0.0008185422 
 2.3804990152  0.0095502262 -0.0083511185 -0.0008185671 
 2.4048868394  0.0097202106 -0.0083080554 -0.0008185922 
 2.4292744107  0.0098898906 -0.0082624380 -0.0008186176 
 2.4536617328  0.0100592328 -0.0082142711 -0.0008186431 
 2.4780487720  0.0102282038 -0.0081635605 -0.0008186689 
 2.5024355333  0.0103967700 -0.0081103113 -0.0008186948 
 2.5268220135  0.0105648983 -0.0080545298 -0.0008187210 
 2.5512081900  0.0107325556 -0.0079962228 -0.0008187474 
 2.5755940654  0.0108997088 -0.0079353968 -0.0008187740 
 2.5999796294  0.0110663250 -0.0078720594 -0.0008188008 
 2.6243648692  0.0112323714 -0.0078062183 -0.0008188278 
 2.6487497865  0.0113978154 -0.0077378814 -0.0008188551 
 2.6731343658  0.0115626244 -0.0076670575 -0.0008188826 
 2.6975186004  0.0117267659 -0.0075937553 -0.0008189103 
 2.7219024940  0.0118902079 -0.0075179840 -0.0008189382 
 2.7462860245  0.0120529182 -0.0074397536 -0.0008189663 
 2.7706691905  0.0122148646 -0.0073590739 -0.0008189947 
 2.7950519979  0.0123760156 -0.0072759553 -0.0008190233 
 2.8194344207  0.0125363395 -0.0071904089 -0.0008190521 
 2.8438164611  0.0126958046 -0.0071024456 -0.0008190812 
 2.8681981262  0.0128543798 -0.0070120770 -0.0008191105 
 2.8925785447  0.0130120301 -0.0069193240 -0.0008191400 
 2.9169574723  0.0131687192 -0.0068241921 -0.0008191698 
 2.9413349401  0.0133244187 -0.0067266919 -0.0008191998 
 2.9657108340  0.0134790987 -0.0066268423 -0.0008192300 
 2.9900851798  0.0136327273 -0.0065246575 -0.0008192605 
 3.0144580096  0.0137852751 -0.0064201501 -0.0008192912 
 3.0388292071  0.0139367123 -0.0063133358 -0.0008193222 
 3.0631988015  0.0140870084 -0.0062042280 -0.0008193534 
 3.0875668262  0.0142361348 -0.0060928418 -0.0008193848 
 3.1119331738  0.0143840618 -0.0059791945 -0.0008194165 
 3.1362978694  0.0145307598 -0.0058633006 -0.0008194484 
 3.1606609441  0.0146762008 -0.0057451758 -0.0008194806 
 3.1850222998  0.0148203558 -0.0056248383 -0.0008195130 
 3.2093819564  0.0149631960 -0.0055023038 -0.0008195457 
 3.2337399429  0.0151046938 -0.0053775890 -0.0008195786 
 3.2580961824  0.0152448213 -0.0052507129 -0.0008196118 
 3.2824506813  0.0153835501 -0.0051216925 -0.0008196452 
 3.3068034633  0.0155208534 -0.0049905454 -0.0008196789 
 3.3311544724  0.0156567041 -0.0048572911 -0.0008197128 
 3.3555037012  0.0157910746 -0.0047219479 -0.0008197470 
 3.3798511679  0.0159239386 -0.0045845345 -0.0008197814 
 3.4041968496  0.0160552699 -0.0044450706 -0.0008198161 
 3.4285407099  0.0161850420 -0.0043035763 -0.0008198510 
 3.4528827715  0.0163132289 -0.0041600708 -0.0008198862 
 3.4772230380  0.0164398053 -0.0040145744 -0.0008199217 
 3.5015614406  0.0165647457 -0.0038671087 -0.0008199574 
 3.5258980119  0.0166880247 -0.0037176933 -0.0008199934 
 3.5502327918  0.0168096178 -0.0035663490 -0.0008200296 
 3.5745656668  0.0169295007 -0.0034130992 -0.0008200662 
 3.5988966836  0.0170476482 -0.0032579638 -0.0008201029 
 3.6232258849  0.0171640372 -0.0031009644 -0.0008201400 
 3.6475531710  0.0172786439 -0.0029421249 -0.0008201773 
 3.6718785727  0.0173914442 -0.0027814668 -0.0008202148 
 3.6962021212  0.0175024155 -0.0026190121 -0.0008202527 
 3.7205237729  0.0176115351 -0.0024547849 -0.0008202908 
 3.7448435155  0.0177187802 -0.0022888082 -0.0008203291 
 3.7691613723  0.0178241283 -0.0021211048 -0.0008203678 
 3.7934773517  0.0179275580 -0.0019516986 -0.0008204067 
 3.8177913860  0.0180290475 -0.0017806146 -0.0008204459 
 3.8421035147  0.0181285750 -0.0016078757 -0.0008204853 
 3.8664137953  0.0182261199 -0.0014335058 -0.0008205251 
 3.8907221002  0.0183216619 -0.0012575318 -0.0008205651 
 3.9150284849  0.0184151793 -0.0010799770 -0.0008206054 
 3.9393329886  0.0185066528 -0.0009008657 -0.0008206459 
 3.9636355496  0.0185960629 -0.0007202249 -0.0008206868 
 3.9879361754  0.0186833895 -0.0005380796 -0.0008207279 
 4.0122348888  0.0187686135 -0.0003544548 -0.0008207693 
 4.0365317067  0.0188517163 -0.0001693765 -0.0008208110 
 4.0608265578  0.0189326796  0.0000171279 -0.0008208529 
 4.0851194877  0.0190114843  0.0002050333 -0.0008208952 
 4.1094105546  0.0190881132  0.0003943138 -0.0008209377 
 4.1336996384  0.0191625491  0.0005849407 -0.0008209805 
 4.1579867922  0.0192347736  0.0007768882 -0.0008210236 
 4.1822720539  0.0193047705  0.0009701302 -0.0008210670 
 4.2065553930  0.0193725235  0.0011646382 -0.0008211106 
 4.2308367871  0.0194380159  0.0013603846 -0.0008211546 
 4.2551162721  0.0195012316  0.0015573427 -0.0008211988 
 4.2793938948  0.0195621554  0.0017554852 -0.0008212433 
 4.3036695441  0.0196207725  0.0019547822 -0.0008212882 
 4.3279432808  0.0196770667  0.0021552070 -0.0008213333 
 4.3522151546  0.0197310242  0.0023567323 -0.0008213787 
 4.3764851025  0.0197826312  0.0025593279 -0.0008214244 
 4.4007531352  0.0198318730  0.0027629658 -0.0008214704 
 4.4250192829  0.0198787363  0.0029676180 -0.0008215167 
 4.4492835773  0.0199232079  0.0031732558 -0.0008215633 
 4.4735459305  0.0199652753  0.0033798488 -0.0008216101 
 4.4978064000  0.0200049252  0.0035873691 -0.0008216573 
 4.5220650431  0.0200421457  0.0037957883 -0.0008217048 
 4.5463217799  0.0200769256  0.0040050754 -0.0008217526 
 4.5705766386  0.0201092525  0.0042152013 -0.0008218007 
 4.5948296476  0.0201391156  0.0044261375 -0.0008218491 
 4.6190808352  0.0201665041  0.0046378541 -0.0008218977 
 4.6433301207  0.0201914079  0.0048503200 -0.0008219467 
 4.6675775624  0.0202138161  0.0050635064 -0.0008219960 
 4.6918232210  0.0202337193  0.0052773842 -0.0008220456 
 4.7160670148  0.0202511087  0.0054919216 -0.0008220956 
 4.7403089742  0.0202659744  0.0057070889 -0.0008221458 
 4.7645491297  0.0202783078  0.0059228567 -0.0008221963 
 4.7887875171  0.0202881007  0.0061391947 -0.0008222472 
 4.8130240476  0.0202953457  0.0063560709 -0.0008222983 
 4.8372587845  0.0203000340  0.0065734559 -0.0008223498 
 4.8614917870  0.0203021588  0.0067913201 -0.0008224016 
 4.8857229883  0.0203017137  0.0070096313 -0.0008224537 
 4.9099524042  0.0202986914  0.0072283589 -0.0008225061 
 4.9341800720  0.0202930856  0.0074474732 -0.0008225588 
 4.9584060467  0.0202848907  0.0076669436 -0.0008226119 
 4.9826302150  0.0202741018  0.0078867373 -0.0008226653 
 5.0068526496  0.0202607124  0.0081068245 -0.0008227190 
 5.0310734037  0.0202447182  0.0083271754 -0.0008227730 
 5.0552924410  0.0202261153  0.0085477575 -0.0008228273 
 5.0795097472  0.0202048992  0.0087685395 -0.0008228820 
 5.1037253698  0.0201810657  0.0089894915 -0.0008229370 
 5.1279393891  0.0201546114  0.0092105829 -0.0008229923 
 5.1521516632  0.0201255347  0.0094317803 -0.0008230480 
 5.1763622718  0.0200938310  0.0096530537 -0.0008231039 
 5.2005712583  0.0200594985  0.0098743729 -0.0008231603 
 5.2247786329  0.0200225357  0.0100957059 -0.0008232169 
 5.2489843348  0.0199829411  0.0103170206 -0.0008232739 
 5.2731884263  0.0199407126  0.0105382868 -0.0008233312 
 5.2973909754  0.0198958492  0.0107594742 -0.0008233888 
 5.3215918935  0.0198483515  0.0109805497 -0.0008234468 
 5.3457912189  0.0197982183  0.0112014824 -0.0008235052 
 5.3699889881  0.0197454497  0.0114222421 -0.0008235638 
 5.3941852700  0.0196900461  0.0116427979 -0.0008236228 
 5.4183799413  0.0196320095  0.0118631166 -0.0008236822 
 5.4425730832  0.0195713397  0.0120831680 -0.0008237419 
 5.4667647470  0.0195080383  0.0123029222 -0.0008238019 
 5.4909549130  0.0194421079  0.0125223469 -0.0008238623 
 5.5151435507  0.0193735507  0.0127414102 -0.0008239231 
 5.5393307171  0.0193023685  0.0129600822 -0.0008239842 
 5.5635164890  0.0192285642  0.0131783326 -0.0008240456 
 5.5877007662  0.0191521424  0.0133961286 -0.0008241074 
 5.6118835990  0.0190731055  0.0136134396 -0.0008241695 
 5.6360650240  0.0189914574  0.0138302358 -0.0008242321 
 5.6602451034  0.0189072024  0.0140464862 -0.0008242949 
 5.6844237219  0.0188203465  0.0142621583 -0.0008243581 
 5.7086009608  0.0187308931  0.0144772224 -0.0008244217 
 5.7327768740  0.0186388477  0.0146916487 -0.0008244857 
 5.7569514533  0.0185442165  0.0149054058 -0.0008245500 
 5.7811246571  0.0184470058  0.0151184621 -0.0008246147 
 5.8052965483  0.0183472211  0.0153307882 -0.0008246797 
 5.8294671999  0.0182448688  0.0155423545 -0.0008247451 
 5.8536365237  0.0181399574  0.0157531290 -0.0008248109 
 5.8778045583  0.0180324933  0.0159630815 -0.0008248771 
 5.9019713455  0.0179224840  0.0161721829 -0.0008249436 
 5.9261369771  0.0178099371  0.0163804034 -0.0008250105 
 5.9503013040  0.0176948630  0.0165877110 -0.0008250778 
 5.9744644194  0.0175772686  0.0167940765 -0.0008251454 
 5.9986263670  0.0174571628  0.0169994713 -0.0008252135 
 6.0227871734  0.0173345556  0.0172038650 -0.0008252819 
 6.0469467626  0.0172094574  0.0174072269 -0.0008253507 
 6.0711052084  0.0170818769  0.0176095282 -0.0008254199 
 6.0952625740  0.0169518244  0.0178107405 -0.0008254895 
 6.1194188266  0.0168193115  0.0180108333 -0.0008255595 
 6.1435739498  0.0166843491  0.0182097770 -0.0008256299 
 6.1677280025  0.0165469478  0.0184075434 -0.0008257006 
 6.1918810631  0.0164071189  0.0186041041 -0.0008257718 
 6.2160330328  0.0162648760  0.0187994289 -0.0008258433 
 6.2401839614  0.0161202303  0.0189934891 -0.0008259153 
 6.2643338901  0.0159731940  0.0191862571 -0.0008259876 
 6.2884829149  0.0158237798  0.0193777048 -0.0008260604 
 6.3126308853  0.0156720029  0.0195678023 -0.0008261335 
 6.3367778968  0.0155178752  0.0197565216 -0.0008262071 
 6.3609239901  0.0153614101  0.0199438362 -0.0008262811 
 6.3850692106  0.0152026223  0.0201297175 -0.0008263555 
 6.4092134642  0.0150415275  0.0203141367 -0.0008264303 
 6.4333568318  0.0148781390  0.0204970669 -0.0008265055 
 6.4574993695  0.0147124715  0.0206784815 -0.0008265811 
 6.4816410782  0.0145445412  0.0208583526 -0.0008266572 
 6.5057819086  0.0143743645  0.0210366523 -0.0008267337 
 6.5299219304  0.0142019560  0.0212133543 -0.0008268106 
 6.5540612105  0.0140273318  0.0213884326 -0.0008268879 
 6.5781996990  0.0138505097  0.0215618596 -0.0008269657 
 6.6023373978  0.0136715065  0.0217336084 -0.0008270438 
 6.6264743627  0.0134903383  0.0219036536 -0.0008271225 
 6.6506106738  0.0133070224  0.0220719695 -0.0008272015 
 6.6747462450  0.0131215781  0.0222385291 -0.0008272810 
 6.6988811146  0.0129340227  0.0224033066 -0.0008273610 
 6.7230153294  0.0127443738  0.0225662773 -0.0008274413 
 6.7471489779  0.0125526498  0.0227274161 -0.0008275222 
 6.7712819319  0.0123588715  0.0228866966 -0.0008276034 
 6.7954142721  0.0121630568  0.0230440938 -0.0008276851 
 6.8195460339  0.0119652247  0.0231995841 -0.0008277673 
 6.8436773077  0.0117653946  0.0233531427 -0.0008278499 
 6.8678079545  0.0115635888  0.0235047442 -0.0008279330 
 6.8919380691  0.0113598258  0.0236543646 -0.0008280166 
 6.9160676912  0.0111541257  0.0238019810 -0.0008281006 
 6.9401968768  0.0109465096  0.0239475691 -0.0008281851 
 6.9643255229  0.0107370002  0.0240911046 -0.0008282700 
 6.9884537145  0.0105256173  0.0242325645 -0.0008283554 
 7.0125815000  0.0103123822  0.0243719264 -0.0008284413 
 7.0367089142  0.0100973171  0.0245091671 -0.0008285277 
 7.0608358759  0.0098804454  0.0246442632 -0.0008286145 
 7.0849624645  0.0096617882  0.0247771925 -0.0008287018 
 7.1090887328  0.0094413677  0.0249079335 -0.0008287897 
 7.1332146887  0.0092192075  0.0250364637 -0.0008288780 
 7.1573402782  0.0089953316  0.0251627608 -0.0008289667 
 7.1814655733  0.0087697622  0.0252868036 -0.0008290560 
 7.2055906329  0.0085425225  0.0254085714 -0.0008291458 
 7.2297154520  0.0083136372  0.0255280427 -0.0008292361 
 7.2538399900  0.0080831312  0.0256451962 -0.0008293269 
 7.2779643158  0.0078510277  0.0257600116 -0.0008294181 
 7.3020884902  0.0076173508  0.0258724692 -0.0008295099 
 7.3262124894  0.0073821264  0.0259825483 -0.0008296022 
 7.3503362922  0.0071453801  0.0260902288 -0.0008296951 
 7.3744599617  0.0069071361  0.0261954914 -0.0008297884 
 7.3985835631  0.0066674194  0.0262983171 -0.0008298823 
 7.4227070679  0.0064262570  0.0263986866 -0.0008299767 
 7.4468304598  0.0061836751  0.0264965806 -0.0008300716 
 7.4709538010  0.0059396991  0.0265919810 -0.0008301670 
 7.4950771562  0.0056943547  0.0266848699 -0.0008302630 
 7.5192004869  0.0054476700  0.0267752286 -0.0008303595 
 7.5433237875  0.0051996720  0.0268630393 -0.0008304566 
 7.5674471166  0.0049503868  0.0269482849 -0.0008305542 
 7.5915705409  0.0046998412  0.0270309483 -0.0008306523 
 7.6156940251  0.0044480638  0.0271110123 -0.0008307510 
 7.6398175608  0.0041950828  0.0271884599 -0.0008308503 
 7.6639412076  0.0039409250  0.0272632751 -0.0008309501 
 7.6880650294  0.0036856179  0.0273354421 -0.0008310505 
 7.7121889892  0.0034291913  0.0274049447 -0.0008311515 
 7.7363130810  0.0031716737  0.0274717671 -0.0008312530 
 7.7604373632  0.0029130930  0.0275358945 -0.0008313551 
 7.7845618994  0.0026534776  0.0275973120 -0.0008314578 
 7.8086866639  0.0023928576  0.0276560047 -0.0008315610 
 7.8328116398  0.0021312627  0.0277119580 -0.0008316649 
 7.8569368885  0.0018687213  0.0277651582 -0.0008317693 
 7.8810624688  0.0016052627  0.0278155915 -0.0008318744 
 7.9051883613  0.0013409176  0.0278632444 -0.0008319800 
 7.9293145435  0.0010757166  0.0279081034 -0.0008320862 
 7.9534410776  0.0008096888  0.0279501559 -0.0008321931 
 7.9775680196  0.0005428640  0.0279893896 -0.0008323005 
 8.0016953694  0.0002752736  0.0280257918 -0.0008324086 
 8.0258230858  0.0000069490  0.0280593506 -0.0008325173 
 8.0499512359 -0.0002620800  0.0280900544 -0.0008326266 
 8.0740798689 -0.0005317828  0.0281178921 -0.0008327365 
 8.0982089988 -0.0008021278  0.0281428524 -0.0008328471 
 8.1223385710 -0.0010730825  0.0281649247 -0.0008329583 
 8.1464686554 -0.0013446166  0.0281840986 -0.0008330702 
 8.1705992964 -0.0016166989  0.0282003641 -0.0008331827 
 8.1947305349 -0.0018892975  0.0282137115 -0.0008332959 
 8.2188622898 -0.0021623790  0.0282241313 -0.0008334097 
 8.2429946383 -0.0024359123  0.0282316142 -0.0008335241 
 8.2671276156 -0.0027098660  0.0282361520 -0.0008336393 
 8.2912612845 -0.0029842075  0.0282377358 -0.0008337551 
 8.3153955428 -0.0032589029  0.0282363576 -0.0008338716 
 8.3395304724 -0.0035339204  0.0282320096 -0.0008339888 
 8.3636661016 -0.0038092279  0.0282246846 -0.0008341066 
 8.3878025116 -0.0040847929  0.0282143753 -0.0008342252 
 8.4119395980 -0.0043605806  0.0282010750 -0.0008343444 
 8.4360774263 -0.0046365585  0.0281847771 -0.0008344644 
 8.4602160330 -0.0049126943  0.0281654759 -0.0008345850 
 8.4843554882 -0.0051889549  0.0281431653 -0.0008347064 
 8.5084957204 -0.0054653053  0.0281178401 -0.0008348285 
 8.5326367629 -0.0057417122  0.0280894952 -0.0008349513 
 8.5567786601 -0.0060181428  0.0280581260 -0.0008350748 
 8.5809214719 -0.0062945636  0.0280237281 -0.0008351991 
 8.6050651717 -0.0065709399  0.0279862974 -0.0008353241 
 8.6292097487 -0.0068472373  0.0279458303 -0.0008354499 
 8.6533552586 -0.0071234225  0.0279023236 -0.0008355764 
 8.6775017476 -0.0073994618  0.0278557744 -0.0008357037 
 8.7016492297 -0.0076753205  0.0278061798 -0.0008358318 
 8.7257976494 -0.0079509633  0.0277535380 -0.0008359606 
 8.7499470539 -0.0082263562  0.0276978470 -0.0008360902 
 8.7740974656 -0.0085014653  0.0276391054 -0.0008362205 
 8.7982488881 -0.0087762553  0.0275773120 -0.0008363517 
 8.8224012361 -0.0090506902  0.0275124664 -0.0008364837 
 8.8465545346 -0.0093247356  0.0274445682 -0.0008366165 
 8.8707088056 -0.0095983571  0.0273736174 -0.0008367500 
 8.8948640271 -0.0098715190  0.0272996146 -0.0008368844 
 8.9190201168 -0.0101441851  0.0272225608 -0.0008370196 
 8.9431771039 -0.0104163206  0.0271424572 -0.0008371557 
 8.9673349949 -0.0106878910  0.0270593054 -0.0008372926 
 8.9914937570 -0.0109588601  0.0269731075 -0.0008374303 
 9.0156533233 -0.0112291916  0.0268838661 -0.0008375689 
 9.0398137118 -0.0114988507  0.0267915840 -0.0008377083 
 9.0639749484 -0.0117678025  0.0266962644 -0.0008378486 
 9.0881369562 -0.0120360105  0.0265979110 -0.0008379897 
 9.1122997110 -0.0123034385  0.0264965279 -0.0008381318 
 9.1364632211 -0.0125700519  0.0263921196 -0.0008382747 
 9.1606275239 -0.0128358154  0.0262846906 -0.0008384185 
 9.1847925031 -0.0131006920  0.0261742467 -0.0008385632 
 9.2089581764 -0.0133646461  0.0260607933 -0.0008387089 
 9.2331245509 -0.0136276429  0.0259443364 -0.0008388554 
 9.2572916597 -0.0138896471  0.0258248823 -0.0008390029 
 9.2814593591 -0.0141506212  0.0257024383 -0.0008391512 
 9.3056276908 -0.0144105299  0.0255770116 -0.0008393006 
 9.3297966673 -0.0146693387  0.0254486098 -0.0008394509 
 9.3539662959 -0.0149270117  0.0253172406 -0.0008396021 
 9.3781364756 -0.0151835119  0.0251829131 -0.0008397543 
 9.4023072327 -0.0154388042  0.0250456361 -0.0008399075 
 9.4264785804 -0.0156928539  0.0249054187 -0.0008400616 
 9.4506504694 -0.0159456245  0.0247622708 -0.0008402167 
 9.4748228629 -0.0161970799  0.0246162027 -0.0008403729 
 9.4989957887 -0.0164471854  0.0244672248 -0.0008405300 
 9.5231692765 -0.0166959062  0.0243153477 -0.0008406882 
 9.5473432044 -0.0169432052  0.0241605833 -0.0008408474 
 9.5715175834 -0.0171890469  0.0240029438 -0.0008410076 
 9.5956924263 -0.0174333971  0.0238424408 -0.0008411689 
 9.6198677490 -0.0176762204  0.0236790869 -0.0008413312 
 9.6440434568 -0.0179174805  0.0235128956 -0.0008414946 
 9.6682195706 -0.0181571423  0.0233438804 -0.0008416590 
 9.6923961195 -0.0183951718  0.0231720548 -0.0008418245 
 9.7165730393 -0.0186315332  0.0229974334 -0.0008419912 
 9.7407502715 -0.0188661904  0.0228200313 -0.0008421589 
 9.7649278530 -0.0190991095  0.0226398636 -0.0008423278 
 9.7891058310 -0.0193302564  0.0224569452 -0.0008424977 
 9.8132840636 -0.0195595948  0.0222712929 -0.0008426688 
 9.8374625921 -0.0197870900  0.0220829234 -0.0008428411 
 9.8616414290 -0.0200127087  0.0218918529 -0.0008430145 
 9.8858205384 -0.0202364157  0.0216980988 -0.0008431891 
 9.9099998510 -0.0204581757  0.0215016796 -0.0008433648 
 9.9341793793 -0.0206779549  0.0213026133 -0.0008435418 
 9.9583591874 -0.0208957202  0.0211009178 -0.0008437199 
 9.9825391278 -0.0211114360  0.0208966129 -0.0008438993 
10.0067192563 -0.0213250683  0.0206897182 -0.0008440798 
10.0308995744 -0.0215365845  0.0204802530 -0.0008442617 
10.0550800609 -0.0217459502  0.0202682378 -0.0008444447 
10.0792606269 -0.0219531311  0.0200536940 -0.0008446291 
10.1034413143 -0.0221580940  0.0198366427 -0.0008448147 
10.1276221350 -0.0223608066  0.0196171049 -0.0008450016 
10.1518029585 -0.0225612341  0.0193951036 -0.0008451898 
10.1759838319 -0.0227593435  0.0191706617 -0.0008453793 
10.2001647762 -0.0229551032  0.0189438011 -0.0008455702 
10.2243457733 -0.0231484800  0.0187145452 -0.0008457623 
10.2485267336 -0.0233394403  0.0184829189 -0.0008459559 
10.2727076981 -0.0235279523  0.0182489463 -0.0008461508 
10.2968886713 -0.0237139843  0.0180126513 -0.0008463471 
10.3210695362 -0.0238975030  0.0177740602 -0.0008465448 
10.3452502976 -0.0240784762  0.0175331992 -0.0008467439 
10.3694310148 -0.0242568735  0.0172900932 -0.0008469445 
10.3936115929 -0.0244326627  0.0170447691 -0.0008471465 
10.4177920272 -0.0246058116  0.0167972546 -0.0008473499 
10.4419723521 -0.0247762901  0.0165475765 -0.0008475549 
10.4661525330 -0.0249440671  0.0162957624 -0.0008477613 
10.4903324892 -0.0251091109  0.0160418417 -0.0008479692 
10.5145122549 -0.0252713913  0.0157858432 -0.0008481787 
10.5386918467 -0.0254308786  0.0155277952 -0.0008483897 
10.5628711324 -0.0255875415  0.0152677285 -0.0008486023 
10.5870501213 -0.0257413498  0.0150056741 -0.0008488165 
10.6112288777 -0.0258922750  0.0147416612 -0.0008490322 
10.6354072805 -0.0260402870  0.0144757215 -0.0008492496 
10.6595853329 -0.0261853556  0.0142078876 -0.0008494686 
10.6837630840 -0.0263274533  0.0139381904 -0.0008496893 
10.7079404843 -0.0264665508  0.0136666623 -0.0008499117 
10.7321174586 -0.0266026188  0.0133933375 -0.0008501357 
10.7562940432 -0.0267356295  0.0131182493 -0.0008503615 
10.7804702020 -0.0268655552  0.0128414311 -0.0008505890 
10.8046458616 -0.0269923674  0.0125629184 -0.0008508183 
10.8288210474 -0.0271160388  0.0122827460 -0.0008510493 
10.8529957479 -0.0272365426  0.0120009489 -0.0008512822 
10.8771698533 -0.0273538511  0.0117175638 -0.0008515169 
10.9013434291 -0.0274679380  0.0114326273 -0.0008517534 
10.9255164842 -0.0275787775  0.0111461750 -0.0008519918 
10.9496888668 -0.0276863426  0.0108582456 -0.0008522321 
10.9738606538 -0.0277906077  0.0105688775 -0.0008524743 
10.9980318555 -0.0278915484  0.0102781074 -0.0008527185 
11.0222023193 -0.0279891383  0.0099859756 -0.0008529647 
11.0463720936 -0.0280833527  0.0096925225 -0.0008532129 
11.0705411817 -0.0281741681  0.0093977862 -0.0008534631 
11.0947094765 -0.0282615594  0.0091018083 -0.0008537153 
11.1188769700 -0.0283455029  0.0088046307 -0.0008539697 
11.1430436720 -0.0284259756  0.0085062941 -0.0008542261 
11.1672095082 -0.0285029543  0.0082068406 -0.0008544847 
11.1913744863 -0.0285764160  0.0079063134 -0.0008547455 
11.2155385928 -0.0286463388  0.0076047550 -0.0008550085 
11.2397017607 -0.0287127006  0.0073022096 -0.0008552737 
11.2638639861 -0.0287754798  0.0069987218 -0.0008555412 
11.2880252716 -0.0288346557  0.0066943356 -0.0008558110 
11.3121855374 -0.0288902071  0.0063890968 -0.0008560832 
11.3363447499 -0.0289421136  0.0060830522 -0.0008563577 
11.3605029130 -0.0289903560  0.0057762476 -0.0008566346 
11.3846599676 -0.0290349144  0.0054687302 -0.0008569140 
11.4088158733 -0.0290757699  0.0051605482 -0.0008571959 
11.4329706070 -0.0291129041  0.0048517499 -0.0008574803 
11.4571241333 -0.0291462991  0.0045423840 -0.0008577673 
11.4812763807 -0.0291759371  0.0042325004 -0.0008580568 
11.5054274022 -0.0292018014  0.0039221488 -0.0008583491 
11.5295771103 -0.0292238755  0.0036113794 -0.0008586440 
11.5537254327 -0.0292421430  0.0033002449 -0.0008589417 
11.5778724263 -0.0292565891  0.0029887965 -0.0008592421 
11.6020180476 -0.0292671988  0.0026770856 -0.0008595454 
11.6261621456 -0.0292739572  0.0023651672 -0.0008598516 
11.6503047766 -0.0292768512  0.0020530956 -0.0008601607 
11.6744458989 -0.0292758679  0.0017409233 -0.0008604727 
11.6985853981 -0.0292709941  0.0014287069 -0.0008607878 
11.7227233083 -0.0292622183  0.0011165026 -0.0008611060 
11.7468595967 -0.0292495296  0.0008043654 -0.0008614274 
11.7709941350 -0.0292329168  0.0004923535 -0.0008617519 
11.7951269281 -0.0292123706  0.0001805257 -0.0008620797 
11.8192579470 -0.0291878820 -0.0001310609 -0.0008624108 
11.8433871125 -0.0291594422 -0.0004423466 -0.0008627453 
11.8675144115 -0.0291270436 -0.0007532711 -0.0008630833 
11.8916398136 -0.0290906796 -0.0010637744 -0.0008634247 
11.9157632206 -0.0290503439 -0.0013737948 -0.0008637697 
11.9398846750 -0.0290060313 -0.0016832701 -0.0008641184 
11.9640040820 -0.0289577374 -0.0019921385 -0.0008644708 
11.9881212825 -0.0289054586 -0.0023003344 -0.0008648269 
12.0122363606 -0.0288491927 -0.0026077936 -0.0008651870 
12.0363492542 -0.0287889377 -0.0029144535 -0.0008655509 
12.0604598144 -0.0287246924 -0.0032202461 -0.0008659189 
12.0845680923 -0.0286564577 -0.0035251047 -0.0008662910 
12.1086740133 -0.0285842347 -0.0038289639 -0.0008666673 
12.1327774598 -0.0285080253 -0.0041317540 -0.0008670479 
12.1568784020 -0.0284278334 -0.0044334057 -0.0008674328 
12.1809768471 -0.0283436633 -0.0047338509 -0.0008678222 
12.2050726359 -0.0282555203 -0.0050330188 -0.0008682161 
12.2291657749 -0.0281634115 -0.0053308372 -0.0008686147 
12.2532562416 -0.0280673449 -0.0056272358 -0.0008690180 
12.2773438371 -0.0279673294 -0.0059221410 -0.0008694262 
12.3014286550 -0.0278633762 -0.0062154786 -0.0008698394 
12.3255106132 -0.0277554965 -0.0065071771 -0.0008702576 
12.3495894548 -0.0276385026 -0.0068455441 -0.0008706829 
12.3736651950 -0.0275365839 -0.0070380292 -0.0008711119 
12.3977379255 -0.0274005053 -0.0074114540 -0.0008715479 
12.4218073496 -0.0272942326 -0.0076135525 -0.0008719877 
12.4458735424 -0.0271489675 -0.0079808994 -0.0008724346 
12.4699364916 -0.0270371360 -0.0081759418 -0.0008728856 
12.4939959859 -0.0268813944 -0.0085382732 -0.0008733441 
12.5180519930 -0.0267646939 -0.0087306429 -0.0008738070 
12.5421046334 -0.0265990611 -0.0090871690 -0.0008742777 
12.5661534220 -0.0264773189 -0.0092755117 -0.0008747530 
12.5901985788 -0.0263017014 -0.0096263328 -0.0008752365 
12.6142400324 -0.0261751349 -0.0098106438 -0.0008757249 
12.6382775586 -0.0259897644 -0.0101549561 -0.0008762219 
12.6623110797 -0.0258584375 -0.0103350228 -0.0008767241 
12.6863407054 -0.0256634392 -0.0106725763 -0.0008772353 
12.7103661751 -0.0255159846 -0.0108774450 -0.0008777542 
12.7343873032 -0.0253405699 -0.0111388367 -0.0008782807 
12.7584042220 -0.0251657842 -0.0113880049 -0.0008788149 
12.7824167108 -0.0249875840 -0.0116331391 -0.0008793568 
12.8064247156 -0.0248060616 -0.0118754535 -0.0008799067 
12.8304281969 -0.0246212628 -0.0121143340 -0.0008804649 
12.8544270782 -0.0244332259 -0.0123497313 -0.0008810315 
12.8784211553 -0.0242420117 -0.0125816044 -0.0008816068 
12.9024105053 -0.0240476789 -0.0128098600 -0.0008821910 
12.9263949867 -0.0238502838 -0.0130344049 -0.0008827844 
12.9503743247 -0.0236498917 -0.0132551504 -0.0008833872 
12.9743485794 -0.0234465689 -0.0134720115 -0.0008839997 
12.9983177671 -0.0232403796 -0.0136849019 -0.0008846222 
13.0222814552 -0.0230313958 -0.0138937304 -0.0008852549 
13.0462396750 -0.0228196951 -0.0140984117 -0.0008858981 
13.0701923127 -0.0226053493 -0.0142988595 -0.0008865521 
13.0941394405 -0.0223884383 -0.0144949880 -0.0008872172 
13.1180805322 -0.0221690432 -0.0146867084 -0.0008878937 
13.1420158385 -0.0219472540 -0.0148739384 -0.0008885819 
13.1659451959 -0.0217231502 -0.0150565935 -0.0008892822 
13.1898683695 -0.0214968270 -0.0152345877 -0.0008899948 
13.2137853262 -0.0212683780 -0.0154078401 -0.0008907200 
13.2376962243 -0.0210378964 -0.0155762705 -0.0008914584 
13.2616004511 -0.0208054807 -0.0157397938 -0.0008922101 
13.2854982932 -0.0205712396 -0.0158983342 -0.0008929756 
13.3093896234 -0.0203352684 -0.0160518137 -0.0008937553 
13.3332740657 -0.0200976799 -0.0162001522 -0.0008945495 
13.3571515498 -0.0198585872 -0.0163432768 -0.0008953587 
13.3810220489 -0.0196181003 -0.0164811142 -0.0008961832 
13.4048853962 -0.0193763349 -0.0166135920 -0.0008970235 
13.4287413415 -0.0191334117 -0.0167406401 -0.0008978800 
13.4525896336 -0.0188894537 -0.0168621908 -0.0008987532 
13.4764306547 -0.0186445832 -0.0169781819 -0.0008996435 
13.5002636864 -0.0183989219 -0.0170885457 -0.0009005515 
13.5240888928 -0.0181526096 -0.0171932246 -0.0009014775 
13.5479063497 -0.0179057669 -0.0172921623 -0.0009024221 
13.5717157084 -0.0176585291 -0.0173853000 -0.0009033859 
13.5955168075 -0.0174110364 -0.0174725871 -0.0009043694 
13.6193099616 -0.0171634223 -0.0175539764 -0.0009053730 
13.6430930352 -0.0169158304 -0.0176294100 -0.0009063974 
13.6668656771 -0.0166684333 -0.0176988515 -0.0009074430 
13.6906276613 -0.0164213584 -0.0177622624 -0.0009085104 
13.7143787436 -0.0161747535 -0.0178196033 -0.0009096004 
13.7381190568 -0.0159287644 -0.0178708457 -0.0009107133 
13.7618483506 -0.0156835346 -0.0179159600 -0.0009118500 
13.7855664997 -0.0154392163 -0.0179549224 -0.0009130110 
13.8092736708 -0.0151959557 -0.0179877139 -0.0009141971 
13.8329693807 -0.0149539005 -0.0180143147 -0.0009154089 
13.8566535640 -0.0147132082 -0.0180347146 -0.0009166471 
13.8803262722 -0.0144740241 -0.0180489049 -0.0009179124 
13.9039873484 -0.0142364981 -0.0180568789 -0.0009192056 
13.9276365224 -0.0140007839 -0.0180586366 -0.0009205274 
13.9512740661 -0.0137670317 -0.0180541831 -0.0009218786 
13.9748995587 -0.0135353871 -0.0180435224 -0.0009232600 
13.9985130874 -0.0133060068 -0.0180266690 -0.0009246724 
14.0221147196 -0.0130790332 -0.0180036377 -0.0009261166 
14.0457038324 -0.0128546172 -0.0179744459 -0.0009275935 
14.0692806490 -0.0126329120 -0.0179391228 -0.0009291040 
14.0928446111 -0.0124140565 -0.0178976924 -0.0009306488 
14.1163961842 -0.0121982024 -0.0178501910 -0.0009322289 
14.1399350957 -0.0119854816 -0.0177966507 -0.0009338452 
14.1634611602 -0.0117760438 -0.0177371140 -0.0009354987 
14.1869746759 -0.0115700249 -0.0176716271 -0.0009371902 
14.2104754880 -0.0113675571 -0.0176002343 -0.0009389209 
14.2339632411 -0.0111687804 -0.0175229900 -0.0009406915 
14.2574384704 -0.0109738266 -0.0174399532 -0.0009425032 
14.2809006869 -0.0107828174 -0.0173511772 -0.0009443569 
14.3043501322 -0.0105958889 -0.0172567316 -0.0009462538 
14.3277870184 -0.0104131556 -0.0171566802 -0.0009481948 
14.3512108196 -0.0102347404 -0.0170510918 -0.0009501809 
14.3746222467 -0.0100607646 -0.0169400469 -0.0009522133 
14.3980209102 -0.0098913309 -0.0168236137 -0.0009542931 
14.4214067460 -0.0097265604 -0.0167018798 -0.0009564213 
14.4447801439 -0.0095665543 -0.0165749287 -0.0009585991 
14.4681409896 -0.0094114123 -0.0164428422 -0.0009608276 
14.4914890496 -0.0092612378 -0.0163057145 -0.0009631079 
14.5148250604 -0.0091161239 -0.0161636401 -0.0009654411 
14.5381484196 -0.0089761545 -0.0160167061 -0.0009678284 
14.5614596260 -0.0088414257 -0.0158650215 -0.0009702710 
14.5847589648 -0.0087120083 -0.0157086790 -0.0009727701 
14.6080459207 -0.0085879832 -0.0155477821 -0.0009753267 
14.6313215034 -0.0084694257 -0.0153824445 -0.0009779421 
14.6545852755 -0.0083563924 -0.0152127604 -0.0009806175 
14.6778372698 -0.0082489571 -0.0150388525 -0.0009833541 
14.7010780882 -0.0081471711 -0.0148608314 -0.0009861529 
14.7243076651 -0.0080510841 -0.0146788043 -0.0009890154 
14.7475258776 -0.0079607473 -0.0144928953 -0.0009919425 
14.7707337339 -0.0078762003 -0.0143032236 -0.0009949355 
14.7939305599 -0.0077974731 -0.0141098982 -0.0009979957 
14.8171171249 -0.0077246057 -0.0139130577 -0.0010011241 
14.8402938680 -0.0076576118 -0.0137128122 -0.0010043221 
14.8634602752 -0.0075965143 -0.0135092891 -0.0010075907 
14.8866177087 -0.0075413280 -0.0133026260 -0.0010109312 
14.9097657338 -0.0074920499 -0.0130929310 -0.0010143448 
14.9329044807 -0.0074486904 -0.0128803530 -0.0010178326 
14.9560348369 -0.0074112368 -0.0126650194 -0.0010213958 
14.9791566539 -0.0073796756 -0.0124470523 -0.0010250355 
15.0022702362 -0.0073539911 -0.0122265982 -0.0010287529 
15.0253754616 -0.0073341535 -0.0120037901 -0.0010325490 
15.0484732488 -0.0073201323 -0.0117787679 -0.0010364251 
15.0715637562 -0.0073118838 -0.0115516568 -0.0010403822 
15.0946467655 -0.0073093643 -0.0113226044 -0.0010444214 
15.1177238093 -0.0073125189 -0.0110917536 -0.0010485439 
15.1407945122 -0.0073212835 -0.0108592215 -0.0010527507 
15.1638590479 -0.0073355952 -0.0106251713 -0.0010570428 
15.1869185860 -0.0073553742 -0.0103897381 -0.0010614215 
15.2099732067 -0.0073805395 -0.0101530470 -0.0010658876 
15.2330229632 -0.0074110028 -0.0099152533 -0.0010704421 
15.2560693933 -0.0074466658 -0.0096764974 -0.0010750863 
15.2791116394 -0.0074874246 -0.0094369006 -0.0010798209 
15.3021512591 -0.0075331708 -0.0091966321 -0.0010846470 
15.3251884504 -0.0075837832 -0.0089558018 -0.0010895657 
15.3482231357 -0.0076391412 -0.0087145632 -0.0010945776 
15.3712570465 -0.0076991102 -0.0084730591 -0.0010996840 
15.3942900363 -0.0077635557 -0.0082313998 -0.0011048857 
15.4173221872 -0.0078323330 -0.0079897455 -0.0011101834 
15.4403550523 -0.0079052885 -0.0077482291 -0.0011155781 
15.4633884994 -0.0079822708 -0.0075069607 -0.0011210707 
15.4864231977 -0.0080631163 -0.0072660928 -0.0011266618 
15.5094602604 -0.0081476564 -0.0070257442 -0.0011323525 
15.5324990196 -0.0082357217 -0.0067860338 -0.0011381431 
15.5555414456 -0.0083271303 -0.0065471086 -0.0011440348 
15.5785874335 -0.0084217062 -0.0063090546 -0.0011500280 
15.6016370964 -0.0085192613 -0.0060720151 -0.0011561232 
15.6246919248 -0.0086196013 -0.0058361063 -0.0011623214 
15.6477520645 -0.0087225416 -0.0056014176 -0.0011686229 
15.6708177752 -0.0088278821 -0.0053680750 -0.0011750283 
15.6938907561 -0.0089354228 -0.0051361816 -0.0011815381 
15.7169700481 -0.0090449706 -0.0049058180 -0.0011881526 
15.7400574358 -0.0091563133 -0.0046771150 -0.0011948723 
15.7631535457 -0.0092692569 -0.0044501301 -0.0012016977 
15.7862581157 -0.0093835990 -0.0042249609 -0.0012086286 
15.8093730537 -0.0094991272 -0.0040017049 -0.0012156658 
15.8324982518 -0.0096156510 -0.0037804101 -0.0012228090 
15.8556337674 -0.0097329606 -0.0035611746 -0.0012300584 
15.8787812327 -0.0098508507 -0.0033440686 -0.0012374140 
15.9019403507 -0.0099691348 -0.0031291322 -0.0012448757 
15.9251118559 -0.0100876068 -0.0029164477 -0.0012524433 
15.9482970944 -0.0102060753 -0.0027060575 -0.0012601168 
15.9714952244 -0.0103243583 -0.0024979995 -0.0012678955 
15.9947082205 -0.0104422552 -0.0022923444 -0.0012757794 
16.0179358619 -0.0105595994 -0.0020890964 -0.0012837679 
16.0411783522 -0.0106762062 -0.0018883102 -0.0012918602 
16.0644367200 -0.0107918992 -0.0016900138 -0.0013000559 
16.0877110136 -0.0109065214 -0.0014942174 -0.0013083542 
16.1110016318 -0.0110199063 -0.0013009509 -0.0013167542 
16.1343097287 -0.0111319000 -0.0011102250 -0.0013252554 
16.1576344570 -0.0112423630 -0.0009220383 -0.0013338562 
16.1809727617 -0.0113511384 -0.0007364260 -0.0013425545 
16.2043222330 -0.0114580645 -0.0005534323 -0.0013513479 
16.2276814832 -0.0115630092 -0.0003730637 -0.0013602347 
16.2510518871 -0.0116658584 -0.0001953103 -0.0013692138 
16.2744334574 -0.0117665226 -0.0000201340 -0.0013782838 
16.2978251973 -0.0118648950  0.0001524633 -0.0013874428 
16.3212290122 -0.0119608701  0.0003224816 -0.0013966901 
16.3446434445 -0.0120543868  0.0004899713 -0.0014060234 
16.3680683841 -0.0121453506  0.0006549170 -0.0014154412 
16.3915064188 -0.0122336924  0.0008173451 -0.0014249429 
16.4149544080 -0.0123193816  0.0009773097 -0.0014345256 
16.4384148562 -0.0124023262  0.0011347700 -0.0014441889 
16.4618881576 -0.0124825093  0.0012897965 -0.0014539312 
16.4853722618 -0.0125565452  0.0014495819 -0.0014637468 
16.5088695345 -0.0126350816  0.0015905436 -0.0014736378 
16.5323799247 -0.0127061891  0.0017398804 -0.0014836035 
16.5559013297 -0.0127747303  0.0018857806 -0.0014936420 
16.5794367647 -0.0128406818  0.0020286480 -0.0015037532 
16.6029847899 -0.0129037243  0.0021692505 -0.0015139350 
16.6265459618 -0.0129638452  0.0023074730 -0.0015241866 
16.6501222392 -0.0130210756  0.0024433078 -0.0015345074 
16.6737116009 -0.0130754358  0.0025767706 -0.0015448954 
16.6973151495 -0.0131269005  0.0027078061 -0.0015553501 
16.7209345568 -0.0131755039  0.0028364296 -0.0015658711 
16.7445677737 -0.0132212694  0.0029626276 -0.0015764565 
16.7682160144 -0.0132641825  0.0030863324 -0.0015871061 
16.7918811693 -0.0133042809  0.0032075458 -0.0015978199 
16.8155621062 -0.0133415901  0.0033262421 -0.0016085966 
16.8392581731 -0.0133761075  0.0034423489 -0.0016194353 
16.8629728189 -0.0134078476  0.0035558216 -0.0016303369 
16.8867029901 -0.0134368574  0.0036666585 -0.0016412996 
16.9104507928 -0.0134631083  0.0037747334 -0.0016523239 
16.9342176670 -0.0134866405  0.0038800415 -0.0016634100 
16.9580012622 -0.0135074648  0.0039825198 -0.0016745565 
16.9818034394 -0.0135255652  0.0040820588 -0.0016857640 
17.0056267650 -0.0135409655  0.0041786313 -0.0016970335 
17.0294677640 -0.0135536761  0.0042721832 -0.0017083631 
17.0533285337 -0.0135636657  0.0043625707 -0.0017197537 
17.0772112962 -0.0135709521  0.0044497724 -0.0017312062 
17.1011120828 -0.0135755322  0.0045337232 -0.0017427186 
17.1250299772 -0.0135773724  0.0046142748 -0.0017542905 
17.1489510254 -0.0135764794  0.0046914052 -0.0017659150 
17.1728767438 -0.0135727977  0.0047648578 -0.0017775927 
17.1967979294 -0.0135663583  0.0048347233 -0.0017893189 
17.2207132609 -0.0135571192  0.0049007842 -0.0018010927 
17.2446247651 -0.0135450751  0.0049630278 -0.0018129149 
17.2685325794 -0.0135302109  0.0050214152 -0.0018247852 
17.2924383845 -0.0135124945  0.0050758529 -0.0018367043 
17.3163440403 -0.0134918965  0.0051262934 -0.0018486728 
17.3402503833 -0.0134683822  0.0051726826 -0.0018606908 
17.3641583765 -0.0134419118  0.0052149546 -0.0018727585 
17.3880699315 -0.0134124437  0.0052530565 -0.0018848766 
17.4119862828 -0.0133799327  0.0052869536 -0.0018970453 
17.4359079760 -0.0133443314  0.0053166015 -0.0019092644 
17.4598373341 -0.0133055918  0.0053419511 -0.0019215348 
17.4837751749 -0.0132636614  0.0053629994 -0.0019338563 
17.5077222849 -0.0132184915  0.0053797103 -0.0019462288 
17.5316819027 -0.0131700325  0.0053920581 -0.0019586533 
17.5556531066 -0.0131182282  0.0054000839 -0.0019711288 
17.5796379624 -0.0130630423  0.0054037312 -0.0019836556 
17.6036403101 -0.0130044236  0.0054030314 -0.0019962350 
17.6276484764 -0.0129423182  0.0053981186 -0.0020088601 
17.6516491737 -0.0128767555  0.0053888979 -0.0020215231 
17.6756451382 -0.0128077577  0.0053753189 -0.0020342245 
17.6996389767 -0.0127352708  0.0053575886 -0.0020469645 
17.7236324280 -0.0126592923  0.0053357392 -0.0020597430 
17.7476273996 -0.0125798207  0.0053098217 -0.0020725600 
17.7716260162 -0.0124968564  0.0052799061 -0.0020854156 
17.7956301338 -0.0124104054  0.0052460696 -0.0020983098 
17.8196418598 -0.0123204829  0.0052083842 -0.0021112428 
17.8436620607 -0.0122271063  0.0051669459 -0.0021242140 
17.8676835165 -0.0121303047  0.0051219071 -0.0021372188 
17.8917019403 -0.0120301877  0.0050732705 -0.0021502539 
17.9157181179 -0.0119268110  0.0050211472 -0.0021633189 
17.9397338579 -0.0118202123  0.0049656799 -0.0021764137 
17.9637501876 -0.0117104487  0.0049069803 -0.0021895382 
17.9877645203 -0.0115975867  0.0048451837 -0.0022026902 
18.0117785124 -0.0114817397  0.0047803253 -0.0022158699 
18.0357928549 -0.0113629484  0.0047125822 -0.0022290772 
18.0598095578 -0.0112413064  0.0046420308 -0.0022423125 
18.0838298574 -0.0111168780  0.0045688060 -0.0022555761 
18.1078553689 -0.0109897522  0.0044930017 -0.0022688685 
18.1318798823 -0.0108599893  0.0044148275 -0.0022821860 
18.1558996758 -0.0107277784  0.0043342923 -0.0022955263 
18.1799179392 -0.0105932187  0.0042514895 -0.0023088910 
18.2039380017 -0.0104563372  0.0041666005 -0.0023222817 
18.2279604086 -0.0103172140  0.0040797412 -0.0023356987 
18.2519879450 -0.0101759707  0.0039909503 -0.0023491437 
18.2760229546 -0.0100326577  0.0039003645 -0.0023626180 
18.3000684977 -0.0098873643  0.0038080522 -0.0023761238 
18.3241167573 -0.0097401204  0.0037142557 -0.0023896571 
18.3481618639 -0.0095911784  0.0036189164 -0.0024032150 
18.3722046002 -0.0094406438  0.0035221065 -0.0024167987 
18.3962455334 -0.0092885335  0.0034239892 -0.0024304089 
18.4202861636 -0.0091349480  0.0033245890 -0.0024440471 
18.4443265043 -0.0089799363  0.0032239896 -0.0024577142 
18.4683666439 -0.0088235836  0.0031222093 -0.0024714108 
18.4924055805 -0.0086659355  0.0030193034 -0.0024851374 
18.5164436401 -0.0085070624  0.0029152649 -0.0024988950 
18.5404817694 -0.0083469785  0.0028101252 -0.0025126849 
18.5645215099 -0.0081856958  0.0027038902 -0.0025265090 
18.5885628673 -0.0080231958  0.0025965961 -0.0025403682 
18.6126066744 -0.0078594976  0.0024882161 -0.0025542639 
18.6366421275 -0.0076944928  0.0023789721 -0.0025681905 
18.6606718220 -0.0075284671  0.0022685271 -0.0025821501 
18.6846954217 -0.0073611159  0.0021572125 -0.0025961429 
18.7087142775 -0.0071924875  0.0020449437 -0.0026101698 
18.7327303108 -0.0070224855  0.0019317857 -0.0026242317 
18.7567461773 -0.0068510353  0.0018177703 -0.0026383300 
18.7807607180 -0.0066780158  0.0017030138 -0.0026524635 
18.8047772205 -0.0065034593  0.0015874275 -0.0026666335 
18.8287990858 -0.0063271863  0.0014711371 -0.0026808412 
18.8528290251 -0.0061491073  0.0013541686 -0.0026950875 
18.8768537430 -0.0059690216  0.0012368182 -0.0027093635 
18.9008700760 -0.0057872876  0.0011187122 -0.0027236661 
18.9248783225 -0.0056036342  0.0010000787 -0.0027379943 
18.9488778737 -0.0054179417  0.0008809830 -0.0027523459 
18.9728699497 -0.0052301678  0.0007613877 -0.0027667201 
18.9968548429 -0.0050401655  0.0006413783 -0.0027811152 
19.0208332214 -0.0048478657  0.0005209740 -0.0027955300 
19.0448011290 -0.0046531285  0.0004003435 -0.0028099602 
19.0687604152 -0.0044560395  0.0002794030 -0.0028244053 
19.0927096891 -0.0042563657  0.0001584552 -0.0028388628 
19.1166378791 -0.0040540785  0.0000377399 -0.0028533246 
19.1405388337 -0.0038494446 -0.0000828175 -0.0028677857 
19.1644126085 -0.0036424025 -0.0002030242 -0.0028822448 
19.1882653015 -0.0034328808 -0.0003227618 -0.0028967043 
19.2121038952 -0.0032207265 -0.0004418693 -0.0029111678 
19.2359299750 -0.0030058283 -0.0005601838 -0.0029256355 
19.2597494407 -0.0027883026 -0.0006778238 -0.0029401108 
19.2835674122 -0.0025679652 -0.0007945967 -0.0029545969 
19.3073895982 -0.0023448040 -0.0009104693 -0.0029690977 
19.3312156686 -0.0021187106 -0.0010252108 -0.0029836134 
19.3550498778 -0.0018898666 -0.0011388922 -0.0029981475 
19.3788716048 -0.0016579518 -0.0012507390 -0.0030126888 
19.4026763142 -0.0014238704 -0.0013613420 -0.0030272359 
19.4264676209 -0.0011873416 -0.0014702030 -0.0030417925 
19.4502408913 -0.0009482498 -0.0015769002 -0.0030563576 
19.4739923560 -0.0007069511 -0.0016815219 -0.0030709312 
19.4976952021 -0.0004633639 -0.0017834457 -0.0030854993 
19.5213572836 -0.0002186034 -0.0018836845 -0.0031000689 
19.5449604950  0.0000283077 -0.0019808535 -0.0031146315 
19.5685127217  0.0002761692 -0.0020760634 -0.0031291941 
19.5920164796  0.0005256306 -0.0021684908 -0.0031437608 
19.6154838601  0.0007762858 -0.0022584592 -0.0031583416 
19.6389259956  0.0010283523 -0.0023456489 -0.0031729462 
19.6623562674  0.0012817321 -0.0024300865 -0.0031875859 
19.6857879270  0.0015364833 -0.0025116692 -0.0032022725 
19.7092336014  0.0017926062 -0.0025903839 -0.0032170173 
19.7327042250  0.0020501019 -0.0026662346 -0.0032318313 
19.7562070449  0.0023089404 -0.0027392290 -0.0032467231 
19.7797328903  0.0025690822 -0.0028091759 -0.0032616914 
19.8031899568  0.0028304451 -0.0028748838 -0.0032766826 
19.8265799853  0.0030896108 -0.0029396042 -0.0032917012 
19.8498913086  0.0033488379 -0.0030006638 -0.0033067424 
19.8731402045  0.0036069190 -0.0030592892 -0.0033218187 
19.8963476799  0.0038644601 -0.0031150268 -0.0033369457 
19.9195355204  0.0041215131 -0.0031680278 -0.0033521394 
19.9427246653  0.0043781891 -0.0032184321 -0.0033674155 
19.9659313710  0.0046346174 -0.0032663206 -0.0033827870 
19.9891571354  0.0048908605 -0.0033116686 -0.0033982569 
20.0124045912  0.0051465017 -0.0033549120 -0.0034138292 
20.0356769283  0.0054014872 -0.0033960957 -0.0034295078 
20.0589788936  0.0056556485 -0.0034353926 -0.0034452978 
20.0822416234  0.0059093314 -0.0034717371 -0.0034611545 
20.1054194548  0.0061599381 -0.0035072167 -0.0034770482 
20.1285331726  0.0064072299 -0.0035422748 -0.0034929930 
20.1516039497  0.0066526035 -0.0035758270 -0.0035090037 
20.1746502720  0.0068959107 -0.0036083714 -0.0035250937 
20.1976848127  0.0071372656 -0.0036401121 -0.0035412730 
20.2207081685  0.0073767374 -0.0036711502 -0.0035575437 
20.2437281292  0.0076140086 -0.0037020091 -0.0035739130 
20.2667526645  0.0078493198 -0.0037326976 -0.0035903884 
20.2897931604  0.0080826373 -0.0037635343 -0.0036069799 
20.3128689819  0.0083140211 -0.0037948511 -0.0036237036 
20.3359959297  0.0085437857 -0.0038267329 -0.0036405732 
20.3590355653  0.0087732137 -0.0038571201 -0.0036574909 
20.3820003342  0.0089963380 -0.0038915299 -0.0036744665 
20.4049016409  0.0092173080 -0.0039264275 -0.0036915081 
20.4277512686  0.0094354380 -0.0039625769 -0.0037086245 
20.4505640991  0.0096507607 -0.0040002600 -0.0037258270 
20.4733616295  0.0098633779 -0.0040396909 -0.0037431327 
20.4961503288  0.0100737227 -0.0040807148 -0.0037605480 
20.5189489382  0.0102813011 -0.0041240791 -0.0037780896 
20.5417819705  0.0104865187 -0.0041698254 -0.0037957793 
20.5646890896  0.0106894284 -0.0042184038 -0.0038136519 
20.5876370444  0.0108913712 -0.0042686302 -0.0038316868 
20.6104816042  0.0110914261 -0.0043202368 -0.0038497759 
20.6332358381  0.0112843621 -0.0043774182 -0.0038679323 
20.6559084398  0.0114745773 -0.0044365258 -0.0038861648 
20.6785201536  0.0116610009 -0.0044984214 -0.0039044923 
20.7010971161  0.0118439673 -0.0045630333 -0.0039229387 
20.7236779123  0.0120235324 -0.0046305380 -0.0039415390 
20.7462567632  0.0122008021 -0.0047000016 -0.0039602928 
20.7688699387  0.0123738900 -0.0047730347 -0.0039792344 
20.7915718636  0.0125440549 -0.0048490098 -0.0039984142 
20.8143704505  0.0127124599 -0.0049270178 -0.0040178443 
20.8371505257  0.0128794710 -0.0050058425 -0.0040374316 
20.8598115705  0.0130410028 -0.0050874168 -0.0040570913 
20.8823823562  0.0131953481 -0.0051727860 -0.0040768463 
20.9048600508  0.0133464915 -0.0052587487 -0.0040966913 
20.9272765179  0.0134919922 -0.0053469281 -0.0041166510 
20.9496740168  0.0136328352 -0.0054367101 -0.0041367599 
20.9720510648  0.0137699169 -0.0055271491 -0.0041570141 
20.9944524333  0.0139008222 -0.0056199407 -0.0041774516 
21.0169260957  0.0140271233 -0.0057140589 -0.0041981144 
21.0394699810  0.0141494844 -0.0058087255 -0.0042189991 
21.0621482691  0.0142648212 -0.0059062200 -0.0042401642 
21.0848759810  0.0143781938 -0.0060022987 -0.0042615294 
21.1075204246  0.0144849962 -0.0060989103 -0.0042829669 
21.1300387523  0.0145822549 -0.0061974819 -0.0043044297 
21.1524656551  0.0146710210 -0.0062971106 -0.0043259428 
21.1748183389  0.0147533551 -0.0063961729 -0.0043475146 
21.1971091675  0.0148281233 -0.0064952129 -0.0043691492 
21.2194070461  0.0148938379 -0.0065953561 -0.0043909058 
21.2416815668  0.0149547614 -0.0066935110 -0.0044127469 
21.2639914449  0.0150048784 -0.0067936544 -0.0044347215 
21.2863738684  0.0150484515 -0.0068932108 -0.0044568565 
21.3088308608  0.0150849757 -0.0069923888 -0.0044791429 
21.3314581969  0.0151108814 -0.0070938111 -0.0045016627 
21.3542119323  0.0151332696 -0.0071928980 -0.0045243573 
21.3770250872  0.0151470218 -0.0072924748 -0.0045471418 
21.3997576724  0.0151543139 -0.0073907648 -0.0045698552 
21.4223849663  0.0151496805 -0.0074909894 -0.0045924484 
21.4449276737  0.0151364536 -0.0075913513 -0.0046149160 
21.4673798935  0.0151160921 -0.0076910191 -0.0046372247 
21.4898043343  0.0150852304 -0.0077924700 -0.0046594095 
21.5121589606  0.0150495904 -0.0078923323 -0.0046814013 
21.5345320902  0.0150011052 -0.0079961516 -0.0047032593 
21.5568786584  0.0149493284 -0.0080982932 -0.0047249118 
21.5792589896  0.0148854804 -0.0082047030 -0.0047463901 
21.6016895100  0.0148158661 -0.0083119808 -0.0047676818 
21.6241769484  0.0147385831 -0.0084216708 -0.0047887660 
21.6467992164  0.0146515883 -0.0085356129 -0.0048096873 
21.6694969359  0.0145618981 -0.0086498065 -0.0048303625 
21.6923862387  0.0144587302 -0.0087712885 -0.0048508691 
21.7153615243  0.0143564830 -0.0088917373 -0.0048710835 
21.7383589136  0.0142449930 -0.0090172909 -0.0048909255 
21.7613464559  0.0141271318 -0.0091466780 -0.0049103470 
21.7843509572  0.0140023213 -0.0092806496 -0.0049293520 
21.8073636163  0.0138738114 -0.0094178038 -0.0049479150 
21.8303741878  0.0137402050 -0.0095594079 -0.0049660117 
21.8533535396  0.0136028499 -0.0097051897 -0.0049836059 
21.8762568609  0.0134622802 -0.0098552570 -0.0050006534 
21.8991677158  0.0133144974 -0.0100126153 -0.0050172078 
21.9220150343  0.0131697345 -0.0101717481 -0.0050332094 
21.9449095006  0.0130159090 -0.0103401748 -0.0050487288 
21.9677565973  0.0128679130 -0.0105096521 -0.0050636943 
21.9906550683  0.0127111605 -0.0106889450 -0.0050781655 
22.0135498607  0.0125596106 -0.0108703825 -0.0050921010 
22.0364995194  0.0124029405 -0.0110600599 -0.0051055310 
22.0594932843  0.0122489637 -0.0112538275 -0.0051184422 
22.0825418658  0.0120939457 -0.0114538775 -0.0051308341 
22.1056858126  0.0119384840 -0.0116602462 -0.0051427207 
22.1288788880  0.0117864837 -0.0118706695 -0.0051540702 
22.1522228257  0.0116302328 -0.0120900104 -0.0051649244 
22.1756052878  0.0114824627 -0.0123109128 -0.0051752217 
22.1990422941  0.0113312251 -0.0125399426 -0.0051849656 
22.2224533290  0.0111862232 -0.0127715996 -0.0051941211 
22.2458762441  0.0110401967 -0.0130099276 -0.0052027054 
22.2692873306  0.0109001998 -0.0132510925 -0.0052107120 
22.2927309509  0.0107615300 -0.0134977471 -0.0052181593 
22.3161829948  0.0106293721 -0.0137469592 -0.0052250420 
22.3396771499  0.0104995065 -0.0140009628 -0.0052313730 
22.3632050494  0.0103758970 -0.0142574787 -0.0052371515 
22.3867977878  0.0102556394 -0.0145178994 -0.0052423854 
22.4104546885  0.0101413257 -0.0147806182 -0.0052470723 
22.4341906068  0.0100311643 -0.0150462757 -0.0052512116 
22.4579526044  0.0099278568 -0.0153127474 -0.0052547899 
22.4817382049  0.0098277277 -0.0155813969 -0.0052578039 
22.5055472390  0.0097329239 -0.0158509226 -0.0052602500 
22.5293387268  0.0096443098 -0.0161203493 -0.0052621211 
22.5531403700  0.0095587496 -0.0163912680 -0.0052634172 
22.5769333715  0.0094800772 -0.0166616951 -0.0052641348 
22.6007485445  0.0094051129 -0.0169331187 -0.0052642724 
22.6245692953  0.0093373122 -0.0172037110 -0.0052638269 
22.6484291224  0.0092736648 -0.0174747156 -0.0052627944 
22.6723047076  0.0092177667 -0.0177442624 -0.0052611719 
22.6962399726  0.0091656673 -0.0180140916 -0.0052589522 
22.7202065994  0.0091218674 -0.0182821301 -0.0052561334 
22.7442569567  0.0090814971 -0.0185502829 -0.0052527061 
22.7682674777  0.0090524280 -0.0188145154 -0.0052486879 
22.7922371770  0.0090253736 -0.0190773397 -0.0052440874 
22.8161897679  0.0090049729 -0.0193373290 -0.0052389109 
22.8401482710  0.0089909438 -0.0195945376 -0.0052331659 
22.8640737368  0.0089844608 -0.0198481730 -0.0052268782 
22.8879820326  0.0089819470 -0.0200989167 -0.0052200648 
22.9118867000  0.0089857632 -0.0203459352 -0.0052127451 
22.9357984390  0.0089954313 -0.0205889665 -0.0052049400 
22.9597255114  0.0090108246 -0.0208277738 -0.0051966723 
22.9836397633  0.0090326583 -0.0210616778 -0.0051879781 
23.0074810689  0.0090602622 -0.0212899776 -0.0051789077 
23.0312466890  0.0090910576 -0.0215127235 -0.0051694918 
23.0549447846  0.0091267091 -0.0217294825 -0.0051597542 
23.0785836941  0.0091667833 -0.0219400997 -0.0051497154 
23.1021715038  0.0092108733 -0.0221443892 -0.0051393916 
23.1257147122  0.0092587296 -0.0223421352 -0.0051287960 
23.1492221861  0.0093099872 -0.0225332083 -0.0051179377 
23.1726810381  0.0093651164 -0.0227172497 -0.0051068335 
23.1960782679  0.0094230727 -0.0228940146 -0.0050954992 
23.2194149654  0.0094834730 -0.0230633030 -0.0050839427 
23.2426811546  0.0095470165 -0.0232247157 -0.0050721763 
23.2658437274  0.0096136232 -0.0233778961 -0.0050602243 
23.2888981176  0.0096814741 -0.0235228885 -0.0050480977 
23.3118477498  0.0097513918 -0.0236598042 -0.0050358047 
23.3346888864  0.0098232931 -0.0237887940 -0.0050233593 
23.3574261710  0.0098962501 -0.0239100727 -0.0050107737 
23.3800314338  0.0099713847 -0.0240235230 -0.0049980821 
23.4024767047  0.0100469689 -0.0241290660 -0.0049853227 
23.4247510080  0.0101225384 -0.0242269093 -0.0049725280 
23.4468484199  0.0101984375 -0.0243171928 -0.0049597301 
23.4687658290  0.0102744577 -0.0244000305 -0.0049469612 
23.4904975722  0.0103506343 -0.0244755419 -0.0049342560 
23.5120526783  0.0104262915 -0.0245438326 -0.0049216401 
23.5334226744  0.0105027021 -0.0246049668 -0.0049091486 
23.5546338292  0.0105777517 -0.0246591049 -0.0048967943 
23.5756677904  0.0106547869 -0.0247064113 -0.0048846140 
23.5965734406  0.0107289789 -0.0247471698 -0.0048726034 
23.6173135448  0.0108070816 -0.0247814488 -0.0048608054 
23.6379527261  0.0108804959 -0.0248095648 -0.0048492029 
23.6584469428  0.0109591410 -0.0248316285 -0.0048378379 
23.6788529440  0.0110327309 -0.0248479883 -0.0048266945 
23.6991500620  0.0111104801 -0.0248588381 -0.0048157975 
23.7193714015  0.0111852641 -0.0248644790 -0.0048051414 
23.7395246668  0.0112617476 -0.0248651448 -0.0047947329 
23.7596124523  0.0113381833 -0.0248610499 -0.0047845804 
23.7796729710  0.0114134185 -0.0248524601 -0.0047746735 
23.7996765334  0.0114919428 -0.0248394123 -0.0047650344 
23.8196531236  0.0115676347 -0.0248222786 -0.0047556549 
23.8395573380  0.0116472363 -0.0248010836 -0.0047465610 
23.8593934530  0.0117241918 -0.0247761920 -0.0047377532 
23.8791810308  0.0118015545 -0.0247476876 -0.0047292246 
23.8989276968  0.0118800278 -0.0247155973 -0.0047209734 
23.9186539542  0.0119583454 -0.0246801144 -0.0047129919 
23.9383677943  0.0120378236 -0.0246413154 -0.0047052778 
23.9580898751  0.0121171972 -0.0245993359 -0.0046978239 
23.9778277612  0.0121977715 -0.0245542094 -0.0046906283 
23.9976016001  0.0122782354 -0.0245060578 -0.0046836846 
24.0174180092  0.0123598767 -0.0244548858 -0.0046769918 
24.0372962967  0.0124413400 -0.0244007610 -0.0046705451 
24.0572417692  0.0125239037 -0.0243436681 -0.0046643449 
24.0772613821  0.0126065328 -0.0242837094 -0.0046583912 
24.0973796741  0.0126887758 -0.0242209187 -0.0046526799 
24.1175810993  0.0127727380 -0.0241552925 -0.0046472192 
24.1379003046  0.0128542436 -0.0240869964 -0.0046420041 
24.1583198503  0.0129378938 -0.0240159896 -0.0046370444 
24.1788732814  0.0130185068 -0.0239425099 -0.0046323384 
24.1995414640  0.0131007842 -0.0238665953 -0.0046278979 
24.2203568674  0.0131795172 -0.0237884560 -0.0046237244 
24.2412992420  0.0132593300 -0.0237081980 -0.0046198314 
24.2623997055  0.0133350966 -0.0236260166 -0.0046162236 
24.2836367465  0.0134114200 -0.0235420323 -0.0046129158 
24.3050318473  0.0134835239 -0.0234564464 -0.0046099160 
24.3265687274  0.0135550346 -0.0233694669 -0.0046072379 
24.3482706371  0.0136222908 -0.0232812235 -0.0046048898 
24.3701210164  0.0136888165 -0.0231919177 -0.0046028838 
24.3921403288  0.0137509921 -0.0231017246 -0.0046012274 
24.4143150615  0.0138119569 -0.0230109041 -0.0045999289 
24.4366418280  0.0138695478 -0.0229196083 -0.0045989936 
24.4591351768  0.0139242276 -0.0228279458 -0.0045984233 
24.4817689640  0.0139779499 -0.0227362298 -0.0045982175 
24.5045256892  0.0140285040 -0.0226446390 -0.0045983710 
24.5273964853  0.0140768296 -0.0225532857 -0.0045988739 
24.5503831937  0.0141231066 -0.0224622572 -0.0045997127 
24.5734822227  0.0141679577 -0.0223717053 -0.0046008698 
24.5966845194  0.0142114641 -0.0222816460 -0.0046023238 
24.6199907378  0.0142534353 -0.0221920489 -0.0046040505 
24.6433930964  0.0142946678 -0.0221030564 -0.0046060223 
24.6668933115  0.0143344745 -0.0220146713 -0.0046082103 
24.6904798470  0.0143746582 -0.0219268581 -0.0046105829 
24.7140580104  0.0144144465 -0.0218406122 -0.0046130975 
24.7376296375  0.0144517744 -0.0217545881 -0.0046157217 
24.7610793387  0.0144918745 -0.0216705615 -0.0046184097 
24.7844120715  0.0145258970 -0.0215874447 -0.0046211309 
24.8076208612  0.0145607112 -0.0215057703 -0.0046238554 
24.8307353228  0.0145931786 -0.0214251115 -0.0046265607 
24.8537275573  0.0146270453 -0.0213459460 -0.0046292203 
24.8766529654  0.0146563373 -0.0212676981 -0.0046318207 
24.8994636983  0.0146890757 -0.0211913099 -0.0046343397 
24.9222220917  0.0147154314 -0.0211159702 -0.0046367708 
24.9448900690  0.0147452654 -0.0210428806 -0.0046390996 
24.9675186660  0.0147692886 -0.0209712014 -0.0046413246 
24.9900950555  0.0147953145 -0.0209018522 -0.0046434406 
25.0126489911  0.0148177156 -0.0208342515 -0.0046454499 
25.0351931668  0.0148400166 -0.0207688178 -0.0046473551 
25.0577325399  0.0148611877 -0.0207055289 -0.0046491608 
25.0803079449  0.0148797789 -0.0206442585 -0.0046508758 
25.1028576281  0.0149014914 -0.0205859295 -0.0046525026 
25.1253716520  0.0149189791 -0.0205299868 -0.0046540486 
25.1478677904  0.0149351456 -0.0204768376 -0.0046555233 
25.1703496644  0.0149514243 -0.0204266523 -0.0046569345 
25.1928259364  0.0149666861 -0.0203793718 -0.0046582898 
25.2153199972  0.0149809315 -0.0203350003 -0.0046595962 
25.2378226693  0.0149961509 -0.0202938723 -0.0046608578 
25.2603707694  0.0150087860 -0.0202555115 -0.0046620796 
25.2829487940  0.0150235232 -0.0202206314 -0.0046632620 
25.3055836006  0.0150355726 -0.0201885020 -0.0046644061 
25.3282504448  0.0150496655 -0.0201599190 -0.0046655084 
25.3509641585  0.0150611342 -0.0201341952 -0.0046665659 
25.3737322353  0.0150728834 -0.0201118620 -0.0046675735 
25.3965701297  0.0150838282 -0.0200927505 -0.0046685250 
25.4194835303  0.0150949070 -0.0200771271 -0.0046694123 
25.4424879050  0.0151052813 -0.0200649046 -0.0046702268 
25.4655868325  0.0151162903 -0.0200563151 -0.0046709585 
25.4887954748  0.0151271520 -0.0200511479 -0.0046715970 
25.5121149644  0.0151394667 -0.0200496896 -0.0046721314 
25.5355595770  0.0151521298 -0.0200516250 -0.0046725514 
25.5591278995  0.0151667280 -0.0200570379 -0.0046728465 
25.5827471873  0.0151850573 -0.0200659777 -0.0046730072 
25.6063976287  0.0152017595 -0.0200769081 -0.0046730270 
25.6300814056  0.0152195416 -0.0200898462 -0.0046729016 
25.6538017476  0.0152387962 -0.0201044205 -0.0046726286 
25.6775602266  0.0152592678 -0.0201203627 -0.0046722082 
25.7013518043  0.0152809778 -0.0201375720 -0.0046716429 
25.7251809360  0.0153030790 -0.0201558602 -0.0046709379 
25.7490166771  0.0153274063 -0.0201756609 -0.0046701014 
25.7728430601  0.0153514037 -0.0201965064 -0.0046691436 
25.7966619887  0.0153756389 -0.0202186889 -0.0046680759 
25.8204825018  0.0154007065 -0.0202424940 -0.0046669101 
25.8443015489  0.0154272483 -0.0202682571 -0.0046656598 
25.8681299047  0.0154539323 -0.0202958709 -0.0046643382 
25.8919652716  0.0154821819 -0.0203256344 -0.0046629598 
25.9158151702  0.0155107191 -0.0203571398 -0.0046615383 
25.9396135242  0.0155432399 -0.0203908720 -0.0046600919 
25.9632935946  0.0155757235 -0.0204256229 -0.0046586384 
25.9868363476  0.0156070666 -0.0204609593 -0.0046571915 
26.0103094388  0.0156363008 -0.0204966434 -0.0046557584 
26.0336871537  0.0156722018 -0.0205349931 -0.0046543514 
26.0570368851  0.0157031821 -0.0205708717 -0.0046529760 
26.0803445656  0.0157412001 -0.0206096565 -0.0046516422 
26.1036638061  0.0157755858 -0.0206399330 -0.0046503844 
26.1269937652  0.0158143633 -0.0206967214 -0.0046491878 
26.1503725824  0.0158569099 -0.0207323767 -0.0046480474 
26.1738099857  0.0159030255 -0.0207729766 -0.0046469648 
26.1973290925  0.0159511998 -0.0208141310 -0.0046459421 
26.2209488298  0.0160029296 -0.0208560250 -0.0046449817 
26.2446036450  0.0160614450 -0.0208988178 -0.0046440877 
26.2682335585  0.0161215954 -0.0209413157 -0.0046432621 
26.2918307174  0.0161825155 -0.0209830217 -0.0046425034 
26.3154144482  0.0162459791 -0.0210238425 -0.0046418091 
26.3389843234  0.0163136891 -0.0210635881 -0.0046411768 
26.3625580236  0.0163832736 -0.0211016458 -0.0046406038 
26.3861464751  0.0164561711 -0.0211378699 -0.0046400878 
26.4097464223  0.0165321777 -0.0211719441 -0.0046396270 
26.4333943419  0.0166088139 -0.0212035553 -0.0046392191 
26.4570657852  0.0166909480 -0.0212327933 -0.0046388630 
26.4808104078  0.0167713757 -0.0212591917 -0.0046385573 
26.5045956444  0.0168582945 -0.0212830218 -0.0046383016 
26.5284793592  0.0169422620 -0.0213038764 -0.0046380952 
26.5524203352  0.0170332065 -0.0213219223 -0.0046379384 
26.5763332640  0.0171257554 -0.0213367363 -0.0046378307 
26.6002157189  0.0172151073 -0.0213482896 -0.0046377704 
26.6240632246  0.0173062248 -0.0213567757 -0.0046377551 
26.6478750750  0.0173975322 -0.0213622284 -0.0046377816 
26.6716507397  0.0174889828 -0.0213647638 -0.0046378460 
26.6953834718  0.0175805495 -0.0213645509 -0.0046379431 
26.7190746047  0.0176713322 -0.0213617077 -0.0046380673 
26.7427225671  0.0177617002 -0.0213562833 -0.0046382125 
26.7663298805  0.0178511301 -0.0213484204 -0.0046383724 
26.7898757031  0.0179406720 -0.0213382294 -0.0046385409 
26.8133159886  0.0180280777 -0.0213298028 -0.0046386888 
26.8367026833  0.0181134725 -0.0213095293 -0.0046388297 
26.8599695363  0.0182014479 -0.0212952507 -0.0046389666 
26.8831854627  0.0182814516 -0.0212780723 -0.0046390994 
26.9062986833  0.0183670667 -0.0212593102 -0.0046392255 
26.9293644502  0.0184457157 -0.0212398237 -0.0046393425 
26.9523624916  0.0185284997 -0.0212184787 -0.0046394475 
26.9753225415  0.0186043722 -0.0211976905 -0.0046395379 
26.9982501797  0.0186852322 -0.0211737372 -0.0046396106 
27.0211550876  0.0187605643 -0.0211515571 -0.0046396623 
27.0440613644  0.0188382561 -0.0211268325 -0.0046396895 
27.0669659568  0.0189153206 -0.0211023225 -0.0046396883 
27.0899028274  0.0189902769 -0.0210770797 -0.0046396554 
27.1128646497  0.0190673161 -0.0210511208 -0.0046395873 
27.1358862029  0.0191422108 -0.0210250359 -0.0046394812 
27.1589528627  0.0192198432 -0.0209984590 -0.0046393353 
27.1820557548  0.0192967057 -0.0209716699 -0.0046391484 
27.2051839135  0.0193739587 -0.0209447423 -0.0046389207 
27.2283661492  0.0194499915 -0.0209178548 -0.0046386528 
27.2515919028  0.0195287962 -0.0208906835 -0.0046383461 
27.2748870348  0.0196063528 -0.0208634400 -0.0046380026 
27.2982256402  0.0196880495 -0.0208350804 -0.0046376248 
27.3216040060  0.0197676937 -0.0208075783 -0.0046372153 
27.3450290713  0.0198497114 -0.0207787808 -0.0046367758 
27.3685014202  0.0199333398 -0.0207494064 -0.0046363073 
27.3920278268  0.0200181796 -0.0207193636 -0.0046358100 
27.4156093998  0.0201049978 -0.0206884180 -0.0046352832 
27.4392541052  0.0201923790 -0.0206568286 -0.0046347253 
27.4629600879  0.0202834176 -0.0206225849 -0.0046341343 
27.4867333678  0.0203742694 -0.0205876118 -0.0046335074 
27.5105663554  0.0204673291 -0.0205508595 -0.0046328428 
27.5344742170  0.0205608919 -0.0205126264 -0.0046321384 
27.5584475669  0.0206573024 -0.0204727274 -0.0046313937 
27.5825004979  0.0207539624 -0.0204313605 -0.0046306086 
27.6066235097  0.0208532575 -0.0203883117 -0.0046297851 
27.6307788869  0.0209544996 -0.0203437325 -0.0046289273 
27.6549450523  0.0210557216 -0.0202977805 -0.0046280400 
27.6791206331  0.0211575234 -0.0202501921 -0.0046271275 
27.7033073836  0.0212602966 -0.0202006536 -0.0046261945 
27.7275037326  0.0213639311 -0.0201491395 -0.0046252460 
27.7517128747  0.0214685199 -0.0200957406 -0.0046242865 
27.7759329415  0.0215742124 -0.0200403765 -0.0046233203 
27.8001675127  0.0216801435 -0.0199829969 -0.0046223510 
27.8244150961  0.0217867447 -0.0199232045 -0.0046213820 
27.8486798445  0.0218931752 -0.0198608946 -0.0046204159 
27.8729608145  0.0220002872 -0.0197959213 -0.0046194552 
27.8972628073  0.0221073474 -0.0197280141 -0.0046185020 
27.9215856603  0.0222141192 -0.0196570194 -0.0046175581 
27.9459347644  0.0223204182 -0.0195831312 -0.0046166248 
27.9703107523  0.0224269043 -0.0195061406 -0.0046157035 
27.9947047750  0.0225329649 -0.0194260552 -0.0046147958 
28.0191040437  0.0226381262 -0.0193430430 -0.0046139028 
28.0435098958  0.0227417780 -0.0192572131 -0.0046130244 
28.0679220954  0.0228445671 -0.0191685921 -0.0046121602 
28.0923419957  0.0229461815 -0.0190774186 -0.0046113093 
28.1167693538  0.0230466938 -0.0189837778 -0.0046104704 
28.1412054445  0.0231457735 -0.0188878559 -0.0046096418 
28.1656495751  0.0232444450 -0.0187900951 -0.0046088219 
28.1901001804  0.0233392614 -0.0186893811 -0.0046080096 
28.2145569866  0.0234341162 -0.0185873438 -0.0046072037 
28.2390206831  0.0235269511 -0.0184834537 -0.0046064040 
28.2634919743  0.0236178606 -0.0183779269 -0.0046056106 
28.2879608665  0.0237074581 -0.0182710628 -0.0046048249 
28.3124285095  0.0237950898 -0.0181632181 -0.0046040485 
28.3368959827  0.0238813862 -0.0180543456 -0.0046032836 
28.3613654422  0.0239663364 -0.0179446561 -0.0046025326 
28.3858305164  0.0240508083 -0.0178342285 -0.0046017981 
28.4102878902  0.0241344419 -0.0177232676 -0.0046010826 
28.4347377211  0.0242173257 -0.0176119054 -0.0046003877 
28.4591815231  0.0242998058 -0.0175002954 -0.0045997143 
28.4836212971  0.0243822386 -0.0173884256 -0.0045990627 
28.5080579826  0.0244647871 -0.0172762050 -0.0045984324 
28.5324926181  0.0245473740 -0.0171636040 -0.0045978222 
28.5569266549  0.0246299795 -0.0170504949 -0.0045972304 
28.5813629979  0.0247125587 -0.0169367390 -0.0045966552 
28.6057988641  0.0247953877 -0.0168222180 -0.0045960946 
28.6302333876  0.0248781918 -0.0167070168 -0.0045955471 
28.6546679398  0.0249612312 -0.0165911289 -0.0045950114 
28.6791040566  0.0250447242 -0.0164746059 -0.0045944869 
28.7035443429  0.0251287185 -0.0163575194 -0.0045939736 
28.7279906320  0.0252133910 -0.0162398856 -0.0045934724 
28.7524445489  0.0252987623 -0.0161217445 -0.0045929848 
28.7769088061  0.0253848736 -0.0160030597 -0.0045925129 
28.8013853714  0.0254718736 -0.0158836772 -0.0045920593 
28.8258771286  0.0255596938 -0.0157634783 -0.0045916271 
28.8503752142  0.0256487900 -0.0156422161 -0.0045912199 
28.8748755747  0.0257382733 -0.0155201334 -0.0045908416 
28.8993787582  0.0258281577 -0.0153970676 -0.0045904958 
28.9238843562  0.0259184469 -0.0152728384 -0.0045901867 
28.9483930759  0.0260088925 -0.0151474584 -0.0045899185 
28.9729041842  0.0260995842 -0.0150208546 -0.0045896955 
28.9974186329  0.0261902552 -0.0148930473 -0.0045895220 
29.0219353845  0.0262809183 -0.0147639624 -0.0045894022 
29.0464486368  0.0263715291 -0.0146335869 -0.0045893403 
29.0709600820  0.0264614690 -0.0145020878 -0.0045893401 
29.0954711687  0.0265510403 -0.0143692645 -0.0045894052 
29.1199797318  0.0266402005 -0.0142351273 -0.0045895386 
29.1444894578  0.0267284367 -0.0140997874 -0.0045897432 
29.1689975567  0.0268160937 -0.0139629639 -0.0045900214 
29.1935078318  0.0269024014 -0.0138250858 -0.0045903746 
29.2180172048  0.0269878900 -0.0136859884 -0.0045908039 
29.2425239076  0.0270718807 -0.0135459414 -0.0045913094 
29.2670260308  0.0271543138 -0.0134048838 -0.0045918903 
29.2915258842  0.0272349553 -0.0132630381 -0.0045925450 
29.3160210518  0.0273140866 -0.0131202386 -0.0045932707 
29.3404904279  0.0273919702 -0.0129761788 -0.0045940629 
29.3649366902  0.0274669176 -0.0128317729 -0.0045949168 
29.3893588548  0.0275403929 -0.0126862221 -0.0045958260 
29.4137583067  0.0276118349 -0.0125397867 -0.0045967833 
29.4380846486  0.0276830224 -0.0123913378 -0.0045977783 
29.4623282315  0.0277497724 -0.0122431504 -0.0045988013 
29.4865213760  0.0278130827 -0.0120945164 -0.0045998437 
29.5106605140  0.0278757415 -0.0119436269 -0.0046008952 
29.5347446600  0.0279353414 -0.0117918231 -0.0046019460 
29.5587727561  0.0279921979 -0.0116387351 -0.0046029869 
29.5827584907  0.0280456754 -0.0114847421 -0.0046040103 
29.6067318161  0.0280959587 -0.0113298129 -0.0046050101 
29.6306855525  0.0281448536 -0.0111727479 -0.0046059800 
29.6546501942  0.0281889826 -0.0110155422 -0.0046069166 
29.6786479248  0.0282308281 -0.0108564901 -0.0046078170 
29.7026803037  0.0282703637 -0.0106957005 -0.0046086787 
29.7267731885  0.0283058137 -0.0105342226 -0.0046095006 
29.7509541066  0.0283383381 -0.0103710186 -0.0046102822 
29.7752266615  0.0283685034 -0.0102058011 -0.0046110223 
29.7996092261  0.0283945731 -0.0100397152 -0.0046117205 
29.8240389841  0.0284199180 -0.0098706244 -0.0046123738 
29.8484854053  0.0284398277 -0.0097024344 -0.0046129807 
29.8729299036  0.0284559442 -0.0095339360 -0.0046135399 
29.8973792444  0.0284676039 -0.0093656644 -0.0046140510 
29.9218303316  0.0284762664 -0.0091967485 -0.0046145134 
29.9462901633  0.0284806766 -0.0090277154 -0.0046149273 
29.9707642579  0.0284813935 -0.0088582360 -0.0046152935 
29.9952414394  0.0284790321 -0.0086882428 -0.0046156130 
30.0197318053  0.0284722369 -0.0085188204 -0.0046158877 
30.0442284721  0.0284625577 -0.0083489233 -0.0046161202 
30.0687176863  0.0284494135 -0.0081794264 -0.0046163135 
30.0932067665  0.0284321992 -0.0080112376 -0.0046164715 
30.1177014953  0.0284118027 -0.0078436850 -0.0046165986 
30.1421928023  0.0283882846 -0.0076767404 -0.0046166998 
30.1666822985  0.0283608746 -0.0075114028 -0.0046167807 
30.1911736985  0.0283300955 -0.0073474695 -0.0046168473 
30.2156675964  0.0282960441 -0.0071849966 -0.0046169061 
30.2401682485  0.0282586769 -0.0070242651 -0.0046169641 
30.2646563220  0.0282190311 -0.0068646634 -0.0046170284 
30.2891328893  0.0281757514 -0.0067077335 -0.0046171065 
30.3136072292  0.0281297608 -0.0065529584 -0.0046172062 
30.3380804165  0.0280815519 -0.0064000284 -0.0046173353 
30.3625612219  0.0280307365 -0.0062495247 -0.0046175018 
30.3870516403  0.0279781361 -0.0061010583 -0.0046177137 
30.4115542787  0.0279236655 -0.0059549766 -0.0046179784 
30.4360787019  0.0278675010 -0.0058113198 -0.0046183031 
30.4606192996  0.0278105217 -0.0056693661 -0.0046186942 
30.4851756656  0.0277520828 -0.0055297025 -0.0046191565 
30.5097380850  0.0276929913 -0.0053917027 -0.0046196937 
30.5343000112  0.0276329790 -0.0052558338 -0.0046203072 
30.5588529978  0.0275723886 -0.0051218342 -0.0046209966 
30.5833982056  0.0275110336 -0.0049899561 -0.0046217595 
30.6079434789  0.0274491920 -0.0048599065 -0.0046225919 
30.6324947235  0.0273871456 -0.0047314401 -0.0046234878 
30.6570527228  0.0273250686 -0.0046045373 -0.0046244400 
30.6816063504  0.0272632061 -0.0044790397 -0.0046254395 
30.7061406809  0.0272013191 -0.0043552743 -0.0046264765 
30.7306664302  0.0271387480 -0.0042339091 -0.0046275420 
30.7551860831  0.0270766074 -0.0041136492 -0.0046286267 
30.7796809327  0.0270150430 -0.0039944956 -0.0046297211 
30.8041471144  0.0269532096 -0.0038776040 -0.0046308167 
30.8285896189  0.0268916749 -0.0037624472 -0.0046319062 
30.8530133291  0.0268307106 -0.0036487578 -0.0046329828 
30.8774254664  0.0267702954 -0.0035365531 -0.0046340407 
30.9018338121  0.0267105986 -0.0034256294 -0.0046350742 
30.9262435309  0.0266516338 -0.0033157768 -0.0046360784 
30.9506406411  0.0265936969 -0.0032063913 -0.0046370473 
30.9750289368  0.0265358079 -0.0030984836 -0.0046379765 
30.9994164950  0.0264784005 -0.0029912526 -0.0046388616 
31.0238086192  0.0264214545 -0.0028844739 -0.0046396986 
31.0482129970  0.0263648004 -0.0027782219 -0.0046404840 
31.0726365640  0.0263084171 -0.0026723318 -0.0046412148 
31.0970846231  0.0262522378 -0.0025667488 -0.0046418883 
31.1215628416  0.0261962146 -0.0024614360 -0.0046425029 
31.1460408671  0.0261411128 -0.0023554251 -0.0046430563 
31.1705109137  0.0260854671 -0.0022506427 -0.0046435477 
31.1949761836  0.0260298441 -0.0021461697 -0.0046439773 
31.2194396768  0.0259743022 -0.0020417095 -0.0046443452 
31.2439046708  0.0259186869 -0.0019372836 -0.0046446523 
31.2683740383  0.0258629407 -0.0018327753 -0.0046448994 
31.2928470263  0.0258071249 -0.0017280282 -0.0046450875 
31.3173224644  0.0257511874 -0.0016231016 -0.0046452176 
31.3418028738  0.0256949875 -0.0015180013 -0.0046452906 
31.3662905840  0.0256384722 -0.0014125119 -0.0046453072 
31.3907874504  0.0255814700 -0.0013066449 -0.0046452683 
31.4152939850  0.0255238814 -0.0012003459 -0.0046451746 
31.4397968592  0.0254658796 -0.0010932967 -0.0046450270 
31.4642941720  0.0254068923 -0.0009863678 -0.0046448269 
31.4887864025  0.0253470928 -0.0008790641 -0.0046445756 
31.5132801867  0.0252861930 -0.0007715500 -0.0046442752 
31.5377763642  0.0252242447 -0.0006634625 -0.0046439279 
31.5622806822  0.0251609243 -0.0005551548 -0.0046435368 
31.5867868637  0.0250964672 -0.0004460421 -0.0046431053 
31.6112973476  0.0250303287 -0.0003368792 -0.0046426374 
31.6358181567  0.0249625182 -0.0002273344 -0.0046421372 
31.6603521696  0.0248929718 -0.0001172222 -0.0046416090 
31.6848812287  0.0248217950 -0.0000061846 -0.0046410578 
31.7093928449  0.0247484207  0.0001047736 -0.0046404883 
31.7338802195  0.0246728953  0.0002158780 -0.0046399050 
31.7583458301  0.0245951617  0.0003270335 -0.0046393116 
31.7827911856  0.0245153016  0.0004384497 -0.0046387117 
31.8072195506  0.0244331745  0.0005498390 -0.0046381083 
31.8316335472  0.0243487929  0.0006612015 -0.0046375039 
31.8560376875  0.0242621454  0.0007723892 -0.0046369006 
31.8804358328  0.0241733498  0.0008834078 -0.0046363003 
31.9048324508  0.0240824320  0.0009941322 -0.0046357043 
31.9292333848  0.0239894553  0.0011045227 -0.0046351140 
31.9536425870  0.0238946056  0.0012146155 -0.0046345307 
31.9780568215  0.0237981032  0.0013244570 -0.0046339558 
32.0024757661  0.0237000065  0.0014337105 -0.0046333911 
32.0269030492  0.0236004641  0.0015424185 -0.0046328384 
32.0513453533  0.0234995617  0.0016506263 -0.0046323001 
32.0758059683  0.0233973829  0.0017585194 -0.0046317789 
32.1002875774  0.0232938696  0.0018659985 -0.0046312784 
32.1247640107  0.0231893228  0.0019737529 -0.0046308028 
32.1492380788  0.0230833051  0.0020800963 -0.0046303560 
32.1737160155  0.0229760507  0.0021862556 -0.0046299423 
32.1981860398  0.0228675736  0.0022925884 -0.0046295662 
32.2226530354  0.0227574998  0.0023981287 -0.0046292317 
32.2471205445  0.0226458619  0.0025036990 -0.0046289426 
32.2715931842  0.0225324805  0.0026091272 -0.0046287022 
32.2960741974  0.0224172472  0.0027144878 -0.0046285131 
32.3205472857  0.0223002671  0.0028200938 -0.0046283766 
32.3450153749  0.0221814048  0.0029247965 -0.0046282932 
32.3694819862  0.0220608044  0.0030293407 -0.0046282618 
32.3939492420  0.0219385256  0.0031336053 -0.0046282798 
32.4184175290  0.0218147340  0.0032375423 -0.0046283438 
32.4428833141  0.0216896449  0.0033411672 -0.0046284485 
32.4673487071  0.0215634027  0.0034442346 -0.0046285879 
32.4918154689  0.0214361628  0.0035469253 -0.0046287547 
32.5162844832  0.0213080372  0.0036491797 -0.0046289412 
32.5407564662  0.0211790648  0.0037509917 -0.0046291390 
32.5652323059  0.0210492043  0.0038523629 -0.0046293399 
32.5897125496  0.0209184024  0.0039532806 -0.0046295360 
32.6141977898  0.0207865858  0.0040536970 -0.0046297199 
32.6386881747  0.0206536896  0.0041536050 -0.0046298853 
32.6631832345  0.0205197201  0.0042529783 -0.0046300266 
32.6876835497  0.0203846803  0.0043517270 -0.0046301394 
32.7121893429  0.0202485299  0.0044498078 -0.0046302205 
32.7367012025  0.0201112608  0.0045470612 -0.0046302674 
32.7612187995  0.0199729453  0.0046434176 -0.0046302785 
32.7857420816  0.0198336963  0.0047388217 -0.0046302529 
32.8102576697  0.0196935871  0.0048334571 -0.0046301899 
32.8347602954  0.0195527641  0.0049267079 -0.0046300895 
32.8592513704  0.0194112813  0.0050187326 -0.0046299519 
32.8837336372  0.0192691953  0.0051096061 -0.0046297771 
32.9082096824  0.0191265771  0.0051993325 -0.0046295658 
32.9326833278  0.0189834725  0.0052879444 -0.0046293184 
32.9571520515  0.0188398581  0.0053756375 -0.0046290358 
32.9816173995  0.0186957945  0.0054621998 -0.0046287188 
33.0060834827  0.0185512381  0.0055477668 -0.0046283684 
33.0305544738  0.0184061400  0.0056324096 -0.0046279855 
33.0550347825  0.0182604911  0.0057161380 -0.0046275713 
33.0795283128  0.0181142788  0.0057989428 -0.0046271271 
33.1040386221  0.0179674998  0.0058807564 -0.0046266541 
33.1285681467  0.0178201859  0.0059615699 -0.0046261537 
33.1530998674  0.0176723539  0.0060415816 -0.0046256277 
33.1776351757  0.0175243291  0.0061199072 -0.0046250775 
33.2021765822  0.0173759480  0.0061970934 -0.0046245047 
33.2267266631  0.0172273369  0.0062730863 -0.0046239107 
33.2512823487  0.0170785616  0.0063478632 -0.0046232973 
33.2758404497  0.0169297466  0.0064212217 -0.0046226662 
33.3004037671  0.0167809348  0.0064931425 -0.0046220186 
33.3249747542  0.0166321425  0.0065637791 -0.0046213561 
33.3495556246  0.0164834747  0.0066330392 -0.0046206797 
33.3741481748  0.0163348647  0.0067009020 -0.0046199905 
33.3987533711  0.0161862812  0.0067674528 -0.0046192893 
33.4233685917  0.0160377794  0.0068327983 -0.0046185771 
33.4479803825  0.0158893634  0.0068969736 -0.0046178549 
33.4725905488  0.0157412973  0.0069595949 -0.0046171232 
33.4971986049  0.0155933364  0.0070211958 -0.0046163825 
33.5218006584  0.0154455382  0.0070816818 -0.0046156334 
