     time       viscous_dissipation 
 0.000000000000      0.000114049650 
 0.005000000000      0.000119036275 
 0.013250000000      0.000118905028 
 0.027000000000      0.000118368040 
 0.042125000000      0.000117939914 
 0.058762500000      0.000117526805 
 0.077063750000      0.000117136227 
 0.097195125000      0.000116771294 
 0.119339637500      0.000116433659 
 0.143213068005      0.000116130125 
 0.167124445128      0.000115876550 
 0.191070430436      0.000115663260 
 0.215048195751      0.000115482546 
 0.239055090701      0.000115328301 
 0.263088764428      0.000115195694 
 0.287147118750      0.000115080878 
 0.311228157934      0.000114980777 
 0.335330244296      0.000114892920 
 0.359451653955      0.000114815330 
 0.383591074055      0.000114746412 
 0.407747098129      0.000114684883 
 0.431918619760      0.000114629699 
 0.456104541171      0.000114580011 
 0.480303881200      0.000114535126 
 0.504515799272      0.000114494471 
 0.528739405838      0.000114457576 
 0.552974061887      0.000114424045 
 0.577218957121      0.000114393548 
 0.601473561753      0.000114365807 
 0.625737253873      0.000114340584 
 0.650009527985      0.000114317676 
 0.674289917334      0.000114296906 
 0.698577926326      0.000114278121 
 0.722873223442      0.000114261187 
 0.747175303802      0.000114245985 
 0.771483898527      0.000114232408 
 0.795798606897      0.000114220363 
 0.820119155166      0.000114209765 
 0.844445249081      0.000114200535 
 0.868776589993      0.000114192604 
 0.893112977730      0.000114185907 
 0.917454084039      0.000114180386 
 0.941799754309      0.000114175987 
 0.966149695612      0.000114172658 
 0.990503752385      0.000114170355 
 1.014861712224      0.000114169033 
 1.039223380337      0.000114168652 
 1.063588622742      0.000114169176 
 1.087957202927      0.000114170568 
 1.112329028054      0.000114172797 
 1.136703860634      0.000114175832 
 1.161081607078      0.000114179643 
 1.185462105104      0.000114184204 
 1.209844085789      0.000114189489 
 1.234226740087      0.000114195474 
 1.258610017412      0.000114202135 
 1.282993901793      0.000114209453 
 1.307378341561      0.000114217405 
 1.331763318746      0.000114225974 
 1.356148799750      0.000114235141 
 1.380534752981      0.000114244889 
 1.404921163135      0.000114255202 
 1.429307983490      0.000114266065 
 1.453695203866      0.000114277463 
 1.478082784318      0.000114289383 
 1.502470707965      0.000114301811 
 1.526858953399      0.000114314735 
 1.551247488486      0.000114328143 
 1.575636307036      0.000114342025 
 1.600025362379      0.000114356369 
 1.624414648589      0.000114371166 
 1.648804140354      0.000114386406 
 1.673193815456      0.000114402079 
 1.697583666429      0.000114418177 
 1.721973653219      0.000114434692 
 1.746363771906      0.000114451616 
 1.770753995765      0.000114468940 
 1.795144308931      0.000114486659 
 1.819534703349      0.000114504765 
 1.843925144831      0.000114523252 
 1.868315630247      0.000114542112 
 1.892706134202      0.000114561341 
 1.917096643677      0.000114580933 
 1.941487152999      0.000114600882 
 1.965877628984      0.000114621182 
 1.990268070253      0.000114641830 
 2.014658455764      0.000114662819 
 2.039048771738      0.000114684146 
 2.063439018112      0.000114705806 
 2.087829157674      0.000114727795 
 2.112219191881      0.000114750109 
 2.136609107331      0.000114772743 
 2.160998885754      0.000114795696 
 2.185388527269      0.000114818961 
 2.209778003229      0.000114842538 
 2.234167310208      0.000114866421 
 2.258556446029      0.000114890609 
 2.282945381582      0.000114915098 
 2.307334118616      0.000114939885 
 2.331722643355      0.000114964967 
 2.356110941679      0.000114990343 
 2.380499015198      0.000115016009 
 2.404886839352      0.000115041963 
 2.429274410701      0.000115068203 
 2.453661732774      0.000115094726 
 2.478048772009      0.000115121531 
 2.502435533327      0.000115148615 
 2.526822013536      0.000115175977 
 2.551208189976      0.000115203614 
 2.575594065408      0.000115231525 
 2.599979629419      0.000115259709 
 2.624364869175      0.000115288163 
 2.648749786472      0.000115316886 
 2.673134365837      0.000115345877 
 2.697518600409      0.000115375134 
 2.721902494029      0.000115404656 
 2.746286024494      0.000115434442 
 2.770669190502      0.000115464490 
 2.795051997949      0.000115494800 
 2.819434420718      0.000115525369 
 2.843816461125      0.000115556198 
 2.868198126239      0.000115587285 
 2.892578544743      0.000115618628 
 2.916957472349      0.000115650226 
 2.941334940117      0.000115682078 
 2.965710834019      0.000115714183 
 2.990085179793      0.000115746541 
 3.014458009570      0.000115779151 
 3.038829207055      0.000115812011 
 3.063198801458      0.000115845122 
 3.087566826172      0.000115878482 
 3.111933173808      0.000115912092 
 3.136297869392      0.000115945950 
 3.160660944080      0.000115980056 
 3.185022299814      0.000116014410 
 3.209381956365      0.000116049012 
 3.233739942919      0.000116083860 
 3.258096182371      0.000116118954 
 3.282450681293      0.000116154295 
 3.306803463269      0.000116189882 
 3.331154472441      0.000116225714 
 3.355503701197      0.000116261792 
 3.379851167853      0.000116298115 
 3.404196849595      0.000116334683 
 3.428540709946      0.000116371496 
 3.452882771519      0.000116408553 
 3.477223038015      0.000116445856 
 3.501561440562      0.000116483403 
 3.525898011885      0.000116521195 
 3.550232791820      0.000116559232 
 3.574565666833      0.000116597513 
 3.598896683630      0.000116636039 
 3.623225884878      0.000116674810 
 3.647553171016      0.000116713826 
 3.671878572693      0.000116753087 
 3.696202121167      0.000116792593 
 3.720523772915      0.000116832344 
 3.744843515486      0.000116872342 
 3.769161372294      0.000116912585 
 3.793477351679      0.000116953074 
 3.817791386001      0.000116993809 
 3.842103514723      0.000117034791 
 3.866413795301      0.000117076020 
 3.890722100192      0.000117117496 
 3.915028484885      0.000117159220 
 3.939332988552      0.000117201192 
 3.963635549622      0.000117243412 
 3.987936175408      0.000117285881 
 4.012234888818      0.000117328599 
 4.036531706749      0.000117371567 
 4.060826557757      0.000117414784 
 4.085119487655      0.000117458253 
 4.109410554608      0.000117501972 
 4.133699638371      0.000117545943 
 4.157986792186      0.000117590166 
 4.182272053869      0.000117634642 
 4.206555393045      0.000117679371 
 4.230836787121      0.000117724354 
 4.255116272132      0.000117769591 
 4.279393894826      0.000117815083 
 4.303669544143      0.000117860831 
 4.327943280849      0.000117906835 
 4.352215154598      0.000117953096 
 4.376485102481      0.000117999615 
 4.400753135168      0.000118046392 
 4.425019282879      0.000118093428 
 4.449283577286      0.000118140724 
 4.473545930451      0.000118188281 
 4.497806399986      0.000118236098 
 4.522065043124      0.000118284178 
 4.546321779890      0.000118332521 
 4.570576638579      0.000118381127 
 4.594829647647      0.000118429998 
 4.619080835242      0.000118479134 
 4.643330120660      0.000118528536 
 4.667577562443      0.000118578206 
 4.691823220956      0.000118628143 
 4.716067014830      0.000118678349 
 4.740308974172      0.000118728824 
 4.764549129702      0.000118779570 
 4.788787517114      0.000118830588 
 4.813024047563      0.000118881878 
 4.837258784474      0.000118933441 
 4.861491787007      0.000118985279 
 4.885722988274      0.000119037392 
 4.909952404211      0.000119089781 
 4.934180071958      0.000119142448 
 4.958406046651      0.000119195393 
 4.982630215027      0.000119248617 
 5.006852649581      0.000119302122 
 5.031073403690      0.000119355908 
 5.055292441022      0.000119409977 
 5.079509747185      0.000119464330 
 5.103725369848      0.000119518967 
 5.127939389135      0.000119573890 
 5.152151663171      0.000119629100 
 5.176362271834      0.000119684599 
 5.200571258327      0.000119740386 
 5.224778632899      0.000119796464 
 5.248984334751      0.000119852833 
 5.273188426252      0.000119909495 
 5.297390975431      0.000119966452 
 5.321591893500      0.000120023703 
 5.345791218901      0.000120081251 
 5.369988988146      0.000120139096 
 5.394185270029      0.000120197240 
 5.418379941327      0.000120255684 
 5.442573083172      0.000120314430 
 5.466764747035      0.000120373478 
 5.490954912953      0.000120432831 
 5.515143550664      0.000120492488 
 5.539330717053      0.000120552452 
 5.563516488979      0.000120612724 
 5.587700766202      0.000120673305 
 5.611883598992      0.000120734197 
 5.636065023995      0.000120795401 
 5.660245103429      0.000120856918 
 5.684423721862      0.000120918750 
 5.708600960769      0.000120980898 
 5.732776873969      0.000121043363 
 5.756951453313      0.000121106148 
 5.781124657100      0.000121169253 
 5.805296548262      0.000121232679 
 5.829467199856      0.000121296429 
 5.853636523690      0.000121360504 
 5.877804558284      0.000121424905 
 5.901971345490      0.000121489634 
 5.926136977129      0.000121554692 
 5.950301304025      0.000121620081 
 5.974464419417      0.000121685802 
 5.998626366978      0.000121751857 
 6.022787173443      0.000121818248 
 6.046946762581      0.000121884975 
 6.071105208365      0.000121952041 
 6.095262573984      0.000122019448 
 6.119418826595      0.000122087196 
 6.143573949799      0.000122155287 
 6.167728002508      0.000122223724 
 6.191881063059      0.000122292507 
 6.216033032802      0.000122361639 
 6.240183961354      0.000122431120 
 6.264333890139      0.000122500954 
 6.288482914900      0.000122571140 
 6.312630885347      0.000122641682 
 6.336777896813      0.000122712581 
 6.360923990061      0.000122783838 
 6.385069210602      0.000122855455 
 6.409213464193      0.000122927435 
 6.433356831803      0.000122999778 
 6.457499369535      0.000123072487 
 6.481641078246      0.000123145564 
 6.505781908642      0.000123219009 
 6.529921930396      0.000123292826 
 6.554061210464      0.000123367016 
 6.578199699040      0.000123441580 
 6.602337397774      0.000123516521 
 6.626474362673      0.000123591840 
 6.650610673775      0.000123667540 
 6.674746244994      0.000123743623 
 6.698881114583      0.000123820089 
 6.723015329390      0.000123896942 
 6.747148977896      0.000123974183 
 6.771281931927      0.000124051814 
 6.795414272146      0.000124129836 
 6.819546033879      0.000124208253 
 6.843677307690      0.000124287067 
 6.867807954485      0.000124366278 
 6.891938069143      0.000124445889 
 6.916067691191      0.000124525903 
 6.940196876821      0.000124606321 
 6.964325522913      0.000124687145 
 6.988453714509      0.000124768377 
 7.012581499969      0.000124850021 
 7.036708914250      0.000124932077 
 7.060835875874      0.000125014547 
 7.084962464527      0.000125097435 
 7.109088732807      0.000125180742 
 7.133214688748      0.000125264471 
 7.157340278220      0.000125348623 
 7.181465573251      0.000125433200 
 7.205590632878      0.000125518206 
 7.229715451989      0.000125603643 
 7.253839990049      0.000125689512 
 7.277964315761      0.000125775815 
 7.302088490170      0.000125862557 
 7.326212489446      0.000125949738 
 7.350336292242      0.000126037360 
 7.374459961741      0.000126125427 
 7.398583563102      0.000126213941 
 7.422707067877      0.000126302904 
 7.446830459829      0.000126392318 
 7.470953801009      0.000126482186 
 7.495077156208      0.000126572511 
 7.519200486921      0.000126663295 
 7.543323787491      0.000126754540 
 7.567447116633      0.000126846249 
 7.591570540899      0.000126938425 
 7.615694025095      0.000127031070 
 7.639817560783      0.000127124186 
 7.663941207551      0.000127217777 
 7.688065029421      0.000127311845 
 7.712188989195      0.000127406392 
 7.736313081007      0.000127501422 
 7.760437363225      0.000127596936 
 7.784561899368      0.000127692938 
 7.808686663861      0.000127789430 
 7.832811639781      0.000127886416 
 7.856936888510      0.000127983897 
 7.881062468754      0.000128081878 
 7.905188361333      0.000128180360 
 7.929314543533      0.000128279346 
 7.953441077646      0.000128378840 
 7.977568019613      0.000128478844 
 8.001695369422      0.000128579361 
 8.025823085789      0.000128680394 
 8.049951235927      0.000128781946 
 8.074079868926      0.000128884021 
 8.098208998845      0.000128986621 
 8.122338570967      0.000129089749 
 8.146468655428      0.000129193408 
 8.170599296421      0.000129297602 
 8.194730534877      0.000129402333 
 8.218862289827      0.000129507606 
 8.242994638313      0.000129613422 
 8.267127615577      0.000129719785 
 8.291261284464      0.000129826700 
 8.315395542751      0.000129934168 
 8.339530472398      0.000130042193 
 8.363666101641      0.000130150779 
 8.387802511590      0.000130259929 
 8.411939597965      0.000130369646 
 8.436077426259      0.000130479934 
 8.460216033017      0.000130590797 
 8.484355488185      0.000130702238 
 8.508495720416      0.000130814260 
 8.532636762925      0.000130926867 
 8.556778660109      0.000131040063 
 8.580921471857      0.000131153851 
 8.605065171729      0.000131268236 
 8.629209748653      0.000131383221 
 8.653355258598      0.000131498809 
 8.677501747616      0.000131615005 
 8.701649229662      0.000131731813 
 8.725797649378      0.000131849236 
 8.749947053890      0.000131967278 
 8.774097465597      0.000132085944 
 8.798248888091      0.000132205237 
 8.822401236090      0.000132325161 
 8.846554534618      0.000132445719 
 8.870708805619      0.000132566918 
 8.894864027132      0.000132688759 
 8.919020116822      0.000132811248 
 8.943177103938      0.000132934388 
 8.967334994891      0.000133058183 
 8.991493757026      0.000133182639 
 9.015653323251      0.000133307759 
 9.039813711752      0.000133433547 
 9.063974948374      0.000133560008 
 9.088136956165      0.000133687146 
 9.112299711049      0.000133814966 
 9.136463221064      0.000133943473 
 9.160627523904      0.000134072670 
 9.184792503141      0.000134202564 
 9.208958176412      0.000134333157 
 9.233124550947      0.000134464455 
 9.257291659703      0.000134596464 
 9.281459359137      0.000134729187 
 9.305627690800      0.000134862630 
 9.329796667293      0.000134996798 
 9.353966295921      0.000135131697 
 9.378136475610      0.000135267330 
 9.402307232700      0.000135403703 
 9.426478580402      0.000135540822 
 9.450650469424      0.000135678693 
 9.474822862873      0.000135817319 
 9.498995788737      0.000135956708 
 9.523169276472      0.000136096864 
 9.547343204382      0.000136237794 
 9.571517583388      0.000136379502 
 9.595692426266      0.000136521996 
 9.619867749038      0.000136665280 
 9.644043456834      0.000136809361 
 9.668219570570      0.000136954245 
 9.692396119463      0.000137099938 
 9.716573039284      0.000137246446 
 9.740750271529      0.000137393776 
 9.764927852986      0.000137541933 
 9.789105831016      0.000137690926 
 9.813284063635      0.000137840760 
 9.837462592063      0.000137991442 
 9.861641428972      0.000138142979 
 9.885820538409      0.000138295378 
 9.909999850975      0.000138448646 
 9.934179379269      0.000138602789 
 9.958359187424      0.000138757816 
 9.982539127779      0.000138913734 
10.006719256250      0.000139070550 
10.030899574429      0.000139228273 
10.055080060925      0.000139386909 
10.079260626912      0.000139546466 
10.103441314345      0.000139706953 
10.127622135027      0.000139868378 
10.151802958501      0.000140030749 
10.175983831907      0.000140194074 
10.200164776185      0.000140358363 
10.224345773316      0.000140523623 
10.248526733640      0.000140689864 
10.272707698081      0.000140857095 
10.296888671334      0.000141025325 
10.321069536245      0.000141194563 
10.345250297585      0.000141364818 
10.369431014837      0.000141536101 
10.393611592947      0.000141708420 
10.417792027238      0.000141881787 
10.441972352149      0.000142056212 
10.466152532999      0.000142231705 
10.490332489229      0.000142408275 
10.514512254924      0.000142585935 
10.538691846670      0.000142764695 
10.562871132443      0.000142944567 
10.587050121254      0.000143125560 
10.611228877667      0.000143307688 
10.635407280544      0.000143490962 
10.659585332896      0.000143675394 
10.683763084017      0.000143860997 
10.707940484342      0.000144047782 
10.732117458565      0.000144235763 
10.756294043163      0.000144424952 
10.780470201959      0.000144615364 
10.804645861594      0.000144807010 
10.828821047406      0.000144999905 
10.852995747874      0.000145194064 
10.877169853267      0.000145389499 
10.901343429136      0.000145586227 
10.925516484181      0.000145784262 
10.949688866769      0.000145983618 
10.973860653817      0.000146184312 
10.998031855455      0.000146386360 
11.022202319270      0.000146589777 
11.046372093586      0.000146794580 
11.070541181677      0.000147000786 
11.094709476529      0.000147208412 
11.118876970044      0.000147417475 
11.143043672018      0.000147627993 
11.167209508193      0.000147839985 
11.191374486289      0.000148053468 
11.215538592808      0.000148268464 
11.239701760745      0.000148484989 
11.263863986115      0.000148703065 
11.288025271564      0.000148922713 
11.312185537405      0.000149143951 
11.336344749934      0.000149366802 
11.360502913035      0.000149591288 
11.384659967570      0.000149817429 
11.408815873287      0.000150045249 
11.432970607049      0.000150274771 
11.457124133278      0.000150506019 
11.481276380663      0.000150739015 
11.505427402152      0.000150973786 
11.529577110266      0.000151210355 
11.553725432679      0.000151448749 
11.577872426349      0.000151688994 
11.602018047550      0.000151931118 
11.626162145559      0.000152175146 
11.650304776599      0.000152421107 
11.674445898934      0.000152669031 
11.698585398054      0.000152918944 
11.722723308327      0.000153170880 
11.746859596721      0.000153424867 
11.770994135001      0.000153680936 
11.795126928120      0.000153939120 
11.819257947006      0.000154199452 
11.843387112505      0.000154461964 
11.867514411476      0.000154726692 
11.891639813567      0.000154993669 
11.915763220574      0.000155262932 
11.939884675032      0.000155534519 
11.964004081986      0.000155808464 
11.988121282522      0.000156084807 
12.012236360573      0.000156363587 
12.036349254184      0.000156644844 
12.060459814423      0.000156928618 
12.084568092316      0.000157214952 
12.108674013254      0.000157503888 
12.132777459832      0.000157795469 
12.156878401962      0.000158089740 
12.180976847063      0.000158386747 
12.205072635851      0.000158686536 
12.229165774944      0.000158989155 
12.253256241573      0.000159294653 
12.277343837059      0.000159603079 
12.301428654987      0.000159914485 
12.325510613215      0.000160228922 
12.349589454808      0.000160546831 
12.373665194953      0.000160867239 
12.397737925499      0.000161191313 
12.421807349590      0.000161518128 
12.445873542406      0.000161848803 
12.469936491585      0.000162182302 
12.493995985925      0.000162519775 
12.518051992981      0.000162860182 
12.542104633382      0.000163204716 
12.566153421950      0.000163552286 
12.590198578807      0.000163904129 
12.614240032373      0.000164259125 
12.638277558638      0.000164618549 
12.662311079712      0.000164981240 
12.686340705376      0.000165348525 
12.710366175086      0.000165719519 
12.734387303174      0.000166094596 
12.758404222016      0.000166473862 
12.782416710800      0.000166857387 
12.806424715638      0.000167245251 
12.830428196859      0.000167637532 
12.854427078198      0.000168034314 
12.878421155330      0.000168435677 
12.902410505279      0.000168841708 
12.926394986714      0.000169252493 
12.950374324737      0.000169668115 
12.974348579438      0.000170088665 
12.998317767135      0.000170514237 
13.022281455172      0.000170944916 
13.046239675047      0.000171380799 
13.070192312654      0.000171821978 
13.094139440497      0.000172268555 
13.118080532158      0.000172720620 
13.142015838529      0.000173178277 
13.165945195923      0.000173641627 
13.189868369472      0.000174110770 
13.213785326229      0.000174585811 
13.237696224327      0.000175066860 
13.261600451110      0.000175554013 
13.285498293222      0.000176047387 
13.309389623374      0.000176547090 
13.333274065749      0.000177053228 
13.357151549763      0.000177565912 
13.381022048852      0.000178085258 
13.404885396194      0.000178611378 
13.428741341469      0.000179144384 
13.452589633623      0.000179684390 
13.476430654716      0.000180231523 
13.500263686407      0.000180785888 
13.524088892802      0.000181347610 
13.547906349749      0.000181916813 
13.571715708360      0.000182493614 
13.595516807485      0.000183078131 
13.619309961603      0.000183670497 
13.643093035152      0.000184270786 
13.666865677103      0.000184879112 
13.690627661345      0.000185495593 
13.714378743608      0.000186120347 
13.738119056834      0.000186753502 
13.761848350628      0.000187395178 
13.785566499659      0.000188045496 
13.809273670839      0.000188704585 
13.832969380732      0.000189372559 
13.856653563957      0.000190049540 
13.880326272212      0.000190735655 
13.903987348409      0.000191431024 
13.927636522408      0.000192135764 
13.951274066116      0.000192850007 
13.974899558663      0.000193573865 
13.998513087436      0.000194307463 
14.022114719642      0.000195050928 
14.045703832404      0.000195804362 
14.069280648970      0.000196567895 
14.092844611085      0.000197341629 
14.116396184221      0.000198125701 
14.139935095675      0.000198920221 
14.163461160166      0.000199725304 
14.186974675866      0.000200541078 
14.210475487952      0.000201367658 
14.233963241096      0.000202205149 
14.257438470388      0.000203053688 
14.280900686897      0.000203913374 
14.304350132211      0.000204784334 
14.327787018436      0.000205666692 
14.351210819554      0.000206560547 
14.374622246714      0.000207466040 
14.398020910232      0.000208383274 
14.421406745971      0.000209312363 
14.444780143865      0.000210253437 
14.468140989578      0.000211206611 
14.491489049598      0.000212171992 
14.514825060380      0.000213149725 
14.538148419619      0.000214139906 
14.561459625960      0.000215142672 
14.584758964801      0.000216158155 
14.608045920659      0.000217186452 
14.631321503368      0.000218227727 
14.654585275531      0.000219282083 
14.677837269849      0.000220349643 
14.701078088175      0.000221430555 
14.724307665074      0.000222524943 
14.747525877557      0.000223632926 
14.770733733922      0.000224754675 
14.793930559857      0.000225890290 
14.817117124856      0.000227039932 
14.840293868039      0.000228203756 
14.863460275181      0.000229381867 
14.886617708680      0.000230574463 
14.909765733825      0.000231781661 
14.932904480718      0.000233003599 
14.956034836913      0.000234240460 
14.979156653928      0.000235492376 
15.002270236230      0.000236759501 
15.025375461589      0.000238041970 
15.048473248790      0.000239339971 
15.071563756168      0.000240653656 
15.094646765494      0.000241983154 
15.117723809269      0.000243328692 
15.140794512229      0.000244690395 
15.163859047910      0.000246068413 
15.186918586035      0.000247462959 
15.209973206659      0.000248874185 
15.233022963217      0.000250302240 
15.256069393266      0.000251747361 
15.279111639386      0.000253209644 
15.302151259080      0.000254689327 
15.325188450411      0.000256186571 
15.348223135731      0.000257701517 
15.371257046482      0.000259234422 
15.394290036272      0.000260785430 
15.417322187237      0.000262354693 
15.440355052320      0.000263942459 
15.463388499446      0.000265548865 
15.486423197710      0.000267174097 
15.509460260387      0.000268818375 
15.532499019586      0.000270481800 
15.555541445571      0.000272164656 
15.578587433526      0.000273867091 
15.601637096360      0.000275589263 
15.624691924812      0.000277331427 
15.647752064457      0.000279093743 
15.670817775235      0.000280876374 
15.693890756091      0.000282679591 
15.716970048136      0.000284503470 
15.740057435780      0.000286348283 
15.763153545670      0.000288214223 
15.786258115743      0.000290101409 
15.809373053746      0.000292010124 
15.832498251849      0.000293940507 
15.855633767369      0.000295892707 
15.878781232708      0.000297867002 
15.901940350734      0.000299863517 
15.925111855914      0.000301882444 
15.948297094386      0.000303924012 
15.971495224385      0.000305988253 
15.994708220538      0.000308075410 
16.017935861889      0.000310185531 
16.041178352174      0.000312318679 
16.064436720042      0.000314474971 
16.087711013609      0.000316654425 
16.111001631804      0.000318857070 
16.134309728746      0.000321082990 
16.157634457023      0.000323332090 
16.180972761676      0.000325604058 
16.204322232959      0.000327898627 
16.227681483182      0.000330215617 
16.251051887108      0.000332555109 
16.274433457443      0.000334917066 
16.297825197300      0.000337301349 
16.321229012193      0.000339708099 
16.344643444506      0.000342137149 
16.368068384054      0.000344588452 
16.391506418806      0.000347062239 
16.414954408046      0.000349558189 
16.438414856199      0.000352076522 
16.461888157586      0.000354617275 
16.485372261784      0.000357180569 
16.508869534484      0.000359766068 
16.532379924677      0.000362374022 
16.555901329749      0.000365004254 
16.579436764683      0.000367657111 
16.602984789887      0.000370332505 
16.626545961789      0.000373030545 
16.650122239246      0.000375751499 
16.673711600886      0.000378495206 
16.697315149465      0.000381261809 
16.720934556813      0.000384051506 
16.744567773712      0.000386864059 
16.768216014430      0.000389699545 
16.791881169289      0.000392558101 
16.815562106168      0.000395439504 
16.839258173072      0.000398343547 
16.862972818873      0.000401270473 
16.886702990067      0.000404219784 
16.910450792769      0.000407191530 
16.934217667009      0.000410185689 
16.958001262198      0.000413201779 
16.981803439444      0.000416239777 
17.005626764980      0.000419299743 
17.029467763974      0.000422381015 
17.053328533673      0.000425483549 
17.077211296170      0.000428607326 
17.101112082783      0.000431751565 
17.125029977203      0.000434915788 
17.148951025363      0.000438097888 
17.172876743806      0.000441297509 
17.196797929401      0.000444512961 
17.220713260913      0.000447743370 
17.244624765122      0.000450988202 
17.268532579386      0.000454246607 
17.292438384541      0.000457517822 
17.316344040334      0.000460801040 
17.340250383337      0.000464095268 
17.364158376548      0.000467399497 
17.388069931547      0.000470712829 
17.411986282806      0.000474034306 
17.435907975994      0.000477362920 
17.459837334106      0.000480697943 
17.483775174906      0.000484038544 
17.507722284869      0.000487383972 
17.531681902731      0.000490733882 
17.555653106589      0.000494087523 
17.579637962401      0.000497444603 
17.603640310080      0.000500805162 
17.627648476361      0.000504167389 
17.651649173732      0.000507529267 
17.675645138188      0.000510890821 
17.699638976739      0.000514252140 
17.723632428016      0.000517613180 
17.747627399633      0.000520973857 
17.771626016238      0.000524334049 
17.795630133812      0.000527693518 
17.819641859751      0.000531051969 
17.843662060671      0.000534408877 
17.867683516537      0.000537762647 
17.891701940255      0.000541111980 
17.915718117871      0.000544456221 
17.939733857936      0.000547794892 
17.963750187564      0.000551127490 
17.987764520294      0.000554453170 
18.011778512355      0.000557771731 
18.035792854872      0.000561083036 
18.059809557791      0.000564387280 
18.083829857398      0.000567684750 
18.107855368906      0.000570975945 
18.131879882343      0.000574260580 
18.155899675755      0.000577538764 
18.179917939209      0.000580811529 
18.203938001735      0.000584079975 
18.227960408631      0.000587344855 
18.251987945049      0.000590607107 
18.276022954637      0.000593867522 
18.300068497659      0.000597126830 
18.324116757287      0.000600384309 
18.348161863931      0.000603639250 
18.372204600246      0.000606891564 
18.396245533353      0.000610140995 
18.420286163576      0.000613387251 
18.444326504258      0.000616629769 
18.468366643926      0.000619867943 
18.492405580462      0.000623101057 
18.516443640125      0.000626328615 
18.540481769403      0.000629550321 
18.564521509884      0.000632766098 
18.588562867314      0.000635975851 
18.612606674406      0.000639179741 
18.636642127457      0.000642376752 
18.660671821966      0.000645567527 
18.684695421669      0.000648752546 
18.708714277463      0.000651932577 
18.732730310836      0.000655108529 
18.756746177255      0.000658281433 
18.780760717995      0.000661451883 
18.804777220544      0.000664620922 
18.828799085764      0.000667789553 
18.852829025108      0.000670958613 
18.876853742955      0.000674127013 
18.900870076030      0.000677294650 
18.924878322477      0.000680461703 
18.948877873665      0.000683628085 
18.972869949679      0.000686793713 
18.996854842944      0.000689958204 
19.020833221444      0.000693121028 
19.044801128978      0.000696280968 
19.068760415177      0.000699437339 
19.092709689114      0.000702589020 
19.116637879133      0.000705733742 
19.140538833665      0.000708869810 
19.164412608490      0.000711996390 
19.188265301518      0.000715113591 
19.212103895230      0.000718221979 
19.235929974991      0.000721321947 
19.259749440675      0.000724414819 
19.283567412161      0.000727502277 
19.307389598210      0.000730586393 
19.331215668564      0.000733668787 
19.355049877813      0.000736751636 
19.378871604770      0.000739834318 
19.402676314153      0.000742917667 
19.426467620930      0.000746003047 
19.450240891328      0.000749090440 
19.473992355957      0.000752179420 
19.497695202150      0.000755266647 
19.521357283587      0.000758352342 
19.544960494989      0.000761433899 
19.568512721718      0.000764511612 
19.592016479575      0.000767585428 
19.615483860142      0.000770656527 
19.638925995575      0.000773726170 
19.662356267381      0.000776795997 
19.685787926998      0.000779867775 
19.709233601389      0.000782943362 
19.732704225045      0.000786024647 
19.756207044930      0.000789113393 
19.779732890258      0.000792209871 
19.803189956785      0.000795305526 
19.826579985279      0.000798402197 
19.849891308635      0.000801500456 
19.873140204545      0.000804603746 
19.896347679851      0.000807715751 
19.919535520395      0.000810839793 
19.942724665299      0.000813978612 
19.965931370951      0.000817133990 
19.989157135433      0.000820305811 
20.012404591156      0.000823494204 
20.035676928322      0.000826699895 
20.058978893614      0.000829924533 
20.082241623403      0.000833161897 
20.105419454799      0.000836408482 
20.128533172649      0.000839668151 
20.151603949740      0.000842943943 
20.174650272040      0.000846237340 
20.197684812740      0.000849548096 
20.220708168478      0.000852873997 
20.243728129190      0.000856213831 
20.266752664469      0.000859567166 
20.289793160417      0.000862935110 
20.312868981867      0.000866320972 
20.335995929729      0.000869728652 
20.359035565348      0.000873143607 
20.382000334226      0.000876569399 
20.404901640869      0.000880008697 
20.427751268619      0.000883462709 
20.450564099121      0.000886931757 
20.473361629482      0.000890416430 
20.496150328800      0.000893915708 
20.518948938205      0.000897431058 
20.541781970483      0.000900965699 
20.564689089565      0.000904525229 
20.587637044379      0.000908105448 
20.610481604244      0.000911686695 
20.633235838100      0.000915268645 
20.655908439765      0.000918849829 
20.678520153627      0.000922429783 
20.701097116105      0.000926008425 
20.723677912283      0.000929587059 
20.746256763200      0.000933161291 
20.768869938741      0.000936732923 
20.791571863623      0.000940307335 
20.814370450504      0.000943885196 
20.837150525725      0.000947452579 
20.859811570499      0.000950998032 
20.882382356218      0.000954526276 
20.904860050846      0.000958037592 
20.927276517930      0.000961536443 
20.949674016831      0.000965028605 
20.972051064803      0.000968514129 
20.994452433273      0.000971998320 
21.016926095698      0.000975486491 
21.039469981023      0.000978977946 
21.062148269065      0.000982480784 
21.084875981023      0.000985985101 
21.107520424582      0.000989474588 
21.130038752287      0.000992942413 
21.152465655098      0.000996389232 
21.174818338944      0.000999812073 
21.197109167515      0.001003206864 
21.219407046135      0.001006576255 
21.241681566840      0.001009911192 
21.263991444915      0.001013213376 
21.286373868386      0.001016482582 
21.308830860811      0.001019715976 
21.331458196935      0.001022922539 
21.354211932261      0.001026097361 
21.377025087199      0.001029234241 
21.399757672423      0.001032320164 
21.422384966282      0.001035353558 
21.444927673732      0.001038336259 
21.467379893523      0.001041266418 
21.489804334255      0.001044147606 
21.512158960641      0.001046972563 
21.534532090172      0.001049744688 
21.556878658401      0.001052454528 
21.579258989583      0.001055101319 
21.601689510023      0.001057680402 
21.624176948407      0.001060186676 
21.646799216376      0.001062620447 
21.669496935891      0.001064972423 
21.692386238723      0.001067245010 
21.715361524342      0.001069426453 
21.738358913590      0.001071509332 
21.761346455877      0.001073489196 
21.784350957161      0.001075364280 
21.807363616293      0.001077130571 
21.830374187844      0.001078784038 
21.853353539609      0.001080320865 
21.876256860856      0.001081738314 
21.899167715788      0.001083036902 
21.922015034316      0.001084214448 
21.944909500590      0.001085271148 
21.967756597292      0.001086205863 
21.990655068297      0.001087018317 
22.013549860746      0.001087708507 
22.036499519367      0.001088275414 
22.059493284349      0.001088718313 
22.082541865771      0.001089035607 
22.105685812624      0.001089223793 
22.128878888032      0.001089281386 
22.152222825745      0.001089200066 
22.175605287823      0.001088980386 
22.199042294075      0.001088618498 
22.222453329025      0.001088117848 
22.245876244146      0.001087476451 
22.269287330557      0.001086697336 
22.292730950920      0.001085779288 
22.316182994766      0.001084727487 
22.339677149920      0.001083543001 
22.363205049363      0.001082230935 
22.386797787771      0.001080792055 
22.410454688549      0.001079229511 
22.434190606839      0.001077543894 
22.457952604368      0.001075743133 
22.481738204922      0.001073829394 
22.505547238958      0.001071804170 
22.529338726802      0.001069674718 
22.553140369990      0.001067439606 
22.576933371528      0.001065103718 
22.600748544484      0.001062665394 
22.624569295305      0.001060130806 
22.648429122401      0.001057500059 
22.672304707572      0.001054783473 
22.696239972649      0.001051981724 
22.720206599385      0.001049107077 
22.744256956727      0.001046158015 
22.768267477687      0.001043162347 
22.792237176986      0.001040128206 
22.816189767854      0.001037059002 
22.840148271011      0.001033957626 
22.864073736798      0.001030837432 
22.887982032645      0.001027701715 
22.911886700035      0.001024553287 
22.935798439024      0.001021395415 
22.959725511442      0.001018232554 
22.983639763288      0.001015076668 
23.007481068933      0.001011946180 
23.031246689000      0.001008848683 
23.054944784586      0.001005787737 
23.078583694053      0.001002765234 
23.102171503834      0.000999782175 
23.125714712222      0.000996838748 
23.149222186134      0.000993934007 
23.172681038139      0.000991070046 
23.196078267882      0.000988248068 
23.219414965385      0.000985466972 
23.242681154557      0.000982728105 
23.265843727390      0.000980037009 
23.288898117612      0.000977396155 
23.311847749756      0.000974807884 
23.334688886360      0.000972274692 
23.357426170978      0.000969797483 
23.380031433794      0.000967382993 
23.402476704745      0.000965037535 
23.424751008015      0.000962764318 
23.446848419915      0.000960566249 
23.468765829043      0.000958445847 
23.490497572179      0.000956404945 
23.512052678278      0.000954443113 
23.533422674439      0.000952562838 
23.554633829173      0.000950761197 
23.575667790396      0.000949040129 
23.596573440618      0.000947392930 
23.617313544757      0.000945823809 
23.637952726143      0.000944324220 
23.658446942797      0.000942898350 
23.678852943969      0.000941538621 
23.699150061981      0.000940246426 
23.719371401485      0.000939017270 
23.739524666804      0.000937849067 
23.759612452315      0.000936739657 
23.779672970957      0.000935683002 
23.799676533432      0.000934679641 
23.819653123576      0.000933724000 
23.839557338035      0.000932817494 
23.859393452971      0.000931957201 
23.879181030751      0.000931138980 
23.898927696797      0.000930359671 
23.918653954234      0.000929615286 
23.938367794315      0.000928903673 
23.958089875142      0.000928222321 
23.977827761181      0.000927570084 
23.997601600099      0.000926945164 
24.017418009199      0.000926347443 
24.037296296666      0.000925776438 
24.057241769246      0.000925232904 
24.077261382059      0.000924717558 
24.097379674092      0.000924230196 
24.117581099300      0.000923773841 
24.137900304646      0.000923348267 
24.158319850343      0.000922956825 
24.178873281407      0.000922599706 
24.199541464031      0.000922280619 
24.220356867377      0.000922000043 
24.241299241953      0.000921761440 
24.262399705505      0.000921565042 
24.283636746465      0.000921413703 
24.305031847334      0.000921307553 
24.326568727368      0.000921248287 
24.348270637053      0.000921235447 
24.370121016406      0.000921270651 
24.392140328793      0.000921353790 
24.414315061494      0.000921485763 
24.436641827978      0.000921666832 
24.459135176764      0.000921896405 
24.481768963969      0.000922174221 
24.504525689171      0.000922498830 
24.527396485269      0.000922868473 
24.550383193732      0.000923280897 
24.573482222679      0.000923733553 
24.596684519363      0.000924224331 
24.619990737772      0.000924751046 
24.643393096384      0.000925311076 
24.666893311504      0.000925901395 
24.690479847034      0.000926519116 
24.714058010420      0.000927160803 
24.737629637461      0.000927821458 
24.761079338691      0.000928499406 
24.784412071478      0.000929190823 
24.807620861210      0.000929890860 
24.830735322826      0.000930594847 
24.853727557283      0.000931300633 
24.876652965372      0.000932004366 
24.899463698336      0.000932702206 
24.922222091721      0.000933388799 
24.944890068976      0.000934062646 
24.967518666023      0.000934723204 
24.990095055485      0.000935371600 
25.012648991138      0.000936007492 
25.035193166841      0.000936630655 
25.057732539878      0.000937241982 
25.080307944887      0.000937842256 
25.102857628150      0.000938434317 
25.125371651965      0.000939019753 
25.147867790391      0.000939599372 
25.170349664445      0.000940174240 
25.192825936378      0.000940744968 
25.215319997171      0.000941310972 
25.237822669277      0.000941871625 
25.260370769379      0.000942424321 
25.282948793972      0.000942968205 
25.305583600624      0.000943503165 
25.328250444773      0.000944033099 
25.350964158471      0.000944562250 
25.373732235327      0.000945095583 
25.396570129737      0.000945637872 
25.419483530326      0.000946193513 
25.442487905039      0.000946764337 
25.465586832466      0.000947349510 
25.488795474796      0.000947945162 
25.512114964432      0.000948545825 
25.535559576992      0.000949144013 
25.559127899507      0.000949732451 
25.582747187317      0.000950307838 
25.606397628715      0.000950867342 
25.630081405566      0.000951409610 
25.653801747589      0.000951934695 
25.677560226594      0.000952443391 
25.701351804330      0.000952936909 
25.725180936023      0.000953415733 
25.749016677098      0.000953881326 
25.772843060070      0.000954334042 
25.796661988716      0.000954773511 
25.820482501827      0.000955199136 
25.844301548873      0.000955610932 
25.868129904682      0.000956008361 
25.891965271564      0.000956391496 
25.915815170188      0.000956759590 
25.939613524209      0.000957115291 
25.963293594599      0.000957460773 
25.986836347629      0.000957795479 
26.010309438823      0.000958114145 
26.033687153679      0.000958416584 
26.057036885054      0.000958697058 
26.080344565568      0.000958955091 
26.103663806080      0.000959186384 
26.126993765164      0.000959385282 
26.150372582439      0.000959557005 
26.173809985669      0.000959705459 
26.197329092474      0.000959832480 
26.220948829778      0.000959939653 
26.244603645008      0.000960032156 
26.268233558496      0.000960112205 
26.291830717391      0.000960177675 
26.315414448243      0.000960225165 
26.338984323391      0.000960252974 
26.362558023562      0.000960258429 
26.386146475065      0.000960240076 
26.409746422342      0.000960198205 
26.433394341867      0.000960130914 
26.457065785226      0.000960041677 
26.480810407829      0.000959929017 
26.504595644368      0.000959797411 
26.528479359248      0.000959643412 
26.552420335190      0.000959471860 
26.576333263985      0.000959292297 
26.600215718869      0.000959109290 
26.624063224599      0.000958927945 
26.647875075001      0.000958751719 
26.671650739708      0.000958582787 
26.695383471786      0.000958423407 
26.719074604715      0.000958274593 
26.742722567099      0.000958135872 
26.766329880466      0.000958006383 
26.789875703087      0.000957887017 
26.813315988552      0.000957775529 
26.836702683347      0.000957675081 
26.859969536267      0.000957586273 
26.883185462744      0.000957499325 
26.906298683344      0.000957417294 
26.929364450164      0.000957339858 
26.952362491613      0.000957269041 
26.975322541494      0.000957201904 
26.998250179732      0.000957140237 
27.021155087604      0.000957085110 
27.044061364431      0.000957036123 
27.066965956838      0.000956994506 
27.089902827356      0.000956956101 
27.112864649699      0.000956919001 
27.135886202854      0.000956879204 
27.158952862706      0.000956834339 
27.182055754849      0.000956780019 
27.205183913496      0.000956713240 
27.228366149248      0.000956627809 
27.251591902789      0.000956520657 
27.274887034750      0.000956386684 
27.298225640192      0.000956224572 
27.321604005963      0.000956032747 
27.345029071308      0.000955810930 
27.368501420180      0.000955560638 
27.392027826817      0.000955285136 
27.415609399825      0.000954988011 
27.439254105205      0.000954668887 
27.462960087870      0.000954328176 
27.486733367809      0.000953968579 
27.510566355360      0.000953593282 
27.534474217026      0.000953199128 
27.558447566926      0.000952781811 
27.582500497899      0.000952336437 
27.606623509661      0.000951867196 
27.630778886858      0.000951381326 
27.654945052263      0.000950880412 
27.679120633085      0.000950364976 
27.703307383558      0.000949834351 
27.727503732607      0.000949289786 
27.751712874739      0.000948736865 
27.775932941532      0.000948176853 
27.800167512721      0.000947606203 
27.824415096074      0.000947025299 
27.848679844529      0.000946434270 
27.872960814479      0.000945830949 
27.897262807285      0.000945211445 
27.921585660281      0.000944574606 
27.945934764354      0.000943921964 
27.970310752276      0.000943254724 
27.994704775046      0.000942572565 
28.019104043701      0.000941876076 
28.043509895836      0.000941167061 
28.067922095352      0.000940448096 
28.092341995665      0.000939720728 
28.116769353785      0.000938988271 
28.141205444509      0.000938254073 
28.165649575058      0.000937517694 
28.190100180355      0.000936779693 
28.214556986621      0.000936043347 
28.239020683102      0.000935307148 
28.263491974300      0.000934565487 
28.287960866461      0.000933819787 
28.312428509505      0.000933074014 
28.336895982698      0.000932325825 
28.361365442164      0.000931570631 
28.385830516445      0.000930811429 
28.410287890236      0.000930053755 
28.434737721122      0.000929298437 
28.459181523101      0.000928543305 
28.483621297067      0.000927787704 
28.508057982642      0.000927032829 
28.532492618110      0.000926279868 
28.556926654888      0.000925529722 
28.581362997927      0.000924783822 
28.605798864083      0.000924045579 
28.630233387648      0.000923319069 
28.654667939812      0.000922607324 
28.679104056609      0.000921911832 
28.703544342864      0.000921233272 
28.727990632009      0.000920572539 
28.752444548946      0.000919931028 
28.776908806096      0.000919310394 
28.801385371384      0.000918712434 
28.825877128577      0.000918139195 
28.850375214182      0.000917593502 
28.874875574673      0.000917075920 
28.899378758229      0.000916585057 
28.923884356192      0.000916120153 
28.948393075857      0.000915681419 
28.972904184194      0.000915268827 
28.997418632879      0.000914881299 
29.021935384479      0.000914517645 
29.046448636773      0.000914176604 
29.070960081957      0.000913855955 
29.095471168676      0.000913554468 
29.119979731794      0.000913270916 
29.144489457845      0.000913001013 
29.168997556699      0.000912740647 
29.193507831773      0.000912487743 
29.218017204830      0.000912241457 
29.242523907568      0.000911999283 
29.267026030846      0.000911758875 
29.291525884221      0.000911519912 
29.316021051832      0.000911281252 
29.340490427853      0.000911040871 
29.364936690200      0.000910795750 
29.389358854850      0.000910543349 
29.413758306731      0.000910280192 
29.438084648622      0.000910004673 
29.462328231522      0.000909713627 
29.486521376022      0.000909403575 
29.510660514001      0.000909073847 
29.534744660008      0.000908723304 
29.558772756092      0.000908351033 
29.582758490651      0.000907957117 
29.606731816113      0.000907540508 
29.630685552518      0.000907100921 
29.654650194217      0.000906635286 
29.678647924782      0.000906141867 
29.702680303704      0.000905621648 
29.726773188523      0.000905074142 
29.750954106630      0.000904497936 
29.775226661516      0.000903894172 
29.799609226117      0.000903264550 
29.824038984059      0.000902616929 
29.848485405291      0.000901955010 
29.872929903594      0.000901282588 
29.897379244392      0.000900601717 
29.921830331611      0.000899913153 
29.946290163349      0.000899218198 
29.970764257912      0.000898520627 
29.995241439354      0.000897825242 
30.019731805310      0.000897134659 
30.044228472125      0.000896452541 
30.068717686256      0.000895784004 
30.093206766543      0.000895132332 
30.117701495332      0.000894498387 
30.142192802277      0.000893883478 
30.166682298519      0.000893287454 
30.191173698535      0.000892708950 
30.215667596443      0.000892147380 
30.240168248522      0.000891601345 
30.264656321988      0.000891070748 
30.289132889260      0.000890555445 
30.313607229246      0.000890055803 
30.338080416470      0.000889572570 
30.362561221857      0.000889104437 
30.387051640288      0.000888650045 
30.411554278680      0.000888208706 
30.436078701857      0.000887778566 
30.460619299589      0.000887358952 
30.485175665649      0.000886950173 
30.509738085043      0.000886552398 
30.534300011246      0.000886164918 
30.558852997780      0.000885788375 
30.583398205606      0.000885422932 
30.607943478892      0.000885066131 
30.632494723503      0.000884714330 
30.657052722831      0.000884365734 
30.681606350357      0.000884019685 
30.706140680881      0.000883674773 
30.730666430192      0.000883329514 
30.755186083099      0.000882983323 
30.779680932651      0.000882635333 
30.804147114413      0.000882285329 
30.828589618933      0.000881933961 
30.853013329069      0.000881580748 
30.877425466357      0.000881225170 
30.901833812070      0.000880866741 
30.926243530931      0.000880504624 
30.950640641094      0.000880140049 
30.975028936773      0.000879773528 
30.999416494959      0.000879405088 
31.023808619223      0.000879034572 
31.048212997033      0.000878660588 
31.072636564032      0.000878281689 
31.097084623070      0.000877897029 
31.121562841555      0.000877505431 
31.146040867070      0.000877108311 
31.170510913742      0.000876706348 
31.194976183590      0.000876298770 
31.219439676752      0.000875883665 
31.243904670797      0.000875459264 
31.268374038292      0.000875024060 
31.292847026297      0.000874576520 
31.317322464386      0.000874115606 
31.341802873781      0.000873640242 
31.366290584012      0.000873148461 
31.390787450403      0.000872637881 
31.415293985024      0.000872106965 
31.439796859247      0.000871556110 
31.464294171982      0.000870985339 
31.488786402516      0.000870394980 
31.513280186714      0.000869785575 
31.537776364150      0.000869158400 
31.562280682246      0.000868514697 
31.586786863651      0.000867857090 
31.611297347630      0.000867187878 
31.635818156692      0.000866508920 
31.660352169580      0.000865821797 
31.684881228741      0.000865129739 
31.709392844892      0.000864435847 
31.733880219463      0.000863742358 
31.758345830106      0.000863050239 
31.782791185614      0.000862360096 
31.807219550641      0.000861672077 
31.831633547184      0.000860987144 
31.856037687493      0.000860306923 
31.880435832830      0.000859632413 
31.904832450780      0.000858964068 
31.929233384827      0.000858302323 
31.953642587015      0.000857647528 
31.978056821478      0.000857000827 
32.002475766143      0.000856363473 
32.026903049234      0.000855736157 
32.051345353261      0.000855118998 
32.075805968293      0.000854511980 
32.100287577397      0.000853915317 
32.124764010654      0.000853332040 
32.149238078817      0.000852763371 
32.173716015527      0.000852209903 
32.198186039847      0.000851673315 
32.222653035448      0.000851154124 
32.247120544461      0.000850652535 
32.271593184193      0.000850168010 
32.296074197372      0.000849699802 
32.320547285736      0.000849248537 
32.345015374880      0.000848813545 
32.369481986166      0.000848394065 
32.393949241950      0.000847989891 
32.418417528953      0.000847601342 
32.442883314131      0.000847228807 
32.467348707086      0.000846871947 
32.491815468946      0.000846530623 
32.516284483177      0.000846205426 
32.540756466248      0.000845897022 
32.565232305852      0.000845605279 
32.589712549558      0.000845329216 
32.614197789796      0.000845067556 
32.638688174743      0.000844819070 
32.663183234493      0.000844582302 
32.687683549707      0.000844355282 
32.712189342935      0.000844135862 
32.736701202518      0.000843922256 
32.761218799480      0.000843713550 
32.785742081619      0.000843509199 
32.810257669681      0.000843308834 
32.834760295414      0.000843111128 
32.859251370405      0.000842914773 
32.883733637152      0.000842719078 
32.908209682403      0.000842523444 
32.932683327810      0.000842326832 
32.957152051480      0.000842128045 
32.981617399526      0.000841925007 
33.006083482694      0.000841715284 
33.030554473845      0.000841496999 
33.055034782517      0.000841268464 
33.079528312812      0.000841027669 
33.104038622097      0.000840772941 
33.128568146672      0.000840503384 
33.153099867365      0.000840219536 
33.177635175736      0.000839921343 
33.202176582195      0.000839609051 
33.226726663083      0.000839282581 
33.251282348675      0.000838941759 
33.275840449729      0.000838586348 
33.300403767060      0.000838216045 
33.324974754240      0.000837831417 
33.349555624565      0.000837433234 
33.374148174819      0.000837021613 
33.398753371133      0.000836596635 
33.423368591685      0.000836158404 
33.447980382454      0.000835707605 
33.472590548810      0.000835244639 
33.497198604925      0.000834769892 
33.521800658427      0.000834283901 
