    time           T_x           T_y           T_z      
 0.0050000000 -0.0035946919 -7.0662581773 -0.0008224186 
 0.0132500000 -0.0036503125  4.3662292518 -0.0008224675 
 0.0270000000 -0.0037561428  0.0125851011 -0.0008224248 
 0.0421250000 -0.0033152494 -0.0048263047 -0.0008224736 
 0.0587625000 -0.0034259464 -0.0035948480 -0.0008225383 
 0.0770637500 -0.0033008909 -0.0032551554 -0.0008225976 
 0.0971951250 -0.0032118245 -0.0031653246 -0.0008226391 
 0.1193396375 -0.0031254946 -0.0031203006 -0.0008226605 
 0.1436986013 -0.0030372654 -0.0031133071 -0.0008226657 
 0.1704934614 -0.0029455279 -0.0031422490 -0.0008226594 
 0.1999678075 -0.0028474728 -0.0032049984 -0.0008226461 
 0.2323895883 -0.0027405071 -0.0033001158 -0.0008226294 
 0.2680535471 -0.0026214392 -0.0034261953 -0.0008226124 
 0.3072839018 -0.0024888845 -0.0035838825 -0.0008226038 
 0.3504372920 -0.0023379840 -0.0037694423 -0.0008225992 
 0.3979060212 -0.0021730370 -0.0039891080 -0.0008225971 
 0.4461133806 -0.0019869849 -0.0042132449 -0.0008225974 
 0.4943911609 -0.0018005140 -0.0044437117 -0.0008225994 
 0.5427304967 -0.0016101948 -0.0046776769 -0.0008226025 
 0.5911243528 -0.0014118197 -0.0049110838 -0.0008226064 
 0.6395663365 -0.0012064427 -0.0051429683 -0.0008226110 
 0.6880514600 -0.0009936459 -0.0053718870 -0.0008226163 
 0.7365749734 -0.0007735313 -0.0055968952 -0.0008226222 
 0.7851331736 -0.0005461123 -0.0058171586 -0.0008226290 
 0.8337224608 -0.0003114988 -0.0060320130 -0.0008226365 
 0.8823395909 -0.0000698164 -0.0062408901 -0.0008226449 
 0.9309792790  0.0001787717 -0.0064432940 -0.0008226541 
 0.9796337428  0.0004340653 -0.0066387837 -0.0008226642 
 1.0283013077  0.0006958498 -0.0068270193 -0.0008226751 
 1.0769807357  0.0009639466 -0.0070076647 -0.0008226870 
 1.1256706815  0.0012381451 -0.0071804307 -0.0008226997 
 1.1743699448  0.0015182247 -0.0073450573 -0.0008227133 
 1.2230775416  0.0018039586 -0.0075013075 -0.0008227278 
 1.2717924436  0.0020951128 -0.0076489636 -0.0008227432 
 1.3205139003  0.0023914467 -0.0077878280 -0.0008227596 
 1.3692410600  0.0026927145 -0.0079177167 -0.0008227768 
 1.4179731768  0.0029986643 -0.0080384620 -0.0008227950 
 1.4667095433  0.0033090400 -0.0081499093 -0.0008228141 
 1.5154494644  0.0036235810 -0.0082519163 -0.0008228342 
 1.5641924343  0.0039420233 -0.0083443536 -0.0008228552 
 1.6129378805  0.0042641003 -0.0084271014 -0.0008228772 
 1.6616852798  0.0045895414 -0.0085000518 -0.0008229002 
 1.7104338517  0.0049180724 -0.0085631054 -0.0008229242 
 1.7591825721  0.0052494144 -0.0086161738 -0.0008229492 
 1.8079313313  0.0055832905 -0.0086591837 -0.0008229752 
 1.8566800229  0.0059194263 -0.0086920631 -0.0008230022 
 1.9054285683  0.0062575444 -0.0087147524 -0.0008230302 
 1.9541768587  0.0065973659 -0.0087272006 -0.0008230593 
 2.0029248207  0.0069386116 -0.0087293652 -0.0008230893 
 2.0516723344  0.0072810015 -0.0087212118 -0.0008231205 
 2.1004183029  0.0076242495 -0.0087027110 -0.0008231526 
 2.1491624603  0.0079680715 -0.0086738529 -0.0008231859 
 2.1979045000  0.0083121874 -0.0086346249 -0.0008232202 
 2.2466441549  0.0086563162 -0.0085850258 -0.0008232555 
 2.2953812028  0.0090001779 -0.0085250625 -0.0008232920 
 2.3441154709  0.0093434939 -0.0084547490 -0.0008233295 
 2.3928466609  0.0096859857 -0.0083741066 -0.0008233680 
 2.4415745916  0.0100273769 -0.0082831655 -0.0008234077 
 2.4902990946  0.0103673926 -0.0081819616 -0.0008234485 
 2.5390199992  0.0107057596 -0.0080705385 -0.0008234903 
 2.5877370586  0.0110422060 -0.0079489469 -0.0008235333 
 2.6364501769  0.0113764627 -0.0078172453 -0.0008235774 
 2.6851592515  0.0117082630 -0.0076754972 -0.0008236225 
 2.7338640102  0.0120373413 -0.0075237736 -0.0008236688 
 2.7825643771  0.0123634355 -0.0073621539 -0.0008237162 
 2.8312602768  0.0126862866 -0.0071907211 -0.0008237647 
 2.8799514975  0.0130056369 -0.0070095656 -0.0008238144 
 2.9286379764  0.0133212330 -0.0068187857 -0.0008238652 
 2.9773196542  0.0136328245 -0.0066184834 -0.0008239171 
 3.0259963403  0.0139401631 -0.0064087675 -0.0008239701 
 3.0746679758  0.0142430049 -0.0061897543 -0.0008240243 
 3.1233345406  0.0145411095 -0.0059615636 -0.0008240796 
 3.1719958386  0.0148342388 -0.0057243216 -0.0008241361 
 3.2206518686  0.0151221600 -0.0054781616 -0.0008241938 
 3.2693026308  0.0154046438 -0.0052232197 -0.0008242526 
 3.3179478967  0.0156814630 -0.0049596386 -0.0008243125 
 3.3665877080  0.0159523971 -0.0046875681 -0.0008243736 
 3.4152220324  0.0162172280 -0.0044071593 -0.0008244360 
 3.4638507358  0.0164757418 -0.0041185707 -0.0008244994 
 3.5124738822  0.0167277304 -0.0038219659 -0.0008245641 
 3.5610913540  0.0169729879 -0.0035175112 -0.0008246299 
 3.6097031316  0.0172113148 -0.0032053798 -0.0008246970 
 3.6583092877  0.0174425158 -0.0028857477 -0.0008247652 
 3.7069096096  0.0176663980 -0.0025587953 -0.0008248347 
 3.7555041957  0.0178827772 -0.0022247097 -0.0008249053 
 3.8040930119  0.0180914707 -0.0018836784 -0.0008249772 
 3.8526754496  0.0182922981 -0.0015358968 -0.0008250502 
 3.9012490567  0.0184850746 -0.0011815753 -0.0008251245 
 3.9498136790  0.0186696469 -0.0008209345 -0.0008252000 
 3.9983694175  0.0188458495 -0.0004541700 -0.0008252768 
 4.0469162243  0.0190135257 -0.0000814889 -0.0008253548 
 4.0954540614  0.0191725270  0.0002968948 -0.0008254340 
 4.1439830560  0.0193227098  0.0006807664 -0.0008255144 
 4.1925030750  0.0194639336  0.0010699081 -0.0008255961 
 4.2410142321  0.0195960669  0.0014640975 -0.0008256791 
 4.2895164890  0.0197189802  0.0018631119 -0.0008257633 
 4.3380098946  0.0198325519  0.0022667241 -0.0008258488 
 4.3864945524  0.0199366650  0.0026747060 -0.0008259356 
 4.4349703716  0.0200312068  0.0030868261 -0.0008260236 
 4.4834375448  0.0201160738  0.0035028506 -0.0008261129 
 4.5318959595  0.0201911628  0.0039225446 -0.0008262036 
 4.5803457587  0.0202563816  0.0043456698 -0.0008262955 
 4.6287869774  0.0203116399  0.0047719877 -0.0008263887 
 4.6772196590  0.0203568546  0.0052012570 -0.0008264833 
 4.7256439529  0.0203919487  0.0056332355 -0.0008265791 
 4.7740597979  0.0204168486  0.0060676791 -0.0008266763 
 4.8224674124  0.0204314904  0.0065043425 -0.0008267749 
 4.8708667192  0.0204358109  0.0069429793 -0.0008268747 
 4.9192578789  0.0204297577  0.0073833414 -0.0008269760 
 4.9676409634  0.0204132803  0.0078251810 -0.0008270785 
 5.0160160746  0.0203863357  0.0082682487 -0.0008271825 
 5.0643833327  0.0203488863  0.0087122948 -0.0008272878 
 5.1127427387  0.0203008996  0.0091570682 -0.0008273945 
 5.1610945384  0.0202423512  0.0096023184 -0.0008275026 
 5.2094386806  0.0201732178  0.0100477938 -0.0008276122 
 5.2577753455  0.0200934874  0.0104932426 -0.0008277231 
 5.3061045925  0.0200031492  0.0109384132 -0.0008278354 
 5.3544266041  0.0199022008  0.0113830544 -0.0008279492 
 5.4027414762  0.0197906436  0.0118269146 -0.0008280644 
 5.4510492894  0.0196684859  0.0122697423 -0.0008281811 
 5.4993502376  0.0195357418  0.0127112871 -0.0008282992 
 5.5476443752  0.0193924291  0.0131512983 -0.0008284188 
 5.5959318905  0.0192385740  0.0135895263 -0.0008285399 
 5.6442127951  0.0190742055  0.0140257212 -0.0008286625 
 5.6924873691  0.0188993613  0.0144596358 -0.0008287866 
 5.7407556498  0.0187140803  0.0148910222 -0.0008289122 
 5.7890178018  0.0185184113  0.0153196340 -0.0008290394 
 5.8372739593  0.0183124057  0.0157452262 -0.0008291680 
 5.8855242999  0.0180961213  0.0161675551 -0.0008292983 
 5.9337689311  0.0178696208  0.0165863778 -0.0008294301 
 5.9820079494  0.0176329732  0.0170014526 -0.0008295634 
 6.0302416161  0.0173862527  0.0174125412 -0.0008296984 
 6.0784700186  0.0171295364  0.0178194049 -0.0008298350 
 6.1266933649  0.0168629100  0.0182218081 -0.0008299731 
 6.1749117058  0.0165864619  0.0186195156 -0.0008301130 
 6.2231253432  0.0163002880  0.0190122965 -0.0008302544 
 6.2713343172  0.0160044857  0.0193999191 -0.0008303976 
 6.3195388106  0.0156991617  0.0197821559 -0.0008305423 
 6.3677389543  0.0153844249  0.0201587807 -0.0008306888 
 6.4159350024  0.0150603900  0.0205295707 -0.0008308370 
 6.4641270738  0.0147271756  0.0208943043 -0.0008309869 
 6.5123152893  0.0143849070  0.0212527626 -0.0008311386 
 6.5604998879  0.0140337134  0.0216047307 -0.0008312920 
 6.6086810331  0.0136737276  0.0219499947 -0.0008314472 
 6.6568588639  0.0133050886  0.0222883442 -0.0008316041 
 6.7050334887  0.0129279402  0.0226195712 -0.0008317629 
 6.7532051992  0.0125424301  0.0229434725 -0.0008319234 
 6.8013741308  0.0121487092  0.0232598454 -0.0008320859 
 6.8495404947  0.0117469350  0.0235684924 -0.0008322501 
 6.8977043366  0.0113372684  0.0238692170 -0.0008324163 
 6.9458660129  0.0109198758  0.0241618296 -0.0008325844 
 6.9940255984  0.0104949246  0.0244461397 -0.0008327543 
 7.0421833211  0.0100625905  0.0247219636 -0.0008329262 
 7.0903392036  0.0096230511  0.0249891182 -0.0008331001 
 7.1384936559  0.0091764892  0.0252474286 -0.0008332759 
 7.1866467229  0.0087230886  0.0254967177 -0.0008334538 
 7.2347986915  0.0082630411  0.0257368175 -0.0008336336 
 7.2829495493  0.0077965400  0.0259675590 -0.0008338155 
 7.3310997370  0.0073237838  0.0261887833 -0.0008339995 
 7.3792492607  0.0068449717  0.0264003280 -0.0008341856 
 7.4273983963  0.0063603109  0.0266020413 -0.0008343737 
 7.4755471363  0.0058700098  0.0267937704 -0.0008345641 
 7.5236959444  0.0053742807  0.0269753728 -0.0008347566 
 7.5718448236  0.0048733373  0.0271467026 -0.0008349512 
 7.6199940935  0.0043674003  0.0273076256 -0.0008351482 
 7.6681437128  0.0038566917  0.0274580054 -0.0008353473 
 7.7162941624  0.0033414373  0.0275977177 -0.0008355487 
 7.7644454237  0.0028218640  0.0277266338 -0.0008357525 
 7.8125977933  0.0022982053  0.0278446377 -0.0008359585 
 7.8607512369  0.0017706962  0.0279516115 -0.0008361670 
 7.9089062475  0.0012395737  0.0280474494 -0.0008363778 
 7.9570628221  0.0007050769  0.0281320414 -0.0008365910 
 8.0052212899  0.0001674503  0.0282052907 -0.0008368067 
 8.0533815814 -0.0003730599  0.0282670986 -0.0008370249 
 8.1015441916 -0.0009162056  0.0283173789 -0.0008372456 
 8.1497091201 -0.0014617369  0.0283560413 -0.0008374689 
 8.1978766508 -0.0020093995  0.0283830088 -0.0008376948 
 8.2460467366 -0.0025589363  0.0283982035 -0.0008379233 
 8.2942198640 -0.0031100908  0.0284015594 -0.0008381545 
 8.3423960419 -0.0036626032  0.0283930069 -0.0008383883 
 8.3905756020 -0.0042162111  0.0283724902 -0.0008386250 
 8.4387584650 -0.0047706488  0.0283399521 -0.0008388644 
 8.4869450283 -0.0053256508  0.0282953479 -0.0008391066 
 8.5351354699 -0.0058809503  0.0282386312 -0.0008393517 
 8.5833299425 -0.0064362771  0.0281697649 -0.0008395997 
 8.6315284831 -0.0069913581  0.0280887171 -0.0008398507 
 8.6797313435 -0.0075459208  0.0279954629 -0.0008401046 
 8.7279389019 -0.0080996931  0.0278899808 -0.0008403616 
 8.7761511104 -0.0086523977  0.0277722530 -0.0008406217 
 8.8243680020 -0.0092037549  0.0276422737 -0.0008408850 
 8.8725891299 -0.0097534803  0.0275000387 -0.0008411514 
 8.9208145056 -0.0103012917  0.0273455564 -0.0008414210 
 8.9690438405 -0.0108469045  0.0271788338 -0.0008416939 
 9.0172769192 -0.0113900333  0.0269998894 -0.0008419702 
 9.0655137216 -0.0119303940  0.0268087469 -0.0008422499 
 9.1137541977 -0.0124677024  0.0266054337 -0.0008425329 
 9.1619981926 -0.0130016723  0.0263899853 -0.0008428195 
 9.2102453713 -0.0135320152  0.0261624444 -0.0008431097 
 9.2584958102 -0.0140584468  0.0259228616 -0.0008434034 
 9.3067492874 -0.0145806798  0.0256712888 -0.0008437008 
 9.3550057153 -0.0150984281  0.0254077895 -0.0008440019 
 9.4032647143 -0.0156114030  0.0251324313 -0.0008443069 
 9.4515264595 -0.0161193218  0.0248452914 -0.0008446156 
 9.4997906280 -0.0166218969  0.0245464472 -0.0008449283 
 9.5480571688 -0.0171089662  0.0241726898 -0.0008452470 
 9.5963259110 -0.0176241349  0.0239867893 -0.0008455688 
 9.6445966940 -0.0180805460  0.0235104331 -0.0008458953 
 9.6928693624 -0.0185890076  0.0233020121 -0.0008462246 
 9.7411436505 -0.0190280917  0.0228141975 -0.0008465589 
 9.7894196291 -0.0195274605  0.0225765972 -0.0008468964 
 9.8376969572 -0.0199471425  0.0220714815 -0.0008472393 
 9.8859756321 -0.0204367268  0.0218080497 -0.0008475856 
 9.9342553102 -0.0208359553  0.0212855480 -0.0008479376 
 9.9825361073 -0.0212959334  0.0209469592 -0.0008482952 
10.0308177287 -0.0217173584  0.0205171298 -0.0008486577 
10.0791000443 -0.0221334375  0.0200858915 -0.0008490248 
10.1273828865 -0.0225406846  0.0196451523 -0.0008493963 
10.1756660547 -0.0229389281  0.0191949904 -0.0008497726 
10.2239494225 -0.0233276655  0.0187350971 -0.0008501539 
10.2722328188 -0.0237066585  0.0182657274 -0.0008505404 
10.3205161333 -0.0240756617  0.0177870994 -0.0008509323 
10.3687991084 -0.0244344057  0.0172994025 -0.0008513297 
10.4170816082 -0.0247826370  0.0168028516 -0.0008517326 
10.4653634782 -0.0251201040  0.0162976663 -0.0008521413 
10.5136445039 -0.0254465578  0.0157840744 -0.0008525559 
10.5619245752 -0.0257617543  0.0152623105 -0.0008529764 
10.6102034367 -0.0260654516  0.0147326176 -0.0008534031 
10.6584808827 -0.0263574124  0.0141952463 -0.0008538361 
10.7067567818 -0.0266374036  0.0136504535 -0.0008542754 
10.7550309067 -0.0269051953  0.0130985048 -0.0008547214 
10.8033031010 -0.0271605625  0.0125396729 -0.0008551740 
10.8515730893 -0.0274032839  0.0119742391 -0.0008556335 
10.8998406743 -0.0276331431  0.0114024922 -0.0008561001 
10.9481057470 -0.0278499289  0.0108247272 -0.0008565738 
10.9963679365 -0.0280534335  0.0102412505 -0.0008570550 
11.0446270355 -0.0282434554  0.0096523746 -0.0008575438 
11.0928829190 -0.0284197986  0.0090584192 -0.0008580404 
11.1411352233 -0.0285822715  0.0084597149 -0.0008585451 
11.1893837164 -0.0287306893  0.0078565995 -0.0008590579 
11.2376282103 -0.0288648730  0.0072494184 -0.0008595792 
11.2858683398 -0.0289846494  0.0066385280 -0.0008601092 
11.3341038716 -0.0290898527  0.0060242921 -0.0008606482 
11.3823345637 -0.0291803236  0.0054070831 -0.0008611964 
11.4305600460 -0.0292559097  0.0047872844 -0.0008617541 
11.4787800598 -0.0293164670  0.0041652874 -0.0008623215 
11.5269942825 -0.0293618588  0.0035414936 -0.0008628991 
11.5752023688 -0.0293919569  0.0029163143 -0.0008634871 
11.6234040271 -0.0294066422  0.0022901702 -0.0008640858 
11.6715988668 -0.0294058046  0.0016634932 -0.0008646957 
11.7197865102 -0.0293893438  0.0010367254 -0.0008653171 
11.7679665686 -0.0293571699  0.0004103193 -0.0008659503 
11.8161386974 -0.0293092039 -0.0002152625 -0.0008665959 
11.8643024242 -0.0292453784 -0.0008395447 -0.0008672542 
11.9124574151 -0.0291656380 -0.0014620430 -0.0008679257 
11.9606032062 -0.0290699403 -0.0020822600 -0.0008686110 
12.0087392628 -0.0289582570 -0.0026996860 -0.0008693105 
12.0568651696 -0.0288305738 -0.0033138012 -0.0008700248 
12.1049804726 -0.0286868921 -0.0039240737 -0.0008707544 
12.1530846359 -0.0285272296 -0.0045299585 -0.0008715001 
12.2011770889 -0.0283516217 -0.0051308984 -0.0008722624 
12.2492573693 -0.0281601220 -0.0057263253 -0.0008730420 
12.2973248392 -0.0279528040 -0.0063156573 -0.0008738398 
12.3453789970 -0.0277297617 -0.0068983020 -0.0008746563 
12.3934191540 -0.0274911118 -0.0074736528 -0.0008754926 
12.4414446778 -0.0272369944 -0.0080410924 -0.0008763495 
12.4894550235 -0.0269675738 -0.0085999931 -0.0008772278 
12.5374494674 -0.0266830413 -0.0091497142 -0.0008781286 
12.5854271717 -0.0263836171 -0.0096896033 -0.0008790530 
12.6333876741 -0.0260695482 -0.0102190024 -0.0008800020 
12.6813300345 -0.0257411152 -0.0107372393 -0.0008809768 
12.7292534835 -0.0253986305 -0.0112436354 -0.0008819788 
12.7771573714 -0.0250424395 -0.0117375066 -0.0008830091 
12.8250407127 -0.0246729254 -0.0122181595 -0.0008840692 
12.8729027512 -0.0242905074 -0.0126848988 -0.0008851607 
12.9207426529 -0.0238956433 -0.0131370258 -0.0008862850 
12.9685593321 -0.0234888333 -0.0135738388 -0.0008874440 
13.0163521025 -0.0230706157 -0.0139946415 -0.0008886393 
13.0641198172 -0.0226415748 -0.0143987369 -0.0008898729 
13.1118615014 -0.0222023371 -0.0147854361 -0.0008911468 
13.1595762398 -0.0217535727 -0.0151540600 -0.0008924632 
13.2072629398 -0.0212959979 -0.0155039398 -0.0008938242 
13.2549206666 -0.0208303723 -0.0158344236 -0.0008952322 
13.3025481170 -0.0203575038 -0.0161448758 -0.0008966899 
13.3501441125 -0.0198782439 -0.0164346839 -0.0008981999 
13.3977078227 -0.0193934836 -0.0167032639 -0.0008997649 
13.4452378950 -0.0189041615 -0.0169500580 -0.0009013881 
13.4927334019 -0.0184112529 -0.0171745450 -0.0009030726 
13.5401928450 -0.0179157770 -0.0173762381 -0.0009048217 
13.5876151329 -0.0174187852 -0.0175546942 -0.0009066389 
13.6349991601 -0.0169213619 -0.0177095149 -0.0009085281 
13.6823435862 -0.0164246233 -0.0178403498 -0.0009104930 
13.7296476396 -0.0159289289 -0.0179469885 -0.0009125526 
13.7769098013 -0.0154382702 -0.0180291104 -0.0009146986 
13.8241290772 -0.0149501020 -0.0180863258 -0.0009169312 
13.8713043391 -0.0144676407 -0.0181187527 -0.0009192545 
13.9184346101 -0.0139917425 -0.0181262802 -0.0009216740 
13.9655191434 -0.0135236075 -0.0181089366 -0.0009241956 
14.0125565553 -0.0130644224 -0.0180667705 -0.0009268258 
14.0595460956 -0.0126153671 -0.0179999123 -0.0009295705 
14.1064872007 -0.0121776057 -0.0179085575 -0.0009324364 
14.1533792263 -0.0117522833 -0.0177929673 -0.0009354298 
14.2002214812 -0.0113405197 -0.0176534683 -0.0009385574 
14.2470136979 -0.0109434002 -0.0174904495 -0.0009418263 
14.2937555602 -0.0105619741 -0.0173043621 -0.0009452436 
14.3404468133 -0.0101972491 -0.0170957168 -0.0009488170 
14.3870875437 -0.0098501837 -0.0168650812 -0.0009525541 
14.4336780865 -0.0095216842 -0.0166130768 -0.0009564632 
14.4802182655 -0.0092126043 -0.0163403814 -0.0009605526 
14.5267092507 -0.0089237291 -0.0160477155 -0.0009648309 
14.5731510149 -0.0086557867 -0.0157358550 -0.0009693073 
14.6195445844 -0.0084094304 -0.0154056142 -0.0009739909 
14.6658907015 -0.0081852421 -0.0150578522 -0.0009788912 
14.7121907437 -0.0079837232 -0.0146934641 -0.0009840182 
14.7584457551 -0.0078052950 -0.0143133857 -0.0009893820 
14.8046570657 -0.0076502911 -0.0139185853 -0.0009949928 
14.8508263512 -0.0075189539 -0.0135100612 -0.0010008613 
14.8969553878 -0.0074114307 -0.0130888418 -0.0010069982 
14.9430464209 -0.0073277685 -0.0126559804 -0.0010134147 
14.9891005973 -0.0072680237 -0.0122127248 -0.0010201383 
15.0351209658 -0.0072316498 -0.0117596161 -0.0010271652 
15.0811092947 -0.0072188366 -0.0112984552 -0.0010345017 
15.1270683978 -0.0072289539 -0.0108300577 -0.0010421586 
15.1730013641 -0.0072615171 -0.0103556154 -0.0010501482 
15.2189106055 -0.0073158943 -0.0098762887 -0.0010584826 
15.2647995090 -0.0073913351 -0.0093932352 -0.0010671738 
15.3106705064 -0.0074869669 -0.0089076211 -0.0010762329 
15.3565276358 -0.0076018023 -0.0084205894 -0.0010856710 
15.4023748068 -0.0077347441 -0.0079332693 -0.0010954984 
15.4482148019 -0.0078845853 -0.0074467802 -0.0011057249 
15.4940517848 -0.0080500222 -0.0069622057 -0.0011163595 
15.5398887750 -0.0082296608 -0.0064806107 -0.0011274105 
15.5857307978 -0.0084220333 -0.0060030023 -0.0011388859 
15.6315807235 -0.0086255930 -0.0055303683 -0.0011507922 
15.6774428834 -0.0088387575 -0.0050636141 -0.0011631353 
15.7233196942 -0.0090598880 -0.0046035985 -0.0011759198 
15.7692164374 -0.0092873325 -0.0041510925 -0.0011891497 
15.8151352535 -0.0095194188 -0.0037068154 -0.0012028272 
15.8610796035 -0.0097544864 -0.0032714119 -0.0012169537 
15.9070507124 -0.0099908880 -0.0028454760 -0.0012315286 
15.9530527144 -0.0102270352 -0.0024293666 -0.0012465501 
15.9990858156 -0.0104613670 -0.0020238085 -0.0012620147 
16.0451526382 -0.0106925280 -0.0016287442 -0.0012779190 
16.0912536369 -0.0109190460 -0.0012445674 -0.0012942572 
16.1373897794 -0.0111396610 -0.0008713790 -0.0013110217 
16.1835612432 -0.0113532068 -0.0005092440 -0.0013282031 
16.2297683079 -0.0115586442 -0.0001581635 -0.0013457908 
16.2760122430 -0.0117550731  0.0001819237 -0.0013637729 
16.3222923366 -0.0119417272  0.0005111157 -0.0013821359 
16.3686107337 -0.0121179828  0.0008295579 -0.0014008663 
16.4149673376 -0.0122833374  0.0011374030 -0.0014199487 
16.4613631243 -0.0124374322  0.0014348220 -0.0014393676 
16.5078004112 -0.0125800204  0.0017219752 -0.0014591079 
16.5542793975 -0.0127109681  0.0019989781 -0.0014791531 
16.6008019080 -0.0128302570  0.0022659142 -0.0014994880 
16.6473715214 -0.0129379371  0.0025228002 -0.0015200985 
16.6939886858 -0.0130341141  0.0027695731 -0.0015409700 
16.7406565073 -0.0131189431  0.0030061186 -0.0015620900 
16.7873781321 -0.0131925942  0.0032322446 -0.0015834474 
16.8341538282 -0.0132552578  0.0034476713 -0.0016050310 
16.8809859825 -0.0133071330  0.0036520486 -0.0016268323 
16.9278777161 -0.0133483933  0.0038449608 -0.0016488446 
16.9748306169 -0.0133791566  0.0040259378 -0.0016710623 
17.0218449733 -0.0133994798  0.0041944834 -0.0016934805 
17.0689209279 -0.0134093708  0.0043500983 -0.0017160959 
17.1160273375 -0.0134087744  0.0044922178 -0.0017388913 
17.1631632088 -0.0133976703  0.0046203243 -0.0017618651 
17.2103286711 -0.0133759737  0.0047340067 -0.0017850172 
17.2575256285 -0.0133435884  0.0048328499 -0.0018083493 
17.3047509662 -0.0133004083  0.0049165051 -0.0018318610 
17.3520035286 -0.0132463265  0.0049846847 -0.0018555534 
17.3992842179 -0.0131812195  0.0050371944 -0.0018794287 
17.4465908213 -0.0131049494  0.0050739325 -0.0019034873 
17.4939245823 -0.0130173453  0.0050948946 -0.0019277315 
17.5412829250 -0.0129181992  0.0051002178 -0.0019521607 
17.5886642771 -0.0128072836  0.0050901692 -0.0019767745 
17.6360695201 -0.0126843780  0.0050651738 -0.0020015729 
17.6834969081 -0.0125493128  0.0050258091 -0.0020265539 
17.7309462244 -0.0124019991  0.0049727717 -0.0020517154 
17.7784162731 -0.0122424594  0.0049068685 -0.0020770538 
17.8259116693 -0.0120708330  0.0048289527 -0.0021025681 
17.8734316014 -0.0118874028  0.0047399523 -0.0021282534 
17.9209736289 -0.0116925794  0.0046407880 -0.0021541036 
17.9685421506 -0.0114868048  0.0045323535 -0.0021801157 
18.0161374630 -0.0112705372  0.0044155534 -0.0022062843 
18.0637554689 -0.0110442410  0.0042912624 -0.0022326015 
18.1114000019 -0.0108083360  0.0041602886 -0.0022590637 
18.1590726867 -0.0105632802  0.0040234315 -0.0022856667 
18.2067767303 -0.0103095778  0.0038813981 -0.0023124072 
18.2545117700 -0.0100478235  0.0037348317 -0.0023392805 
18.3022697524 -0.0097787069  0.0035842835 -0.0023662782 
18.3500603947 -0.0095028343  0.0034300589 -0.0023934020 
18.3978716070 -0.0092209187  0.0032724674 -0.0024206418 
18.4457024158 -0.0089335169  0.0031115112 -0.0024479936 
18.4935442817 -0.0086410875  0.0029471977 -0.0024754497 
18.5413902522 -0.0083439016  0.0027794060 -0.0025030030 
18.5892407917 -0.0080420028  0.0026079560 -0.0025306512 
18.6370885303 -0.0077352927  0.0024326823 -0.0025583876 
18.6849281174 -0.0074234296  0.0022533642 -0.0025862076 
18.7327596151 -0.0071058070  0.0020698343 -0.0026141100 
18.7805790398 -0.0067817184  0.0018820759 -0.0026420921 
18.8283850966 -0.0064505182  0.0016901376 -0.0026701530 
18.8761766793 -0.0061117500  0.0014940908 -0.0026982919 
18.9239509720 -0.0057649985  0.0012939862 -0.0027265067 
18.9717130578 -0.0054095830  0.0010899124 -0.0027547994 
19.0194651348 -0.0050446993  0.0008821721 -0.0027831694 
19.0672055246 -0.0046697540  0.0006711342 -0.0028116131 
19.1149198425 -0.0042845679  0.0004572113 -0.0028401190 
19.1625925014 -0.0038889408  0.0002409489 -0.0028686749 
19.2102200841 -0.0034822830  0.0000232326 -0.0028972757 
19.2577915693 -0.0030642014 -0.0001946800 -0.0029259130 
19.3053039831 -0.0026348673 -0.0004117076 -0.0029545844 
19.3527517327 -0.0021948966 -0.0006268425 -0.0029832874 
19.4001389467 -0.0017444761 -0.0008389704 -0.0030120274 
19.4474692614 -0.0012833354 -0.0010468487 -0.0030408111 
19.4947279952 -0.0008118792 -0.0012498019 -0.0030696363 
19.5419168439 -0.0003312014 -0.0014483425 -0.0030985125 
19.5890399333  0.0001574456 -0.0016431802 -0.0031274529 
19.6361009331  0.0006533926 -0.0018338661 -0.0031564720 
19.6830896758  0.0011560656 -0.0020187012 -0.0031855784 
19.7300039846  0.0016642188 -0.0021964827 -0.0032147880 
19.7768476751  0.0021758713 -0.0023672427 -0.0032441237 
19.8236059425  0.0026891875 -0.0025313732 -0.0032736009 
19.8702816177  0.0032037728 -0.0026892891 -0.0033032505 
19.9168866144  0.0037196989 -0.0028419409 -0.0033331144 
19.9633989678  0.0042356115 -0.0029911379 -0.0033632182 
20.0098020142  0.0047493249 -0.0031385577 -0.0033935947 
20.0561352517  0.0052599075 -0.0032846745 -0.0034243169 
20.1023946954  0.0057667486 -0.0034292293 -0.0034554336 
20.1485482940  0.0062687220 -0.0035731901 -0.0034869711 
20.1945973616  0.0067641184 -0.0037195616 -0.0035189767 
20.2405202417  0.0072513492 -0.0038709452 -0.0035514791 
20.2863195201  0.0077302385 -0.0040291558 -0.0035845192 
20.3320305032  0.0082011718 -0.0041962319 -0.0036181560 
20.3776546051  0.0086629501 -0.0043732537 -0.0036524189 
20.4231698516  0.0091138004 -0.0045606796 -0.0036873129 
20.4685751378  0.0095534180 -0.0047595604 -0.0037228523 
20.5138347563  0.0099263219 -0.0049553942 -0.0037592640 
20.5590147949  0.0104033876 -0.0052080620 -0.0037964406 
20.6041646754  0.0107991988 -0.0054420895 -0.0038343865 
20.6492678293  0.0111927969 -0.0056959072 -0.0038730772 
20.6943094790  0.0115688829 -0.0059618882 -0.0039124951 
20.7392545688  0.0119268396 -0.0062395825 -0.0039526156 
20.7841471303  0.0122672988 -0.0065296883 -0.0039934990 
20.8290191125  0.0125898323 -0.0068325772 -0.0040352081 
20.8739172317  0.0128921012 -0.0071460107 -0.0040778259 
20.9188032548  0.0131723000 -0.0074671612 -0.0041213541 
20.9636962472  0.0134290246 -0.0077938026 -0.0041658420 
21.0085461534  0.0136600542 -0.0081232834 -0.0042112604 
21.0534369025  0.0138631450 -0.0084548668 -0.0042577042 
21.0983971454  0.0140361058 -0.0087865947 -0.0043052035 
21.1434509859  0.0141777798 -0.0091167492 -0.0043537642 
21.1885882777  0.0142880605 -0.0094438734 -0.0044033439 
21.2338137969  0.0143657613 -0.0097679025 -0.0044538864 
21.2790656700  0.0144112830 -0.0100882047 -0.0045052252 
21.3244396673  0.0144251556 -0.0104053605 -0.0045573363 
21.3699783830  0.0144078235 -0.0107195144 -0.0046101086 
21.4156758643  0.0143590572 -0.0110317691 -0.0046633539 
21.4615342244  0.0142788397 -0.0113434049 -0.0047168734 
21.5075508726  0.0141690164 -0.0116551449 -0.0047704328 
21.5537136473  0.0140312926 -0.0119671917 -0.0048237366 
21.6000010423  0.0138669384 -0.0122800889 -0.0048764107 
21.6464629120  0.0136788361 -0.0125957241 -0.0049280918 
21.6930780311  0.0134715770 -0.0129156581 -0.0049782905 
21.7398051284  0.0132488281 -0.0132418266 -0.0050264981 
21.7867032768  0.0130128415 -0.0135763304 -0.0050723551 
21.8337804302  0.0127673516 -0.0139195825 -0.0051155238 
21.8809966703  0.0125164551 -0.0142717684 -0.0051557168 
21.9283934561  0.0122619025 -0.0146338071 -0.0051928032 
21.9759477696  0.0120057507 -0.0150054597 -0.0052266652 
22.0236160215  0.0117499521 -0.0153853146 -0.0052572265 
22.0712894866  0.0114953203 -0.0157702753 -0.0052844140 
22.1188638856  0.0112448578 -0.0161567536 -0.0053081968 
22.1663304740  0.0110035522 -0.0165422136 -0.0053286201 
22.2136779019  0.0107739653 -0.0169257330 -0.0053457498 
22.2608943466  0.0105566186 -0.0173068681 -0.0053596793 
22.3079684770  0.0103526490 -0.0176838153 -0.0053705309 
22.3548868931  0.0101617531 -0.0180554069 -0.0053784557 
22.4016365250  0.0099823702 -0.0184213566 -0.0053836332 
22.4482059727  0.0098151196 -0.0187804872 -0.0053862652 
22.4945830615  0.0096609842 -0.0191309512 -0.0053865642 
22.5407578554  0.0095205723 -0.0194705639 -0.0053847409 
22.5867252718  0.0093958797 -0.0197975557 -0.0053809984 
22.6324815462  0.0092872459 -0.0201124807 -0.0053755265 
22.6780286556  0.0091916858 -0.0204174917 -0.0053684977 
22.7233771425  0.0091082918 -0.0207131412 -0.0053600632 
22.7685429682  0.0090401207 -0.0209968603 -0.0053503579 
22.8135522356  0.0089896100 -0.0212678777 -0.0053395016 
22.8584438062  0.0089560378 -0.0215274157 -0.0053275939 
22.9032641843  0.0089390265 -0.0217742397 -0.0053147126 
22.9480692414  0.0089397339 -0.0220082057 -0.0053009142 
22.9929230578  0.0089588262 -0.0222298075 -0.0052862332 
23.0378899915  0.0089958590 -0.0224376499 -0.0052706825 
23.0830399496  0.0090493682 -0.0226298472 -0.0052542570 
23.1284373627  0.0091190057 -0.0228055946 -0.0052369461 
23.1741374256  0.0092056325 -0.0229648681 -0.0052187327 
23.2197745690  0.0093080924 -0.0231069395 -0.0051997548 
23.2651891522  0.0094232802 -0.0232324789 -0.0051800654 
23.3103811984  0.0095501869 -0.0233405473 -0.0051596641 
23.3553060669  0.0096868476 -0.0234295157 -0.0051386144 
23.3999332985  0.0098283940 -0.0234999799 -0.0051170312 
23.4441682244  0.0099714477 -0.0235533393 -0.0050951346 
23.4879935882  0.0101164184 -0.0235894894 -0.0050732612 
23.5314681165  0.0102639160 -0.0236080658 -0.0050519279 
23.5746538038  0.0104128490 -0.0236111408 -0.0050317451 
23.6176136680  0.0105620498 -0.0236012788 -0.0050131658 
23.6604100576  0.0107102653 -0.0235786601 -0.0049963355 
23.7031044089  0.0108563224 -0.0235429095 -0.0049811258 
23.7457555414  0.0109998421 -0.0234945816 -0.0049672615 
23.7884212033  0.0111420906 -0.0234332523 -0.0049544418 
23.8311583473  0.0112822260 -0.0233591201 -0.0049424073 
23.8740193559  0.0114175775 -0.0232729253 -0.0049309701 
23.9170517687  0.0115486436 -0.0231742043 -0.0049200134 
23.9603033403  0.0116760935 -0.0230633833 -0.0049094787 
24.0038169330  0.0117985655 -0.0229426189 -0.0048993479 
24.0476261918  0.0119157367 -0.0228129113 -0.0048896247 
24.0917632415  0.0120276311 -0.0226736968 -0.0048803231 
24.1362189449  0.0121336575 -0.0225255863 -0.0048714752 
24.1808642328  0.0122358733 -0.0223714807 -0.0048631457 
24.2257140078  0.0123371174 -0.0222117636 -0.0048553833 
24.2707468439  0.0124383755 -0.0220446319 -0.0048482548 
24.3159274213  0.0125396395 -0.0218704327 -0.0048418339 
24.3612702269  0.0126425181 -0.0216910197 -0.0048361831 
24.4068011651  0.0127479128 -0.0215067786 -0.0048313455 
24.4525507636  0.0128546665 -0.0213183874 -0.0048273357 
24.4985487868  0.0129608010 -0.0211281512 -0.0048241154 
24.5445526139  0.0130655179 -0.0209410971 -0.0048215952 
24.5905518588  0.0131672970 -0.0207589544 -0.0048196107 
24.6365472887  0.0132666753 -0.0205829283 -0.0048179785 
24.6825379309  0.0133634924 -0.0204155429 -0.0048165338 
24.7285217914  0.0134594016 -0.0202587646 -0.0048151627 
24.7744965949  0.0135548627 -0.0201154693 -0.0048138141 
24.8204609901  0.0136498567 -0.0199855245 -0.0048124952 
24.8664152828  0.0137470137 -0.0198685759 -0.0048112570 
24.9123618475  0.0138454750 -0.0197669485 -0.0048101760 
24.9583044034  0.0139439428 -0.0196800091 -0.0048093393 
25.0042541230  0.0140437122 -0.0196077700 -0.0048088346 
25.0502261973  0.0141467652 -0.0195480426 -0.0048087445 
25.0962358383  0.0142541879 -0.0194987048 -0.0048091460 
25.1423108748  0.0143648192 -0.0194617578 -0.0048101063 
25.1884837238  0.0144771559 -0.0194362971 -0.0048116791 
25.2347868036  0.0145914305 -0.0194204009 -0.0048139042 
25.2812567561  0.0147096622 -0.0194125883 -0.0048168049 
25.3279313406  0.0148323976 -0.0194097146 -0.0048203870 
25.3748442170  0.0149581850 -0.0194106978 -0.0048246352 
25.4220197089  0.0150878088 -0.0194149993 -0.0048295132 
25.4694662497  0.0152201075 -0.0194213623 -0.0048349659 
25.5171774937  0.0153520181 -0.0194285362 -0.0048409283 
25.5650710990  0.0154863752 -0.0194349303 -0.0048473240 
25.6130754169  0.0156214237 -0.0194389760 -0.0048540849 
25.6611511891  0.0157540461 -0.0194394023 -0.0048611553 
25.7092817475  0.0158872403 -0.0194360935 -0.0048684857 
25.7574841021  0.0160164406 -0.0194318163 -0.0048760237 
25.8058013369  0.0161410924 -0.0194271613 -0.0048836991 
25.8541873402  0.0162633579 -0.0194186392 -0.0048913975 
25.9025080584  0.0163785515 -0.0194052352 -0.0048989607 
25.9507920089  0.0164876817 -0.0193908886 -0.0049062365 
25.9990814160  0.0165931547 -0.0193813071 -0.0049130676 
26.0474130834  0.0166933794 -0.0193757158 -0.0049192994 
26.0958219872  0.0167913580 -0.0193688135 -0.0049247877 
26.1443369632  0.0168863332 -0.0193598535 -0.0049294053 
26.1929820517  0.0169777581 -0.0193553365 -0.0049330557 
26.2416858740  0.0170644634 -0.0193554746 -0.0049356911 
26.2903683060  0.0171452644 -0.0193557659 -0.0049373443 
26.3389601311  0.0172260814 -0.0193557730 -0.0049381208 
26.3874782533  0.0173096705 -0.0193556502 -0.0049381489 
26.4359377361  0.0173975347 -0.0193527002 -0.0049375162 
26.4843592177  0.0174875983 -0.0193437481 -0.0049362490 
26.5327651879  0.0175788663 -0.0193308626 -0.0049343436 
26.5811821760  0.0176760724 -0.0193128147 -0.0049318096 
26.6296382146  0.0177813816 -0.0192850008 -0.0049286960 
26.6781627551  0.0178935105 -0.0192437725 -0.0049251019 
26.7267881098  0.0180101357 -0.0191893992 -0.0049211831 
26.7754994281  0.0181281333 -0.0191250310 -0.0049171428 
26.8242019239  0.0182466474 -0.0190475194 -0.0049131989 
26.8728735072  0.0183659239 -0.0189537242 -0.0049095327 
26.9215196255  0.0184845195 -0.0188452687 -0.0049062766 
26.9701613495  0.0185978701 -0.0187218405 -0.0049035136 
27.0187939860  0.0187045156 -0.0185878597 -0.0049012779 
27.0674129803  0.0188067048 -0.0184463641 -0.0048995505 
27.1160398191  0.0189029954 -0.0182987735 -0.0048982626 
27.1646930018  0.0189942270 -0.0181467163 -0.0048973144 
27.2133613253  0.0190783566 -0.0179904283 -0.0048965988 
27.2620555116  0.0191529131 -0.0178343965 -0.0048960204 
27.3107783541  0.0192205818 -0.0176835717 -0.0048955089 
27.3595130402  0.0192814155 -0.0175349862 -0.0048950251 
27.4082511248  0.0193375415 -0.0173893935 -0.0048945655 
27.4569886704  0.0193943259 -0.0172503508 -0.0048941656 
27.5057209982  0.0194520365 -0.0171154321 -0.0048938992 
27.5544474240  0.0195123606 -0.0169823082 -0.0048938675 
27.6031614522  0.0195803159 -0.0168525017 -0.0048941778 
27.6518518181  0.0196572461 -0.0167265529 -0.0048949310 
27.7004809231  0.0197392581 -0.0166029328 -0.0048962056 
27.7490105559  0.0198255397 -0.0164802768 -0.0048980429 
27.7974351881  0.0199204040 -0.0163538624 -0.0049004322 
27.8457584586  0.0200247691 -0.0162243959 -0.0049033007 
27.8939848739  0.0201336431 -0.0160950332 -0.0049065183 
27.9421233933  0.0202441186 -0.0159676432 -0.0049099176 
27.9901874022  0.0203607166 -0.0158375567 -0.0049133201 
28.0381932915  0.0204897626 -0.0157050570 -0.0049165610 
28.0861615440  0.0206293480 -0.0155727291 -0.0049195060 
28.1341110611  0.0207743306 -0.0154392293 -0.0049220619 
28.1820655703  0.0209282116 -0.0153060492 -0.0049241826 
28.2300584466  0.0210946768 -0.0151776863 -0.0049258693 
28.2781289589  0.0212724733 -0.0150499597 -0.0049271655 
28.3263203064  0.0214609856 -0.0149153051 -0.0049281435 
28.3746757011  0.0216573554 -0.0147773478 -0.0049288832 
28.4232369465  0.0218613759 -0.0146413786 -0.0049294501 
28.4719103817  0.0220785756 -0.0145008947 -0.0049298808 
28.5206464109  0.0223063695 -0.0143518044 -0.0049301893 
28.5694462984  0.0225393113 -0.0141975941 -0.0049303816 
28.6182988754  0.0227767358 -0.0140340247 -0.0049304733 
28.6671357771  0.0230188635 -0.0138623861 -0.0049304988 
28.7159660489  0.0232639547 -0.0136882522 -0.0049305117 
28.7647871540  0.0235109150 -0.0135083700 -0.0049305790 
28.8136010236  0.0237593740 -0.0133154346 -0.0049307712 
28.8624208844  0.0240055435 -0.0131150189 -0.0049311526 
28.9112323868  0.0242488613 -0.0129076043 -0.0049317719 
28.9600283565  0.0244926700 -0.0126849168 -0.0049326570 
29.0088185071  0.0247324374 -0.0124512688 -0.0049338132 
29.0575950425  0.0249642342 -0.0122114127 -0.0049352213 
29.1063691298  0.0251920080 -0.0119590744 -0.0049368416 
29.1551494321  0.0254150487 -0.0116939605 -0.0049386209 
29.2039462389  0.0256294737 -0.0114196203 -0.0049405048 
29.2527342400  0.0258338062 -0.0111326927 -0.0049424453 
29.3015127609  0.0260271618 -0.0108310401 -0.0049444094 
29.3502868491  0.0262088531 -0.0105185441 -0.0049463821 
29.3990611123  0.0263790282 -0.0101978659 -0.0049483680 
29.4478387709  0.0265343367 -0.0098693892 -0.0049503905 
29.4966233400  0.0266730277 -0.0095317530 -0.0049524878 
29.5453610648  0.0267983815 -0.0091864692 -0.0049547037 
29.5940235111  0.0269114215 -0.0088358040 -0.0049570824 
29.6425233068  0.0270109424 -0.0084786844 -0.0049596543 
29.6907411144  0.0270976026 -0.0081141283 -0.0049624254 
29.7386827500  0.0271736254 -0.0077442110 -0.0049653804 
29.7863603561  0.0272372424 -0.0073725129 -0.0049684780 
29.8337966979  0.0272850494 -0.0070026271 -0.0049716574 
29.8810259049  0.0273207963 -0.0066340983 -0.0049748475 
29.9280557286  0.0273491086 -0.0062634523 -0.0049779754 
29.9748879987  0.0273688235 -0.0058905008 -0.0049809761 
30.0215967565  0.0273795300 -0.0055173822 -0.0049838020 
30.0682557631  0.0273816971 -0.0051449320 -0.0049864197 
30.1149227523  0.0273748278 -0.0047725169 -0.0049888049 
30.1616383528  0.0273604929 -0.0044001627 -0.0049909361 
30.2083908576  0.0273392845 -0.0040300886 -0.0049927884 
30.2551251097  0.0273091389 -0.0036622085 -0.0049943298 
30.3018855008  0.0272693278 -0.0032942446 -0.0049955254 
30.3487030038  0.0272209890 -0.0029270413 -0.0049963371 
30.3956026581  0.0271652245 -0.0025626301 -0.0049967299 
30.4426143225  0.0271021042 -0.0021995647 -0.0049966757 
30.4897824869  0.0270304427 -0.0018351696 -0.0049961576 
30.5371321377  0.0269511190 -0.0014714696 -0.0049951731 
30.5846819715  0.0268646516 -0.0011104391 -0.0049937370 
30.6324894633  0.0267677001 -0.0007502607 -0.0049918789 
30.6806043554  0.0266581760 -0.0003896774 -0.0049896462 
30.7290672984  0.0265370608 -0.0000285309 -0.0049871030 
30.7777537354  0.0264034233  0.0003302995 -0.0049843354 
30.8264121862  0.0262555465  0.0006849339 -0.0049814456 
30.8750411193  0.0260962964  0.0010367011 -0.0049785208 
30.9236397696  0.0259285902  0.0013850260 -0.0049756407 
30.9722074979  0.0257469055  0.0017286571 -0.0049728709 
31.0207449234  0.0255476975  0.0020656618 -0.0049702599 
31.0692364336  0.0253321872  0.0023953470 -0.0049678376 
31.1176065513  0.0251044200  0.0027208703 -0.0049656174 
31.1658601103  0.0248688587  0.0030421491 -0.0049635898 
31.2140008832  0.0246241619  0.0033559971 -0.0049617283 
31.2620361731  0.0243667121  0.0036606186 -0.0049599918 
31.3099650087  0.0240979540  0.0039538813 -0.0049583292 
31.3577946291  0.0238210226  0.0042357055 -0.0049566824 
31.4055326739  0.0235380908  0.0045082593 -0.0049549898 
31.4531794112  0.0232488680  0.0047717791 -0.0049531895 
31.5007414753  0.0229524123  0.0050257188 -0.0049512197 
31.5482140053  0.0226513042  0.0052695822 -0.0049490218 
31.5955930529  0.0223469421  0.0055010680 -0.0049465459 
31.6428838674  0.0220389635  0.0057198592 -0.0049437575 
31.6900919442  0.0217290271  0.0059268327 -0.0049406462 
31.7372202614  0.0214210773  0.0061208865 -0.0049372284 
31.7842703203  0.0211133645  0.0063015448 -0.0049335452 
31.8312462563  0.0208049603  0.0064700334 -0.0049296534 
31.8781515267  0.0204956229  0.0066256118 -0.0049256169 
31.9249915801  0.0201853633  0.0067686912 -0.0049214983 
31.9717709372  0.0198750832  0.0069020273 -0.0049173519 
32.0183141878  0.0195693478  0.0070246996 -0.0049132326 
32.0645290581  0.0192687697  0.0071360301 -0.0049091697 
32.1104085686  0.0189731453  0.0072402555 -0.0049051720 
32.1559384870  0.0186830571  0.0073344562 -0.0049012444 
32.2010466372  0.0184004351  0.0074164257 -0.0048973969 
32.2456865388  0.0181272467  0.0074917417 -0.0048936358 
32.2898883846  0.0178627543  0.0075618955 -0.0048899588 
32.3336983499  0.0176057330  0.0076246586 -0.0048863589 
32.3771505947  0.0173564846  0.0076815531 -0.0048828278 
32.4202973321  0.0171127380  0.0077341557 -0.0048793536 
32.4632025850  0.0168718505  0.0077846151 -0.0048759214 
32.5059550795  0.0166303860  0.0078363840 -0.0048725151 
32.5485889133  0.0163861604  0.0078883246 -0.0048691301 
32.5911751829  0.0161390459  0.0079354108 -0.0048657719 
32.6337868945  0.0158907674  0.0079761139 -0.0048624602 
32.6764887854  0.0156425584  0.0080113998 -0.0048592237 
32.7193451893  0.0153945814  0.0080400783 -0.0048560980 
32.7623898900  0.0151473930  0.0080604536 -0.0048531150 
32.8056978242  0.0148997588  0.0080733943 -0.0048502942 
