     time         enstrophy    
 0.000000000000 0.230785316064 
 0.005000000000 0.334887721321 
 0.013250000000 0.321203052184 
 0.027000000000 0.303086339640 
 0.038737324828 0.293176868146 
 0.050509999830 0.286058281457 
 0.062313460333 0.280849712244 
 0.074143504294 0.276903128347 
 0.085996686807 0.273798090528 
 0.097870240558 0.271271211594 
 0.109759783511 0.269157826524 
 0.121658365891 0.267350549313 
 0.133566049786 0.265775531572 
 0.145482848249 0.264382096882 
 0.157408646083 0.263134991139 
 0.169343326917 0.262008902346 
 0.181286684796 0.260984969971 
 0.193238537487 0.260048697864 
 0.205198651230 0.259188675751 
 0.217166798829 0.258395708378 
 0.229142733365 0.257662223332 
 0.241126217533 0.256981869306 
 0.253117019689 0.256349244919 
 0.265114891033 0.255759706873 
 0.277119613235 0.255209224815 
 0.289130943649 0.254694276389 
 0.301148682276 0.254211761583 
 0.313172599563 0.253758941007 
 0.325202503960 0.253333380978 
 0.337238188476 0.252932912977 
 0.349279469155 0.252555596932 
 0.361326168604 0.252199692310 
 0.373378102313 0.251863633524 
 0.385435115087 0.251546007633 
 0.397497027560 0.251245537624 
 0.409563701185 0.250961065019 
 0.421634973841 0.250691537975 
 0.433710711216 0.250435998263 
 0.445790772145 0.250193571841 
 0.457875024311 0.249963459540 
 0.469963350587 0.249744929123 
 0.482055615200 0.249537309019 
 0.494151716001 0.249339981303 
 0.506251521777 0.249152377429 
 0.518354937415 0.248973972397 
 0.530461853941 0.248804281370 
 0.542572170980 0.248642855576 
 0.554685796956 0.248489278994 
 0.566802192369 0.248343170870 
 0.578920383826 0.248204181530 
 0.591040305734 0.248071974318 
 0.603161907862 0.247946235478 
 0.615285132633 0.247826672488 
 0.627409930125 0.247713012033 
 0.639536253753 0.247604998433 
 0.651664050702 0.247502392325 
 0.663793280376 0.247404969209 
 0.675923894117 0.247312518457 
 0.688055852195 0.247224842106 
 0.700189115756 0.247141753961 
 0.712323641474 0.247063078749 
 0.724459396636 0.246988651219 
 0.736596339119 0.246918315540 
 0.748734437044 0.246851924510 
 0.760873657462 0.246789339015 
 0.773013964423 0.246730427482 
 0.785155331384 0.246675065294 
 0.797297721231 0.246623134421 
 0.809441108254 0.246574522879 
 0.821585464052 0.246529124400 
 0.833730758546 0.246486838057 
 0.845876970066 0.246447567882 
 0.858024065377 0.246411222628 
 0.870172023713 0.246377715394 
 0.882320820206 0.246346963412 
 0.894470429533 0.246318887789 
 0.906620833926 0.246293413251 
 0.918772003170 0.246270467979 
 0.930923920526 0.246249983349 
 0.943076563884 0.246231893792 
 0.955229911841 0.246216136606 
 0.967383949419 0.246202651786 
 0.979538649520 0.246191381904 
 0.991693998362 0.246182271931 
 1.003849976000 0.246175269134 
 1.016006564310 0.246170322943 
 1.028163750099 0.246167384837 
 1.040321509752 0.246166408248 
 1.052479831466 0.246167348440 
 1.064638697010 0.246170162436 
 1.076798091028 0.246174808918 
 1.088958001732 0.246181248147 
 1.101118408487 0.246189441885 
 1.113279301097 0.246199353327 
 1.125440662707 0.246210947022 
 1.137602480316 0.246224188818 
 1.149764743251 0.246239045798 
 1.161927433439 0.246255486216 
 1.174090542007 0.246273479455 
 1.186254053209 0.246292995965 
 1.198417956065 0.246314007219 
 1.210582240808 0.246336485674 
 1.222746891565 0.246360404708 
 1.234911900562 0.246385738608 
 1.247077252988 0.246412462499 
 1.259242939579 0.246440552337 
 1.271408951336 0.246469984858 
 1.283575274195 0.246500737542 
 1.295741901434 0.246532788600 
 1.307908818991 0.246566116916 
 1.320076019053 0.246600702050 
 1.332243493303 0.246636524195 
 1.344411229122 0.246673564142 
 1.356579220832 0.246711803284 
 1.368747454995 0.246751223557 
 1.380915925000 0.246791807452 
 1.393084623172 0.246833537981 
 1.405253538084 0.246876398639 
 1.417422664925 0.246920373427 
 1.429591990899 0.246965446778 
 1.441761510358 0.247011603595 
 1.453931216283 0.247058829209 
 1.466101098183 0.247107109346 
 1.478271151960 0.247156430159 
 1.490441365536 0.247206778151 
 1.502611733985 0.247258140225 
 1.514782250990 0.247310503635 
 1.526952906747 0.247363855966 
 1.539123697721 0.247418185163 
 1.551294612670 0.247473479458 
 1.563465647146 0.247529727424 
 1.575636795626 0.247586917930 
 1.587808048735 0.247645040116 
 1.599979403361 0.247704083433 
 1.612150849269 0.247764037569 
 1.624322382232 0.247824892505 
 1.636493997647 0.247886638471 
 1.648665686296 0.247949265924 
 1.660837445357 0.248012765588 
 1.673009265808 0.248077128387 
 1.685181143378 0.248142345494 
 1.697353074547 0.248208408301 
 1.709525049729 0.248275308380 
 1.721697066746 0.248343037543 
 1.733869117804 0.248411587771 
 1.746041198303 0.248480951254 
 1.758213306000 0.248551120380 
 1.770385430550 0.248622087673 
 1.782557570465 0.248693845880 
 1.794729719382 0.248766387894 
 1.806901872074 0.248839706775 
 1.819074027622 0.248913795771 
 1.831246174871 0.248988648228 
 1.843418312903 0.249064257698 
 1.855590437029 0.249140617863 
 1.867762541074 0.249217722537 
 1.879934623893 0.249295565705 
 1.892106676690 0.249374141440 
 1.904278697384 0.249453443987 
 1.916450683232 0.249533467718 
 1.928622626598 0.249614207096 
 1.940794526309 0.249695656749 
 1.952966376158 0.249777811389 
 1.965138172553 0.249860665864 
 1.977309915008 0.249944215150 
 1.989481593474 0.250028454273 
 2.001653207763 0.250113378429 
 2.013824754117 0.250198982896 
 2.025996227058 0.250285263040 
 2.038167625928 0.250372214360 
 2.050338943271 0.250459832404 
 2.062510177230 0.250548112854 
 2.074681326848 0.250637051490 
 2.086852383718 0.250726644127 
 2.099023347700 0.250816886729 
 2.111194214673 0.250907775316 
 2.123364980261 0.250999305988 
 2.135535644315 0.251091474961 
 2.147706199348 0.251184278472 
 2.159876644141 0.251277712886 
 2.172046977974 0.251371774645 
 2.184217192848 0.251466460213 
 2.196387288924 0.251561766187 
 2.208557262876 0.251657689208 
 2.220727110289 0.251754225979 
 2.232896831060 0.251851373303 
 2.245066418836 0.251949128003 
 2.257235872083 0.252047487003 
 2.269405191542 0.252146447307 
 2.281574367988 0.252246005907 
 2.293743402288 0.252346159931 
 2.305912292707 0.252446906549 
 2.318081033560 0.252548242956 
 2.330249624886 0.252650166453 
 2.342418062830 0.252752674361 
 2.354586344327 0.252855764066 
 2.366754469834 0.252959433036 
 2.378922432692 0.253063678732 
 2.391090232200 0.253168498716 
 2.403257869547 0.253273890616 
 2.415425335709 0.253379852027 
 2.427592631943 0.253486380676 
 2.439759757466 0.253593474320 
 2.451926706053 0.253701130719 
 2.464093478318 0.253809347736 
 2.476260071888 0.253918123253 
 2.488426482920 0.254027455185 
 2.500592711616 0.254137341523 
 2.512758753817 0.254247780265 
 2.524924607505 0.254358769468 
 2.537090273571 0.254470307256 
 2.549255745887 0.254582391731 
 2.561421024008 0.254695021085 
 2.573586109397 0.254808193566 
 2.585750993946 0.254921907374 
 2.597915678767 0.255036160830 
 2.610080165104 0.255150952293 
 2.622244444863 0.255266280073 
 2.634408519643 0.255382142603 
 2.646572389508 0.255498538339 
 2.658736048040 0.255615465709 
 2.670899496472 0.255732923248 
 2.683062734089 0.255850909505 
 2.695225755766 0.255969423020 
 2.707388562490 0.256088462423 
 2.719551152628 0.256208026351 
 2.731713522358 0.256328113451 
 2.743875672396 0.256448722444 
 2.756037600619 0.256569852054 
 2.768199304099 0.256691501026 
 2.780360783407 0.256813668168 
 2.792522035783 0.256936352286 
 2.804683059004 0.257059552217 
 2.816843853877 0.257183266858 
 2.829004417225 0.257307495092 
 2.841164747241 0.257432235844 
 2.853324844868 0.257557488091 
 2.865484706473 0.257683250793 
 2.877644330659 0.257809522955 
 2.889803718524 0.257936303636 
 2.901962866410 0.258063591870 
 2.914121773030 0.258191386739 
 2.926280439510 0.258319687374 
 2.938438862131 0.258448492883 
 2.950597039719 0.258577802421 
 2.962754973447 0.258707615190 
 2.974912659963 0.258837930371 
 2.987070097911 0.258968747186 
 2.999227288381 0.259100064905 
 3.011384228348 0.259231882777 
 3.023540916282 0.259364200089 
 3.035697353208 0.259497016177 
 3.047853536887 0.259630330361 
 3.060009465225 0.259764141985 
 3.072165139190 0.259898450447 
 3.084320557213 0.260033255138 
 3.096475716504 0.260168555453 
 3.108630618279 0.260304350852 
 3.120785261949 0.260440640797 
 3.132939643580 0.260577424730 
 3.145093764775 0.260714702172 
 3.157247625739 0.260852472650 
 3.169401221434 0.260990735651 
 3.181554553817 0.261129490756 
 3.193707624394 0.261268737560 
 3.205860426548 0.261408475587 
 3.218012962736 0.261548704478 
 3.230165235568 0.261689423893 
 3.242317236893 0.261830633390 
 3.254468969634 0.261972332668 
 3.266620436648 0.262114521440 
 3.278771630500 0.262257199323 
 3.290922553365 0.262400366057 
 3.303073207569 0.262544021400 
 3.315223587595 0.262688165037 
 3.327373694260 0.262832796741 
 3.339523529391 0.262977916313 
 3.351673089891 0.263123523512 
 3.363822374858 0.263269618139 
 3.375971385498 0.263416200033 
 3.388120121050 0.263563269026 
 3.400268578285 0.263710824936 
 3.412416759083 0.263858867655 
 3.424564664890 0.264007397085 
 3.436712289654 0.264156413054 
 3.448859636083 0.264305915507 
 3.461006707602 0.264455904413 
 3.473153495403 0.264606379609 
 3.485300002983 0.264757341091 
 3.497446233156 0.264908788861 
 3.509592180140 0.265060722834 
 3.521737845230 0.265213143020 
 3.533883230365 0.265366049452 
 3.546028332914 0.265519442121 
 3.558173151650 0.265673321046 
 3.570317688175 0.265827686296 
 3.582461943283 0.265982537941 
 3.594605912093 0.266137875994 
 3.606749597258 0.266293700575 
 3.618893002133 0.266450011823 
 3.631036118269 0.266606809744 
 3.643178949320 0.266764094506 
 3.655321498296 0.266921866281 
 3.667463759640 0.267080125147 
 3.679605734674 0.267238871279 
 3.691747425301 0.267398104871 
 3.703888829937 0.267557826085 
 3.716029946395 0.267718035086 
 3.728170776781 0.267878732107 
 3.740311323396 0.268039917392 
 3.752451579553 0.268201591084 
 3.764591548632 0.268363753463 
 3.776731234184 0.268526404826 
 3.788870628944 0.268689545338 
 3.801009735601 0.268853175306 
 3.813148556549 0.269017295042 
 3.825287089437 0.269181904809 
 3.837425332903 0.269347004892 
 3.849563289023 0.269512595631 
 3.861700959733 0.269678677376 
 3.873838338883 0.269845250380 
 3.885975429872 0.270012315031 
 3.898112236482 0.270179871737 
 3.910248751640 0.270347920766 
 3.922384978029 0.270516462529 
 3.934520917995 0.270685497442 
 3.946656569629 0.270855025874 
 3.958791931166 0.271025048205 
 3.970927004953 0.271195564880 
 3.983061794158 0.271366576367 
 3.995196291253 0.271538082995 
 4.007330500196 0.271710085261 
 4.019464424455 0.271882583664 
 4.031598058364 0.272055578588 
 4.043731403680 0.272229070527 
 4.055864462382 0.272403059987 
 4.067997234959 0.272577547466 
 4.080129717284 0.272752533402 
 4.092261912517 0.272928018347 
 4.104393825097 0.273104002879 
 4.116525446157 0.273280487398 
 4.128656779869 0.273457472496 
 4.140787829082 0.273634958755 
 4.152918591489 0.273812946694 
 4.165049065781 0.273991436854 
 4.177179254478 0.274170429838 
 4.189309160952 0.274349926272 
 4.201438777488 0.274529926630 
 4.213568108356 0.274710431567 
 4.225697157105 0.274891441736 
 4.237825919219 0.275072957683 
 4.249954395617 0.275254980039 
 4.262082588332 0.275437509460 
 4.274210499443 0.275620546612 
 4.286338123088 0.275804092052 
 4.298465463150 0.275988146488 
 4.310592523724 0.276172710639 
 4.322719298679 0.276357785083 
 4.334845790370 0.276543370529 
 4.346972000892 0.276729467691 
 4.359097931298 0.276916077276 
 4.371223576951 0.277103199913 
 4.383348941512 0.277290836363 
 4.395474029451 0.277478987407 
 4.407598833623 0.277667653661 
 4.419723357188 0.277856835900 
 4.431847602512 0.278046534896 
 4.443971570013 0.278236751402 
 4.456095255701 0.278427486109 
 4.468218663166 0.278618739830 
 4.480341797092 0.278810513405 
 4.492464649934 0.279002807492 
 4.504587225208 0.279195622926 
 4.516709525381 0.279388960535 
 4.528831550874 0.279582821121 
 4.540953297704 0.279777205426 
 4.553074769559 0.279972114318 
 4.565195971163 0.280167548689 
 4.577316895180 0.280363509250 
 4.589437545032 0.280559996885 
 4.601557923124 0.280757012472 
 4.613678030462 0.280954556873 
 4.625797862484 0.281152630870 
 4.637917423130 0.281351235384 
 4.650036717005 0.281550371357 
 4.662155737604 0.281750039559 
 4.674274487800 0.281950240917 
 4.686392969762 0.282150976353 
 4.698511185734 0.282352246799 
 4.710629129921 0.282554053062 
 4.722746806689 0.282756396122 
 4.734864220340 0.282959276962 
 4.746981365831 0.283162696425 
 4.759098244666 0.283366655461 
 4.771214859320 0.283571155046 
 4.783331213519 0.283776196185 
 4.795447299635 0.283981779701 
 4.807563122616 0.284187906627 
 4.819678686298 0.284394577991 
 4.831793987733 0.284601794713 
 4.843909026333 0.284809557756 
 4.856023805225 0.285017868153 
 4.868138330014 0.285226726988 
 4.880252590582 0.285436135085 
 4.892366592630 0.285646093538 
 4.904480339349 0.285856603409 
 4.916593830516 0.286067665708 
 4.928707062821 0.286279281399 
 4.940820040202 0.286491451574 
 4.952932767681 0.286704177353 
 4.965045237846 0.286917459647 
 4.977157454414 0.287131299564 
 4.989269170506 0.287345693865 
 5.001380390880 0.287560643589 
 5.013491121371 0.287776149834 
 5.025601363574 0.287992213673 
 5.037711108741 0.288208836003 
 5.049820365375 0.288426018018 
 5.061929143311 0.288643760944 
 5.074037428810 0.288862065606 
 5.086145228469 0.289080933183 
 5.098252546983 0.289300364830 
 5.110359391815 0.289520361762 
 5.122465748195 0.289740924804 
 5.134571626397 0.289962055225 
 5.146677034673 0.290183754271 
 5.158781965774 0.290406022919 
 5.170886419811 0.290628862278 
 5.182990403378 0.290852273581 
 5.195093928520 0.291076258169 
 5.207196974880 0.291300816803 
 5.219299553993 0.291525950822 
 5.231401672190 0.291751661480 
 5.243503329951 0.291977949933 
 5.255604519659 0.292204817194 
 5.267705250128 0.292432264579 
 5.279805531346 0.292660293435 
 5.291905351164 0.292888904711 
 5.304004714612 0.293118099671 
 5.316103626963 0.293347879593 
 5.328202097011 0.293578245829 
 5.340300108234 0.293809199266 
 5.352397671982 0.294040741310 
 5.364494795856 0.294272873307 
 5.376591477152 0.294505596421 
 5.388687711456 0.294738911783 
 5.400783506712 0.294972820762 
 5.412878874014 0.295207324799 
 5.424973797120 0.295442424821 
 5.437068285024 0.295678122234 
 5.449162342618 0.295914418377 
 5.461255977804 0.296151314653 
 5.473349175563 0.296388812035 
 5.485441946810 0.296626911989 
 5.497534299794 0.296865615943 
 5.509626229387 0.297104925077 
 5.521717733606 0.297344840629 
 5.533808820182 0.297585364034 
 5.545899500618 0.297826496809 
 5.557989758654 0.298068239938 
 5.570079603205 0.298310594894 
 5.582169039337 0.298553563083 
 5.594258074263 0.298797145967 
 5.606346693661 0.299041344584 
 5.618434908688 0.299286160476 
 5.630522727524 0.299531595140 
 5.642610146752 0.299777649847 
 5.654697162694 0.300024325869 
 5.666783783478 0.300271624712 
 5.678870020367 0.300519547961 
 5.690955857875 0.300768096669 
 5.703041304401 0.301017272367 
 5.715126365142 0.301267076532 
 5.727211050401 0.301517510754 
 5.739295342453 0.301768576059 
 5.751379253301 0.302020274078 
 5.763462790414 0.302272606357 
 5.775545952878 0.302525574285 
 5.787628734524 0.302779179140 
 5.799711144557 0.303033422523 
 5.811793193282 0.303288306065 
 5.823874870179 0.303543830979 
 5.835956178700 0.303799998763 
 5.848037125280 0.304056810986 
 5.860117723026 0.304314269366 
 5.872197950365 0.304572374904 
 5.884277820670 0.304831129327 
 5.896357339994 0.305090534223 
 5.908436514089 0.305350591182 
 5.920515330141 0.305611301406 
 5.932593799040 0.305872666600 
 5.944671929489 0.306134688430 
 5.956749716722 0.306397368289 
 5.968827158451 0.306660707622 
 5.980904263041 0.306924708106 
 5.992981041738 0.307189371490 
 6.005057481246 0.307454699005 
 6.017133587822 0.307720692302 
 6.029209367338 0.307987353030 
 6.041284831993 0.308254682986 
 6.053359961607 0.308522683274 
 6.065434769433 0.308791355717 
 6.077509261859 0.309060702002 
 6.089583444065 0.309330723803 
 6.101657303843 0.309601422414 
 6.113730852097 0.309872799635 
 6.125804097566 0.310144857232 
 6.137877035983 0.310417596694 
 6.149949664598 0.310691019543 
 6.162021992072 0.310965127559 
 6.174094029385 0.311239922585 
 6.186165764839 0.311515405967 
 6.198237203133 0.311791579416 
 6.210308350716 0.312068444688 
 6.222379220769 0.312346003706 
 6.234449792713 0.312624257636 
 6.246520079554 0.312903208399 
 6.258590086823 0.313182857759 
 6.270659823458 0.313463207570 
 6.282729273537 0.313744259124 
 6.294798449109 0.314026014349 
 6.306867357752 0.314308475081 
 6.318936000058 0.314591643011 
 6.331004368467 0.314875519640 
 6.343072473069 0.315160106882 
 6.355140323379 0.315445406646 
 6.367207913684 0.315731420501 
 6.379275242746 0.316018150118 
 6.391342318737 0.316305597393 
 6.403409153066 0.316593764310 
 6.415475732255 0.316882652280 
 6.427542062845 0.317172263178 
 6.439608151210 0.317462598887 
 6.451674010523 0.317753661463 
 6.463739621632 0.318045452203 
 6.475804996461 0.318337973139 
 6.487870140247 0.318631226154 
 6.499935062759 0.318925213251 
 6.511999747316 0.319219935809 
 6.524064206565 0.319515395903 
 6.536128447374 0.319811595486 
 6.548192474318 0.320108536465 
 6.560256275931 0.320406220365 
 6.572319863231 0.320704649253 
 6.584383244669 0.321003825148 
 6.596446418187 0.321303749825 
 6.608509378970 0.321604424993 
 6.620572136533 0.321905852712 
 6.632634700784 0.322208035069 
 6.644697065115 0.322510973752 
 6.656759229283 0.322814670607 
 6.668821201338 0.323119127690 
 6.680882992599 0.323424347152 
 6.692944590434 0.323730330558 
 6.705006000645 0.324037079931 
 6.717067229931 0.324344597322 
 6.729128290905 0.324652884948 
 6.741189166967 0.324961944300 
 6.753249867910 0.325271777526 
 6.765310399126 0.325582386680 
 6.777370773644 0.325893774017 
 6.789430971119 0.326205940959 
 6.801491005297 0.326518889784 
 6.813550881674 0.326832622579 
 6.825610610361 0.327147141559 
 6.837670174479 0.327462448256 
 6.849729586601 0.327778544953 
 6.861788853331 0.328095433794 
 6.873847979870 0.328413116900 
 6.885906954274 0.328731595956 
 6.897965788053 0.329050873249 
 6.910024488801 0.329370950982 
 6.922083058849 0.329691831234 
 6.934141489150 0.330013515788 
 6.946199790195 0.330336006942 
 6.958257970523 0.330659306955 
 6.970316028177 0.330983417823 
 6.982373958423 0.331308341473 
 6.994431770859 0.331634080209 
 7.006489474838 0.331960636349 
 7.018547066181 0.332288011860 
 7.030604542406 0.332616208757 
 7.042661912256 0.332945229357 
 7.054719185856 0.333275076033 
 7.066776355360 0.333605750683 
 7.078833421980 0.333937255452 
 7.090890393722 0.334269592673 
 7.102947281363 0.334602764770 
 7.115004075411 0.334936773630 
 7.127060778755 0.335271621473 
 7.139117398703 0.335607310649 
 7.151173946639 0.335943843637 
 7.163230410029 0.336281222267 
 7.175286794831 0.336619448880 
 7.187343107780 0.336958525844 
 7.199399360738 0.337298455688 
 7.211455540172 0.337639240248 
 7.223511653075 0.337980881926 
 7.235567705652 0.338323383114 
 7.247623710201 0.338666746389 
 7.259679650764 0.339010973550 
 7.271735536791 0.339356067105 
 7.283791374068 0.339702029469 
 7.295847175212 0.340048863271 
 7.307902923831 0.340396570326 
 7.319958629841 0.340745153193 
 7.332014298655 0.341094614317 
 7.344069943160 0.341444956370 
 7.356125545166 0.341796181150 
 7.368181116423 0.342148291307 
 7.380236662091 0.342501289316 
 7.392292195203 0.342855177896 
 7.404347697774 0.343209958882 
 7.416403181384 0.343565634959 
 7.428458650984 0.343922208636 
 7.440514119707 0.344279682676 
 7.452569568383 0.344638058913 
 7.464625009815 0.344997340109 
 7.476680448855 0.345357528809 
 7.488735898623 0.345718627819 
 7.500791340714 0.346080639029 
 7.512846787201 0.346443565223 
 7.524902242883 0.346807408985 
 7.536957720819 0.347172173163 
 7.549013202031 0.347537859666 
 7.561068699204 0.347904471336 
 7.573124217200 0.348272010805 
 7.585179768899 0.348640480958 
 7.597235336704 0.349009883781 
 7.609290931956 0.349380222123 
 7.621346559621 0.349751498661 
 7.633402232356 0.350123716319 
 7.645457932590 0.350496877119 
 7.657513671677 0.350870983959 
 7.669569454798 0.351246039565 
 7.681625294272 0.351622046898 
 7.693681174455 0.351999008078 
 7.705737104814 0.352376925991 
 7.717793090785 0.352755803418 
 7.729849144309 0.353135643355 
 7.741905250366 0.353516447982 
 7.753961417840 0.353898220214 
 7.766017652539 0.354280962890 
 7.778073965904 0.354664679041 
 7.790130345442 0.355049370965 
 7.802186797553 0.355435041553 
 7.814243328454 0.355821693701 
 7.826299949046 0.356209330474 
 7.838356648047 0.356597954252 
 7.850413430688 0.356987567938 
 7.862470303706 0.357378174496 
 7.874527277351 0.357769777020 
 7.886584343396 0.358162378033 
 7.898641504059 0.358555980394 
 7.910698766635 0.358950587135 
 7.922756140681 0.359346201381 
 7.934813619762 0.359742825760 
 7.946871204350 0.360140463125 
 7.958928902410 0.360539116583 
 7.970986722693 0.360938789288 
 7.983044662393 0.361339484035 
 7.995102718395 0.361741203614 
 8.007160899372 0.362143951210 
 8.019219213229 0.362547730003 
 8.031277659518 0.362952542917 
 8.043336232811 0.363358392721 
 8.055394942592 0.363765282681 
 8.067453795816 0.364173216005 
 8.079512796166 0.364582195807 
 8.091571934125 0.364992224776 
 8.103631220028 0.365403306265 
 8.115690659837 0.365815443504 
 8.127750260153 0.366228639765 
 8.139810008589 0.366642897695 
 8.151869916437 0.367058220740 
 8.163929988557 0.367474612152 
 8.175990236237 0.367892075422 
 8.188050642448 0.368310613096 
 8.200111219184 0.368730228707 
 8.212171970747 0.369150925548 
 8.224232908732 0.369572707184 
 8.236294018425 0.369995576297 
 8.248355308846 0.370419536384 
 8.260416785459 0.370844590840 
 8.272478458548 0.371270743252 
 8.284540318834 0.371697996546 
 8.296602369944 0.372126354101 
 8.308664618546 0.372555819421 
 8.320727073569 0.372986396110 
 8.332789730010 0.373418087307 
 8.344852587269 0.373850896311 
 8.356915653321 0.374284826740 
 8.368978935635 0.374719882214 
 8.381042435175 0.375156066151 
 8.393106145420 0.375593381709 
 8.405170075685 0.376031832623 
 8.417234231944 0.376471422533 
 8.429298619965 0.376912155095 
 8.441363228470 0.377354033369 
 8.453428068212 0.377797061215 
 8.465493143570 0.378241242286 
 8.477558465791 0.378686580512 
 8.489624019119 0.379133078862 
 8.501689813839 0.379580741254 
 8.513755854672 0.380029571430 
 8.525822151760 0.380479573355 
 8.537888694958 0.380930750275 
 8.549955488990 0.381383105987 
 8.562022540224 0.381836644369 
 8.574089856994 0.382291369400 
 8.586157436379 0.382747284667 
 8.598225275923 0.383204393786 
 8.610293383678 0.383662700778 
 8.622361766132 0.384122209634 
 8.634430426489 0.384582924250 
 8.646499356215 0.385044848097 
 8.658568565138 0.385507985349 
 8.670638057808 0.385972340008 
 8.682707844919 0.386437916335 
 8.694777910673 0.386904717616 
 8.706848265576 0.387372748135 
 8.718918913976 0.387842011972 
 8.730989862890 0.388312513341 
 8.743061094729 0.388784255536 
 8.755132611955 0.389257242620 
 8.767204414392 0.389731478582 
 8.779276508916 0.390206967712 
 8.791348873593 0.390683713211 
 8.803421513822 0.391161719343 
 8.815494429316 0.391640990177 
 8.827567623820 0.392121529972 
 8.839641078668 0.392603342136 
 8.851714799777 0.393086431042 
 8.863788786255 0.393570800828 
 8.875863043376 0.394056455905 
 8.887937549127 0.394543399634 
 8.900012311511 0.395031636563 
 8.912087334013 0.395521171098 
 8.924162609630 0.396012007261 
 8.936238128777 0.396504148987 
 8.948313898313 0.396997600883 
 8.960389915815 0.397492367221 
 8.972466177358 0.397988452237 
 8.984542675761 0.398485860058 
 8.996619414339 0.398984595254 
 9.008696392524 0.399484662269 
 9.020773603315 0.399986065318 
 9.032851044839 0.400488808841 
 9.044928715711 0.400992897323 
 9.057006619320 0.401498335477 
 9.069084744242 0.402005127438 
 9.081163092768 0.402513277922 
 9.093241662287 0.403022791476 
 9.105320456706 0.403533672943 
 9.117399458801 0.404045926326 
 9.129478676407 0.404559556679 
 9.141558110010 0.405074568789 
 9.153637755155 0.405590967275 
 9.165717599567 0.406108756446 
 9.177797648870 0.406627941384 
 9.189877908069 0.407148527186 
 9.201958367340 0.407670518362 
 9.214039016217 0.408193919411 
 9.226119861187 0.408718735575 
 9.238200906112 0.409244972026 
 9.250282147600 0.409772633669 
 9.262363569074 0.410301724869 
 9.274445174605 0.410832250889 
 9.286526973263 0.411364217253 
 9.298608948086 0.411897628407 
 9.310691105972 0.412432489847 
 9.322773440819 0.412968806543 
 9.334855953746 0.413506583812 
 9.346938631294 0.414045826371 
 9.359021478715 0.414586539778 
 9.371104500859 0.415128729617 
 9.383187695468 0.415672401208 
 9.395271042121 0.416217559099 
 9.407354547575 0.416764209049 
 9.419438219602 0.417312356916 
 9.431522045795 0.417862007713 
 9.443606027866 0.418413167106 
 9.455690167477 0.418965840794 
 9.467774458263 0.419520034161 
 9.479858884893 0.420075752222 
 9.491943456993 0.420633001138 
 9.504028174888 0.421191786707 
 9.516113043283 0.421752114974 
 9.528198049210 0.422313991221 
 9.540283184784 0.422877420987 
 9.552368456660 0.423442410504 
 9.564453856382 0.424008965376 
 9.576539382501 0.424577091561 
 9.588625038626 0.425146795293 
 9.600710834574 0.425718083143 
 9.612796746997 0.426290960201 
 9.624882772062 0.426865432477 
 9.636968915567 0.427441506468 
 9.649055177652 0.428019188475 
 9.661141546821 0.428598484301 
 9.673228030085 0.429179400648 
 9.685314635225 0.429761944310 
 9.697401345659 0.430346120994 
 9.709488151748 0.430931936758 
 9.721575057552 0.431519398345 
 9.733662069333 0.432108512668 
 9.745749170388 0.432699285608 
 9.757836368098 0.433291724226 
 9.769923668903 0.433885835596 
 9.782011067674 0.434481626299 
 9.794098544913 0.435079102269 
 9.806186102990 0.435678270519 
 9.818273751078 0.436279138456 
 9.830361472424 0.436881712301 
 9.842449271490 0.437485999345 
 9.854537154070 0.438092006999 
 9.866625120170 0.438699742461 
 9.878713158859 0.439309212447 
 9.890801260056 0.439920423750 
 9.902889432046 0.440533384119 
 9.914977657184 0.441148100094 
 9.927065945785 0.441764579651 
 9.939154297535 0.442382830303 
 9.951242711971 0.443002859624 
 9.963331182933 0.443624674960 
 9.975419715690 0.444248284282 
 9.987508301172 0.444873694907 
 9.999596918549 0.445500913612 
10.011685577974 0.446129948782 
10.023774285307 0.446760808669 
10.035863034565 0.447393501010 
10.047951819132 0.448028033556 
10.060040645360 0.448664414779 
10.072129522933 0.449302653404 
10.084218425027 0.449942756355 
10.096307346104 0.450584731687 
10.108396293432 0.451228588175 
10.120485260619 0.451874333985 
10.132574247286 0.452521977668 
10.144663253306 0.453171527851 
10.156752284911 0.453822993572 
10.168841327050 0.454476382833 
10.180930389373 0.455131704990 
10.193019470869 0.455788968928 
10.205108542502 0.456448182119 
10.217197610361 0.457109353940 
10.229286679279 0.457772493796 
10.241375750799 0.458437611018 
10.253464811384 0.459104714211 
10.265553866981 0.459773813080 
10.277642927334 0.460444917630 
10.289731976326 0.461118036571 
10.301821017304 0.461793179727 
10.313910039143 0.462470356216 
10.325999028880 0.463149575133 
10.338087989527 0.463830846522 
10.350176925792 0.464514180624 
10.362265841310 0.465199587727 
10.374354718355 0.465887077027 
10.386443565049 0.466576659217 
10.398532390824 0.467268345165 
10.410621179594 0.467962144437 
10.422709930324 0.468658067505 
10.434798633135 0.469356124432 
10.446887278034 0.470056325364 
10.458975867038 0.470758681219 
10.471064404775 0.471463203173 
10.483152892278 0.472169902315 
10.495241314281 0.472878788903 
10.507329678448 0.473589874581 
10.519417995365 0.474303171280 
10.531506245279 0.475018689318 
10.543594432748 0.475736440486 
10.555682547265 0.476456435808 
10.567770570029 0.477178685933 
10.579858507801 0.477903203083 
10.591946366737 0.478629999578 
10.604034143501 0.479359087322 
10.616121828618 0.480090477959 
10.628209426114 0.480824184023 
10.640296939700 0.481560218160 
10.652384357536 0.482298592224 
10.664471688181 0.483039319386 
10.676558928449 0.483782412245 
10.688646041771 0.484527881525 
10.700733038419 0.485275740822 
10.712819927921 0.486026003844 
10.724906693225 0.486778682863 
10.736993341927 0.487533791744 
10.749079874319 0.488291344039 
10.761166280997 0.489051352853 
10.773252562840 0.489813832036 
10.785338725263 0.490578795858 
10.797424766445 0.491346258294 
10.809510668951 0.492116232492 
10.821596421253 0.492888732067 
10.833682026230 0.493663771656 
10.845767471622 0.494441365123 
10.857852765751 0.495221527757 
10.869937915428 0.496004274920 
10.882022898468 0.496789620307 
10.894107721270 0.497577579530 
10.906192395045 0.498368168669 
10.918276897285 0.499161401848 
10.930361238656 0.499957295427 
10.942445425511 0.500755865662 
10.954529419006 0.501557126083 
10.966613218211 0.502361092754 
10.978696831642 0.503167782511 
10.990780246927 0.503977211058 
11.002863466875 0.504789395240 
11.014946499169 0.505604352389 
11.027029326402 0.506422098383 
11.039111948194 0.507242650365 
11.051194371256 0.508066026120 
11.063276589878 0.508892242819 
11.075358601796 0.509721318036 
11.087440408989 0.510553269804 
11.099521988740 0.511388114691 
11.111603323765 0.512225869777 
11.123684422058 0.513066554007 
11.135765285381 0.513910186145 
11.147845902170 0.514756784269 
11.159926280560 0.515606367967 
11.172006416741 0.516458956223 
11.184086294301 0.517314567360 
11.196165922181 0.518173221619 
11.208245303445 0.519034939067 
11.220324424417 0.519899738845 
11.232403293798 0.520767641830 
11.244481901815 0.521638667841 
11.256560210660 0.522512834934 
11.268638228857 0.523390164561 
11.280715966402 0.524270678547 
11.292793399361 0.525154396596 
11.304870539227 0.526041341112 
11.316947392050 0.526931534352 
11.329023930933 0.527824996482 
11.341100163947 0.528721750355 
11.353176099131 0.529621819081 
11.365251714819 0.530525223905 
11.377327021906 0.531431988639 
11.389402023306 0.532342136777 
11.401476689638 0.533255689728 
11.413551006878 0.534172670208 
11.425624984871 0.535093102922 
11.437698598270 0.536017010292 
11.449771856933 0.536944417589 
11.461844770847 0.537875350381 
11.473917314012 0.538809831859 
11.485989492826 0.539747887852 
11.498061314000 0.540689544504 
11.510132749500 0.541634825649 
11.522203812015 0.542583758440 
11.534274505276 0.543536369663 
11.546344811309 0.544492684770 
11.558414734692 0.545452731195 
11.570484257860 0.546416534965 
11.582553351803 0.547384121493 
11.594622021127 0.548355519050 
11.606690279496 0.549330756973 
11.618758094454 0.550309861364 
11.630825480331 0.551292862245 
11.642892445156 0.552279789484 
11.654958956962 0.553270670154 
11.667025022649 0.554265534664 
11.679090647476 0.555264413637 
11.691155809493 0.556267335902 
11.703220520551 0.557274333299 
11.715284778621 0.558285436921 
11.727348568713 0.559300677171 
11.739411869921 0.560320084272 
11.751474679229 0.561343690216 
11.763536969157 0.562371525361 
11.775598748977 0.563403623430 
11.787660031703 0.564440018879 
11.799720783826 0.565480742722 
11.811781019799 0.566525830265 
11.823840738831 0.567575315946 
11.835899909898 0.568629232072 
11.847958545009 0.569687614900 
11.860016645170 0.570750500189 
11.872074192511 0.571817922530 
11.884131197382 0.572889919286 
11.896187645404 0.573966526128 
11.908243526396 0.575047779484 
11.920298810694 0.576133714470 
11.932353505927 0.577224369816 
11.944407581721 0.578319781398 
11.956461046740 0.579419988922 
11.968513909404 0.580525032550 
11.980566138704 0.581634949439 
11.992617749549 0.582749781195 
12.004668738338 0.583869568261 
12.016719073224 0.584994349017 
12.028768766165 0.586124166169 
12.040817811083 0.587259061298 
12.052866194944 0.588399075856 
12.064913929295 0.589544253988 
12.076960993840 0.590694637429 
12.089007386334 0.591850270030 
12.101053068834 0.593011192796 
12.113098045091 0.594177451029 
12.125142283791 0.595349087282 
12.137185792732 0.596526148261 
12.149228588501 0.597708682078 
12.161270626311 0.598896731611 
12.173311924385 0.600090346128 
12.185352477615 0.601289573238 
12.197392255857 0.602494458713 
12.209431266644 0.603705052412 
12.221469511447 0.604921404190 
12.233506964831 0.606143561877 
12.245543640038 0.607371577580 
12.257579515080 0.608605500533 
12.269614588625 0.609845382554 
12.281648842980 0.611091274395 
12.293682251258 0.612343226427 
12.305714802130 0.613601291090 
12.317746481579 0.614865521141 
12.329777306667 0.616135973116 
12.341807236400 0.617412698305 
12.353836282321 0.618695753869 
12.365864460319 0.619985198073 
12.377891721548 0.621281083201 
12.389918066711 0.622583467129 
12.401943514535 0.623892410249 
12.413968008444 0.625207965801 
12.425991572143 0.626530195969 
12.438014206884 0.627859161279 
12.450035882241 0.629194919606 
12.462056613712 0.630537534288 
12.474076354093 0.631887062592 
12.486095106662 0.633243567798 
12.498112808323 0.634607106611 
12.510129485228 0.635977746039 
12.522145139592 0.637355551298 
12.534159736654 0.638740584298 
12.546173293702 0.640132913274 
12.558185781878 0.641532602038 
12.570197197363 0.642939717875 
12.582207534057 0.644354328508 
12.594216781500 0.645776501900 
12.606224917217 0.647206305330 
12.618231961148 0.648643811612 
12.630237866500 0.650089086677 
12.642242643485 0.651542203658 
12.654246313191 0.653003237759 
12.666248798784 0.654472253550 
12.678250104424 0.655949325565 
12.690250182482 0.657434522905 
12.702249055045 0.658927923717 
12.714246694063 0.660429601039 
12.726243090890 0.661939630956 
12.738238271466 0.663458094484 
12.750232176463 0.664985063125 
12.762224820371 0.666520617982 
12.774216196622 0.668064838382 
12.786206265052 0.669617800317 
12.798195025425 0.671179585371 
12.810182508684 0.672750279885 
12.822168639504 0.674329957754 
12.834153442324 0.675918706005 
12.846136923233 0.677516610209 
12.858119021596 0.679123748293 
12.870099724545 0.680740204835 
12.882078984088 0.682366060527 
12.894056827082 0.684001406602 
12.906033227569 0.685646328375 
12.918008167417 0.687300912951 
12.929981678293 0.688965254774 
12.941953681539 0.690639434461 
12.953924202367 0.692323547103 
12.965893232560 0.694017684184 
12.977860740666 0.695721934928 
12.989826711365 0.697436391393 
13.001791179993 0.699161153419 
13.013754057902 0.700896304634 
13.025715376111 0.702641945794 
13.037675142418 0.704398175357 
13.049633270675 0.706165079442 
13.061589800352 0.707942762398 
13.073544624944 0.709731308571 
13.085497788165 0.711530824408 
13.097449279298 0.713341409549 
13.109399056007 0.715163159927 
13.121347148476 0.716996182660 
13.133293513589 0.718840574964 
13.145238134393 0.720696438579 
13.157181009045 0.722563878177 
13.169122128647 0.724442998242 
13.181061445049 0.726333898064 
13.192998991984 0.728236689964 
13.204934727084 0.730151475566 
13.216868636352 0.732078361492 
13.228800722749 0.734017457643 
13.240730893941 0.735968859758 
13.252659189428 0.737932684629 
13.264585527601 0.739909030803 
13.276509926085 0.741898013133 
13.288432433075 0.743899752303 
13.300352930241 0.745914343130 
13.312271462939 0.747941907011 
13.324188033847 0.749982559287 
13.336102558485 0.752036401834 
13.348015049099 0.754103552670 
13.359925567142 0.756184138886 
13.371833973407 0.758278254979 
13.383740321005 0.760386027750 
13.395644622376 0.762507577986 
13.407546768099 0.764643006501 
13.419446820478 0.766792443652 
13.431344618747 0.768955981779 
13.443240237786 0.771133754328 
13.455133695511 0.773325885915 
13.467024896880 0.775532482072 
13.478913892399 0.777753674100 
13.490800629106 0.779989575450 
13.502685085987 0.782240305748 
13.514567266110 0.784505989361 
13.526447189797 0.786786754529 
13.538324762333 0.789082708841 
13.550200036488 0.791393987133 
13.562072958955 0.793720705157 
13.573943509122 0.796062985119 
13.585811702931 0.798420956410 
13.597677405145 0.800794719954 
13.609540686719 0.803184415909 
13.621401505243 0.805590163439 
13.633259824459 0.808012083278 
13.645115696890 0.810450313635 
13.656969014477 0.812904961599 
13.668819815485 0.815376163027 
13.680668104145 0.817864047535 
13.692513838813 0.820368736045 
13.704356979789 0.822890349656 
13.716197606217 0.825429033836 
13.728035559378 0.827984885815 
13.739870900925 0.830558047670 
13.751703642551 0.833148651671 
13.763533663051 0.835756802641 
13.775361054203 0.838382649734 
13.787185667237 0.841026291379 
13.799007549121 0.843687867363 
13.810826769171 0.846367522940 
13.822643139544 0.849065348078 
13.834456772923 0.851781497162 
13.846267660596 0.854516098676 
13.858075718641 0.857269264790 
13.869880961127 0.860041128652 
13.881683406030 0.862831824444 
13.893482969368 0.865641463558 
13.905279716473 0.868470190929 
13.917073636404 0.871318134477 
13.928864647217 0.874185405584 
13.940652852772 0.877072158276 
13.952438031333 0.879978470447 
13.964220295482 0.882904497493 
13.975999595005 0.885850356791 
13.987775886475 0.888816167409 
13.999549271730 0.891802083056 
14.011319619252 0.894808201268 
14.023086970102 0.897834660692 
14.034851387733 0.900881605725 
14.046612705190 0.903949124014 
14.058371013415 0.907037366049 
14.070126355969 0.910146471139 
14.081878600479 0.913276534526 
14.093627798356 0.916427696727 
14.105373966327 0.919600089562 
14.117117018878 0.922793818722 
14.128857052003 0.926009036397 
14.140594022255 0.929245858807 
14.152327872488 0.932504398034 
14.164058747514 0.935784819317 
14.175786404760 0.939087184863 
14.187510979843 0.942411656783 
14.199232380030 0.945758335819 
14.210950619429 0.949127351752 
14.222665857017 0.952518874601 
14.234377836558 0.955932960194 
14.246086702860 0.959369773645 
14.257792471295 0.962829444747 
14.269495022410 0.966312065854 
14.281194492682 0.969817800865 
14.292890791698 0.973346749519 
14.304583931681 0.976899040629 
14.316274026114 0.980474832544 
14.327960865450 0.984074189802 
14.339644610582 0.987697284180 
14.351325287205 0.991344248968 
14.363002764266 0.995015171283 
14.374677137618 0.998710204646 
14.386348351572 1.002429457388 
14.398016439689 1.006173065263 
14.409681488648 1.009941180928 
14.421343374974 1.013733892811 
14.433002168811 1.017551348165 
14.444657916370 1.021393687570 
14.456310504350 1.025261002159 
14.467960031324 1.029153449179 
14.479606507976 1.033071158994 
14.491249911694 1.037014252028 
14.502890350427 1.040982890925 
14.514527639167 1.044977143420 
14.526161891604 1.048997173585 
14.537793226603 1.053043149205 
14.549421476972 1.057115144976 
14.561046767192 1.061213331165 
14.572669037597 1.065337816897 
14.584288341871 1.069488750349 
14.595904805358 1.073666305475 
14.607518240866 1.077870550070 
14.619128756288 1.082101651781 
14.630736398248 1.086359758419 
14.642341094227 1.090644977789 
14.653942975232 1.094957489040 
14.665541979452 1.099297404315 
14.677138168308 1.103664879872 
14.688731665729 1.108060095735 
14.700322207235 1.112483092360 
14.711910015196 1.116934084787 
14.723495115104 1.121413219166 
14.735077435306 1.125920607717 
14.746657168251 1.130456459885 
14.758234074612 1.135020825122 
14.769808356677 1.139613917222 
14.781380174485 1.144235937542 
14.792949236131 1.148886917658 
14.804515818197 1.153573281801 
14.816079709594 1.158279395654 
14.827641074792 1.163021435418 
14.839200126438 1.167786059278 
14.850756567675 1.172588237189 
14.862310581950 1.177412750314 
14.873862334167 1.182274884343 
14.885411547310 1.187159626044 
14.896958592237 1.192082573144 
14.908503215205 1.197028321873 
14.920045577732 1.202012570661 
14.931585659585 1.207019886146 
14.943123580334 1.212066154000 
14.954659241260 1.217135690730 
14.966192796136 1.222244587577 
14.977724334916 1.227377058671 
14.989253643168 1.232549236071 
15.000780971641 1.237745203504 
15.012306321871 1.242981375767 
15.023829587875 1.248241501928 
15.035351218873 1.253542377226 
15.046870664628 1.258867372088 
15.058388322936 1.264233443241 
15.069904235845 1.269624032672 
15.081418337776 1.275056085226 
15.092930796387 1.280512913697 
15.104441500068 1.286011622979 
15.115950550789 1.291535315424 
15.127458301761 1.297101486292 
15.138964227382 1.302692779795 
15.150468811935 1.308326922281 
15.161971897537 1.313986547577 
15.173473554954 1.319689369540 
15.184974065208 1.325418053265 
15.196473120583 1.331190307337 
15.207970912876 1.336993130886 
15.219467757272 1.342830706861 
15.230963212942 1.348703610078 
15.242457717114 1.354612067539 
15.253951188510 1.360556188783 
15.265443615257 1.366536109223 
15.276935101222 1.372552017795 
15.288425719927 1.378604091191 
15.299915614231 1.384692540593 
15.311404573674 1.390817400338 
15.322892937673 1.396978972990 
15.334380571138 1.403177333655 
15.345867516228 1.409412634704 
15.357354227620 1.415685245509 
15.368840131514 1.421995012936 
15.380325632445 1.428342263164 
15.391810919308 1.434727235426 
15.403295709033 1.441149914338 
15.414780392118 1.447610626210 
15.426264797709 1.454109415463 
15.437749043335 1.460646464258 
15.449233552135 1.467222127050 
15.460717713035 1.473836204265 
15.472201995820 1.480489053210 
15.483686470507 1.487180841574 
15.495171011432 1.493911617315 
15.506656006284 1.500681705315 
15.518141094768 1.507491026045 
15.529626564377 1.514339839175 
15.541112765013 1.521228458124 
15.552599145385 1.528156685278 
15.564086227941 1.535124905277 
15.575573894905 1.542133166015 
15.587062154149 1.549181567503 
15.598551506149 1.556270497837 
15.610041318137 1.563399697059 
15.621532049532 1.570569507470 
15.633023911686 1.577780157927 
15.644516528559 1.585031520649 
15.656010398351 1.592323967450 
15.667505223592 1.599657418887 
15.679001173937 1.607032050103 
15.690498785398 1.614448272755 
15.701997220153 1.621905671494 
15.713497115957 1.629404686235 
15.724998459002 1.636945402630 
15.736501114489 1.644527810578 
15.748005612819 1.652152307949 
15.759511306423 1.659818575978 
15.771018647479 1.667526945631 
15.782527901532 1.675277666647 
15.794038575849 1.683070500917 
15.805551216737 1.690905845429 
15.817065483861 1.698783562261 
15.828581556021 1.706703817734 
15.840099985173 1.714667038763 
15.851619855424 1.722672707633 
15.863141809685 1.730721273470 
15.874665817340 1.738812796516 
15.886191750249 1.746947250930 
15.897720067148 1.755124996736 
15.909250191778 1.763345722601 
15.920782460650 1.771609691977 
15.932317217596 1.779917207473 
15.943853822435 1.788267905430 
15.955392891921 1.796662241800 
15.966934116628 1.805100084286 
15.978477537873 1.813581509256 
15.990023302735 1.822106677831 
16.001571336974 1.830675603091 
16.013121573210 1.839288294078 
16.024674429493 1.847945102411 
16.036229343594 1.856645706858 
16.047786537291 1.865390303343 
16.059346619942 1.874179396557 
16.070908474361 1.883012271367 
16.082472866649 1.891889497428 
16.094039785465 1.900811157236 
16.105608874360 1.909777056088 
16.117180656713 1.918787625623 
16.128754579501 1.927842544047 
16.140330905625 1.936942047918 
16.151910002435 1.946086484884 
16.163491164460 1.955275411440 
16.175074877661 1.964509228655 
16.186661137033 1.973788018871 
16.198249667505 1.983111643805 
16.209840591645 1.992480253062 
16.221434255722 2.001894185945 
16.233030239568 2.011353208127 
16.244628441973 2.020857296609 
16.256229408446 2.030406941763 
16.267832452761 2.040001710082 
16.279437976533 2.049641963248 
16.291046508131 2.059328211896 
16.302656878181 2.069059642546 
16.314269943632 2.078836965515 
16.325885792057 2.088660372378 
16.337503708292 2.098529388595 
16.349124365377 2.108444612227 
16.360747500092 2.118405953844 
16.372373018564 2.128413424207 
16.384001540541 2.138467621237 
16.395632187146 2.148567958559 
16.407265469059 2.158714919694 
16.418901873132 2.168909033876 
16.430540329220 2.179149551010 
16.442181503489 2.189437085553 
16.453825814056 2.199772127284 
16.465472310448 2.210154017314 
16.477121621783 2.220583354879 
16.488774023004 2.231060514567 
16.500428740334 2.241584970927 
16.512086522529 2.252157439152 
16.523747216444 2.262777935133 
16.535410447659 2.273446243749 
16.547076843224 2.284162995478 
16.558746135540 2.294928094208 
16.570418259087 2.305741574553 
16.582093414300 2.316603705005 
16.593771619101 2.327514604148 
16.605452829388 2.338474322002 
16.617137089544 2.349482975873 
16.628824624655 2.360540840746 
16.640515270388 2.371647846324 
16.652209070478 2.382804079401 
16.663906248595 2.394009787833 
16.675606695875 2.405264919711 
16.687310399345 2.416569481528 
16.699017593065 2.427923695967 
16.710728291797 2.439327586949 
16.722442360707 2.450781016834 
16.734159956579 2.462284092105 
16.745881299495 2.473836977572 
16.757606119632 2.485439371828 
16.769334594201 2.497091344897 
16.781067044800 2.508793105673 
16.792802970216 2.520544081719 
16.804542713731 2.532344430119 
16.816286541065 2.544194257253 
16.828033959931 2.556092929423 
16.839785456968 2.568040680316 
16.851541069356 2.580037343994 
16.863300462297 2.592082355198 
16.875064101756 2.604175872714 
16.886831862524 2.616317505151 
16.898601970456 2.628505205966 
16.910374707918 2.640738798993 
16.922150689790 2.653018513574 
16.933929013921 2.665343098693 
16.945710110548 2.677712500148 
16.957494570195 2.690126868669 
16.969281444623 2.702584829493 
16.981071213817 2.715086311096 
16.992864398175 2.727631336122 
17.004660075205 2.740218477449 
17.016458748265 2.752847625500 
17.028260951727 2.765518756779 
17.040065728385 2.778230336422 
17.051873578313 2.790982187166 
17.063685027684 2.803774215874 
17.075499125895 2.816604822197 
17.087316351192 2.829473747432 
17.099137311693 2.842380923519 
17.110960993890 2.855324624351 
17.122787830498 2.868304486169 
17.134618493637 2.881320450801 
17.146451941477 2.894370703767 
17.158288545127 2.907454763244 
17.170129059447 2.920572602030 
17.181972504544 2.933722414381 
17.193819078199 2.946903492566 
17.205669568693 2.960115787779 
17.217523166680 2.973357619275 
17.229379838223 2.986628003721 
17.241240434773 2.999926906153 
17.253103345922 3.013251768293 
17.264967304308 3.026600230634 
17.276832822815 3.039971791651 
17.288698358397 3.053363895131 
17.300565256883 3.066776887542 
17.312434448977 3.080210838698 
17.324303856440 3.093662641904 
17.336174395051 3.107132151373 
17.348044958883 3.120617262308 
17.359916070222 3.134117479593 
17.371788733992 3.147632909424 
17.383662015176 3.161161656340 
17.395536253176 3.174703062475 
17.407412558171 3.188257364300 
17.419289982421 3.201822690508 
17.431168804817 3.215398357099 
17.443050045462 3.228984544005 
17.454932796514 3.242579459782 
17.466817387572 3.256182522576 
17.478704959554 3.269794091639 
17.490594630017 3.283412458352 
17.502486750552 3.297037115416 
17.514382572626 3.310668589856 
17.526281142518 3.324305154651 
17.538182788591 3.337946324224 
17.550088652745 3.351592558230 
17.561997677295 3.365242066069 
17.573910379034 3.378894607970 
17.585827996586 3.392550811335 
17.597749432673 3.406208910690 
17.609675320496 3.419868849261 
17.621606961255 3.433531393346 
17.633543030880 3.447194618871 
17.645484224920 3.460858600932 
17.657431779617 3.474524125139 
17.669384195698 3.488189176523 
17.681342561505 3.501854330314 
17.693307468330 3.515519820003 
17.705274456814 3.529180604980 
17.717243606796 3.542836141698 
17.729214967557 3.556486149476 
17.741188370872 3.570130174453 
17.753163930063 3.583768070301 
17.765141734944 3.597399712376 
17.777121589380 3.611024706622 
17.789103614676 3.624642998773 
17.801087917316 3.638254559978 
17.813074257143 3.651859021682 
17.825062847905 3.665456484413 
17.837053640776 3.679046817792 
17.849046612046 3.692629918524 
17.861041694461 3.706205652230 
17.873039005173 3.719774087219 
17.885038611209 3.733335264926 
17.897038324701 3.746886912467 
17.909037615988 3.760428358424 
17.921036461692 3.773959565848 
17.933035069732 3.787480794432 
17.945033074790 3.800991747971 
17.957030571015 3.814492592554 
17.969027600311 3.827983490028 
17.981024340702 3.841464765707 
17.993020836193 3.854936638558 
18.005017269201 3.868399484436 
18.017013718695 3.881853600853 
18.029010344898 3.895299380083 
18.041007289992 3.908737213754 
18.053004657778 3.922167463128 
18.065002689748 3.935590632469 
18.077001385656 3.949006988106 
18.089000986808 3.962417025606 
18.101001627379 3.975821138079 
18.113002638780 3.989218888414 
18.125003258234 4.002609687151 
18.137003437181 4.015993652580 
18.149003388511 4.029371200126 
18.161003075348 4.042742499200 
18.173002512760 4.056107749186 
18.185001552424 4.069466981584 
18.197000177613 4.082820352007 
18.208998608169 4.096168266211 
18.220996794527 4.109510879147 
18.232994974162 4.122848631067 
18.244993116122 4.136181719692 
18.256991427361 4.149510583654 
18.268989987462 4.162835561700 
18.280988905400 4.176157031420 
18.292988403103 4.189475498924 
18.304988442001 4.202791225637 
18.316989262374 4.216104746286 
18.328990953777 4.229416462163 
18.340993389432 4.242726547149 
18.352995286283 4.256033991259 
18.364996718932 4.269339069882 
18.376997696218 4.282642052113 
18.388998385536 4.295943346831 
18.400998707893 4.309243097256 
18.412998896472 4.322541719688 
18.424998835117 4.335839270411 
18.436998245879 4.349135598262 
18.448997292748 4.362430961166 
18.460995843574 4.375725325343 
18.472994095148 4.389018954318 
18.484992102858 4.402311975006 
18.496989898617 4.415604475970 
18.508987742057 4.428896768741 
18.520985440504 4.442188725757 
18.532983243945 4.455480641678 
18.544981253294 4.468772693121 
18.556979481050 4.482064969350 
18.568978159769 4.495357782096 
18.580977246805 4.508651187413 
18.592976895138 4.521945426626 
18.604976084080 4.535239576534 
18.616974120346 4.548532969927 
18.628971076060 4.561825714211 
18.640967090274 4.575118018365 
18.652962003556 4.588409777693 
18.664956022896 4.601701210065 
18.676949047808 4.614992216810 
18.688941174422 4.628282846846 
18.700932612581 4.641573238808 
18.712923088916 4.654863020566 
18.724912242709 4.668151670468 
18.736900294714 4.681439212486 
18.748887101873 4.694725316589 
18.760872798059 4.708009890674 
18.772857639073 4.721292966948 
18.784841337623 4.734574038253 
18.796824174588 4.747853136759 
18.808806282280 4.761130188838 
18.820787568614 4.774404906905 
18.832768282644 4.787677351852 
18.844748472451 4.800947429692 
18.856728173712 4.814215051518 
18.868707647110 4.827480379704 
18.880686775837 4.840743240165 
18.892663210173 4.854001231500 
18.904637174272 4.867254410879 
18.916608465583 4.880502576074 
18.928577192313 4.893745832713 
18.940543675363 4.906984518864 
18.952507460305 4.920218217553 
18.964468871373 4.933447245518 
18.976428098694 4.946671831891 
18.988384911585 4.959891783702 
19.000339569457 4.973107372358 
19.012291493734 4.986318066454 
19.024240749697 4.999523934564 
19.036187294856 5.012724981358 
19.048131409153 5.025921538509 
19.060073092850 5.039113686279 
19.072012419070 5.052301570964 
19.083949711836 5.065485600984 
19.095884935992 5.078665851707 
19.107818232715 5.091842561476 
19.119749950222 5.105016192246 
19.131680086650 5.118186881239 
19.143608802396 5.131354920947 
19.155535268104 5.144519648842 
19.167457267661 5.157678994951 
19.179374368074 5.170832615435 
19.191286962602 5.183981136358 
19.203195304115 5.197125149605 
19.215099142101 5.210264790659 
19.226998877663 5.223400865947 
19.238894727574 5.236534086805 
19.250786582915 5.249664872935 
19.262674866751 5.262794177885 
19.274558860614 5.275921856220 
19.286438922513 5.289048750672 
19.298314712896 5.302175026889 
19.310186776979 5.315301630691 
19.322055596251 5.328429413483 
19.333920895225 5.341558384786 
19.345783270764 5.354689292270 
19.357643267823 5.367822808142 
19.369500640323 5.380958765619 
19.381356042060 5.394097829361 
19.393208612296 5.407239217898 
19.405054943335 5.420379570588 
19.416894728790 5.433518555246 
19.428728452456 5.446656911937 
19.440556829628 5.459795786740 
19.452379417325 5.472935292663 
19.464196921631 5.486076729935 
19.476010155926 5.499221651757 
19.487818634119 5.512370369217 
19.499622029067 5.525523289442 
19.511420526521 5.538681316394 
19.523214856789 5.551845876278 
19.535005220380 5.565017813410 
19.546792088682 5.578198121038 
19.558576232182 5.591388012401 
19.570357975092 5.604588182395 
19.582137794873 5.617799387045 
19.593916450155 5.631022634392 
19.605688016287 5.644252176884 
19.617452744556 5.657488165986 
19.629210977737 5.670731236506 
19.640963096588 5.683982173035 
19.652709986269 5.697242365854 
19.664451945908 5.710512745612 
19.676189550929 5.723794596477 
19.687922076031 5.737087975046 
19.699650005617 5.750394161940 
19.711374449508 5.763715174472 
19.723095249872 5.777051773608 
19.734813475277 5.790405882659 
19.746530088037 5.803779340078 
19.758245571626 5.817173441196 
19.769960448007 5.830589442024 
19.781671555563 5.844024747965 
19.793375286546 5.857476057296 
19.805072812832 5.870944971607 
19.816765226884 5.884433298011 
19.828452350367 5.897941576651 
19.840135384275 5.911471783471 
19.851814204167 5.925024679835 
19.863488686634 5.938601058460 
19.875160006736 5.952203152370 
19.886828124677 5.965832040995 
19.898494079004 5.979489881829 
19.910158654658 5.993178581966 
19.921822620981 6.006899943496 
19.933486600483 6.020655496476 
19.945149976231 6.034445311309 
19.956806699729 6.048263455352 
19.968457380730 6.062110708575 
19.980102917490 6.075988466130 
19.991744285889 6.089898266546 
20.003381695086 6.103840908537 
20.015014819303 6.117816715057 
20.026643630275 6.131826459629 
20.038268539329 6.145871535455 
20.049890184540 6.159953665560 
20.061509008253 6.174074339028 
20.073125213532 6.188234643614 
20.084738983895 6.202435428395 
20.096350478731 6.216677284329 
20.107959861722 6.230960610367 
20.119567439264 6.245285851814 
20.131171781545 6.259651514144 
20.142770002653 6.274054460102 
20.154362537823 6.288495346714 
20.165949841728 6.302975201079 
20.177531934213 6.317494688123 
20.189108260300 6.332053810813 
20.200679302027 6.346653620643 
20.212244694268 6.361294054614 
20.223804998070 6.375975796098 
20.235360856350 6.390699396736 
20.246912859709 6.405465152159 
20.258462217653 6.420273990187 
20.270008540866 6.435125073022 
20.281552640511 6.450019043543 
20.293095591814 6.464957143402 
20.304632149891 6.479933430747 
20.316162204516 6.494947738650 
20.327686364163 6.510000944826 
20.339204459739 6.525092850532 
20.350716085951 6.540222612052 
20.362221719784 6.555390084985 
20.373722480486 6.570595677089 
20.385220131502 6.585840481396 
20.396714115308 6.601122877726 
20.408205698675 6.616443477822 
20.419696446885 6.631803554649 
20.431187534486 6.647204096229 
20.442672286621 6.662636585639 
20.454151056360 6.678100497164 
20.465622478221 6.693593295284 
20.477088312380 6.709115844510 
20.488547631729 6.724665538254 
20.500001524464 6.740241877735 
20.511452243136 6.755845816106 
20.522898244103 6.771473779290 
20.534341714215 6.787126793057 
20.545785506313 6.802807137664 
20.557227400924 6.818511065493 
20.568669442821 6.834239926285 
20.580104790729 6.849984179945 
20.591531845164 6.865740115164 
20.602952719603 6.881508551865 
20.614368388056 6.897288753513 
20.625778438161 6.913077938651 
20.637183124434 6.928873991095 
20.648583112778 6.944675427207 
20.659981700984 6.960484271591 
20.671376680554 6.976296050183 
20.682770719680 6.992112298769 
20.694165596936 7.007933764083 
20.705558515142 7.023755414535 
20.716942672219 7.039566882340 
20.728321475649 7.055370199605 
20.739692175553 7.071160136673 
20.751057873607 7.086938427272 
20.762418039247 7.102702618691 
20.773774873606 7.118453611468 
20.785125495982 7.134186263987 
20.796473370227 7.149903153086 
20.807818571854 7.165602977586 
20.819161952345 7.181285183470 
20.830505918452 7.196951068164 
20.841848911159 7.212597045312 
20.853183498304 7.228212120352 
20.864510950197 7.243795762358 
20.875831405590 7.259346561611 
20.887145766745 7.274864062589 
20.898456396231 7.290349649377 
20.909762149956 7.305800530948 
20.921061583370 7.321213385630 
20.932357955576 7.336590532058 
20.943650015845 7.351929051482 
20.954940273126 7.367230344584 
20.966228869316 7.382493252644 
20.977516901228 7.397717854112 
20.988804527846 7.412903421510 
21.000084519523 7.428040751919 
21.011356794455 7.443129000423 
21.022623078528 7.458169852781 
21.033884390596 7.473164066037 
21.045141548690 7.488111711072 
21.056392033745 7.503008446101 
21.067641135492 7.517858240824 
21.078883225307 7.532652311449 
21.090125777219 7.547396036355 
21.101364238665 7.562081480856 
21.112605388513 7.576713119088 
21.123846186939 7.591285073226 
21.135088753053 7.605797213455 
21.146321789343 7.620235075652 
21.157551197270 7.634603077369 
21.168773602755 7.648896209710 
21.179994932767 7.663118977208 
21.191207835438 7.677261273089 
21.202419643788 7.691327670537 
21.213625475728 7.705309501036 
21.224833612864 7.719210885399 
21.236038621176 7.733021342924 
21.247250058652 7.746745123029 
21.258461468923 7.760370193055 
21.269684362736 7.773902326820 
21.280898615280 7.787315931332 
21.292112158746 7.800612943502 
21.303317367049 7.813781367604 
21.314522795777 7.826824797026 
21.325724083755 7.839734944890 
21.336921370065 7.852507445617 
21.348118107303 7.865141346240 
21.359313384592 7.877631758526 
21.370511774874 7.889978674133 
21.381711759649 7.902176809612 
21.392918825238 7.914227007251 
21.404131117769 7.926124028981 
21.415354738684 7.937869346964 
21.426577551050 7.949449473254 
21.437797938183 7.960859485536 
21.449015184897 7.972095996721 
21.460234752527 7.983160612432 
21.471452040069 7.994047070869 
21.482672354325 8.004756231998 
21.493887030968 8.015278822460 
21.505105808904 8.025618637613 
21.516323275479 8.035769257954 
21.527545935070 8.045732108106 
21.538771726873 8.055503370746 
21.550004018287 8.065082777847 
21.561244451064 8.074469400123 
21.572493063652 8.083661492790 
21.583755170945 8.092660651428 
21.595023589839 8.101461494130 
21.606288006351 8.110056904550 
21.617553044766 8.118448392394 
21.628819227736 8.126635769749 
21.640085065321 8.134617314271 
21.651357224383 8.142394886610 
21.662623076062 8.149961190370 
21.673892173006 8.157318314082 
21.685156842761 8.164461466417 
21.696422932008 8.171390805585 
21.707689792274 8.178104297696 
21.718956620781 8.184599664050 
21.730230015977 8.190877348774 
21.741502504162 8.196933422782 
21.752784937532 8.202769459607 
21.764067395707 8.208381590367 
21.775359238315 8.213770714824 
21.786659813064 8.218935747373 
21.797970730333 8.223875652210 
21.809294094511 8.228589511410 
21.820619130825 8.233074131860 
21.831934208610 8.237326585265 
21.843250421944 8.241348190876 
21.854557114833 8.245138542481 
21.865861735040 8.248698899794 
21.877161076307 8.252030596310 
21.888449301848 8.255135021797 
21.899738573219 8.258014821195 
21.911013710927 8.260672769807 
21.922287116738 8.263111231180 
21.933554159920 8.265333681257 
21.944819119337 8.267342525904 
21.956087099031 8.269140068412 
21.967354053610 8.270728896355 
21.978633559596 8.272109315806 
21.989913217924 8.273284726640 
22.001206883829 8.274254242398 
22.012511056598 8.275020273106 
22.023832838035 8.275582839490 
22.035160640748 8.275946010799 
22.046479727027 8.276114860457 
22.057786796537 8.276093064643 
22.069092955909 8.275881729588 
22.080385369085 8.275488430242 
22.091671915277 8.274914384297 
22.102944915091 8.274166013169 
22.114209377786 8.273245292062 
22.125468832997 8.272154782590 
22.136720599968 8.270898703674 
22.147975688712 8.269475879679 
22.159225183948 8.267892509890 
22.170484584831 8.266144515050 
22.181740985851 8.264239532893 
22.193010636243 8.262172064849 
22.204285700119 8.259947412757 
22.215578210184 8.257560937366 
22.226883999886 8.255015482753 
22.238211524623 8.252306978111 
22.249560294057 8.249435578242 
22.260910280705 8.246410932564 
22.272244804328 8.243241306490 
22.283577354003 8.239919890068 
22.294901532959 8.236451327392 
22.306221830606 8.232833502227 
22.317538924457 8.229066972309 
22.328844980819 8.225157681912 
22.340154443005 8.221098623198 
22.351453462625 8.216901038680 
22.362760686124 8.212555369001 
22.374060289539 8.208074797872 
22.385371176615 8.203448893269 
22.396680811797 8.198687261184 
22.408005256378 8.193780377558 
22.419334866255 8.188735696657 
22.430682949105 8.183542867947 
22.442043399762 8.178205644720 
22.453425823964 8.172715666912 
22.464829173555 8.167073197985 
22.476257705507 8.161274939518 
22.487717863208 8.155316937435 
22.499196818351 8.149211010095 
22.510679274634 8.142971691442 
22.522155617453 8.136610330851 
22.533640587970 8.130118921318 
22.545117421402 8.123515452695 
22.556594343830 8.116795945514 
22.568065348152 8.109969310312 
22.579537238550 8.103032987324 
22.591007132984 8.095992909334 
22.602479285932 8.088848480513 
22.613953413697 8.081603617567 
22.625431609229 8.074259878343 
22.636916203927 8.066818273843 
22.648407121326 8.059282013769 
22.659909637113 8.051649303522 
22.671421345498 8.043924982307 
22.682950988687 8.036102880304 
22.694492771264 8.028191356833 
22.706060725767 8.020180045544 
22.717643771203 8.012083441964 
22.729261903858 8.003886212461 
22.740900875588 7.995608185807 
22.752579983787 7.987235352117 
22.764292285147 7.978779407804 
22.776030875704 7.970251446292 
22.787775230794 7.961676277839 
22.799530914962 7.953051035414 
22.811291746282 7.944383996254 
22.823050056291 7.935684397847 
22.834803211335 7.926956408799 
22.846554230453 7.918198353655 
22.858299908238 7.909415361623 
22.870046257381 7.900603713470 
22.881788147238 7.891770963908 
22.893534884766 7.882909177223 
22.905279214347 7.874028652122 
22.917033295052 7.865119612956 
22.928781261743 7.856200939965 
22.940530037776 7.847267852982 
22.952289007606 7.838314076884 
22.964026957249 7.829374637711 
22.975748046556 7.820446982219 
22.987458419206 7.811527700669 
22.999154444365 7.802623366189 
23.010847071536 7.793725313694 
23.022527894017 7.784845111428 
23.034216949880 7.775964263945 
23.045906919414 7.767093640544 
23.057608279081 7.758225624466 
23.069321995477 7.749363462574 
23.081016378784 7.740544758223 
23.092693475444 7.731771868384 
23.104353577428 7.723048843849 
23.115997582052 7.714379030468 
23.127626627413 7.705765767382 
23.139240625316 7.697213078217 
23.150841267609 7.688722880660 
23.162427718986 7.680299549124 
23.173985605760 7.671961193794 
23.185513161419 7.663713819177 
23.197008903923 7.655562905744 
23.208474846280 7.647509079926 
23.219908216465 7.639557634009 
23.231310419765 7.631710506132 
23.242677917928 7.623974900872 
23.254014695054 7.616350726822 
23.265317443220 7.608844326315 
23.276589922883 7.601454316152 
23.287829167922 7.594185346245 
23.299038560358 7.587035597957 
23.310215642477 7.580008011040 
23.321363298999 7.573100426082 
23.332479650994 7.566315449423 
23.343566971675 7.559652038625 
23.354624071551 7.553112138436 
23.365652494210 7.546694762944 
23.376647845787 7.540403206350 
23.387603873671 7.534241181008 
23.398526396042 7.528201656184 
23.409410290924 7.522286448451 
23.420261705873 7.516488091176 
23.431075291159 7.510809265103 
23.441857651707 7.505243000122 
23.452603123671 7.499791847938 
23.463318633872 7.494447800518 
23.473998354178 7.489213076669 
23.484649448596 7.484080270143 
23.495265898808 7.479052555442 
23.505855023220 7.474122589612 
23.516410714858 7.469292809447 
23.526940259620 7.464555688651 
23.537437590805 7.459914544184 
23.547909887301 7.455363617259 
23.558351000204 7.450906879093 
23.568767712727 7.446538229128 
23.579154676161 7.442259752333 
23.589517536914 7.438065838833 
23.599852159440 7.433958329851 
23.610162616117 7.429933592456 
23.620446410139 7.425992282127 
23.630705552156 7.422131221645 
23.640939718359 7.418348661246 
23.651148320436 7.414643345973 
23.661333772485 7.411012826380 
23.671492305513 7.407458962702 
23.681629732517 7.403977430992 
23.691738473541 7.400572109204 
23.701828413550 7.397235958572 
23.711887519753 7.393976075271 
23.721928651810 7.390784617181 
23.731938317608 7.387670199352 
23.741928849463 7.384625245970 
23.751888114448 7.381656609808 
23.761826393673 7.378757335291 
23.771735490558 7.375931811824 
23.781622006768 7.373175889130 
23.791481762450 7.370492030954 
23.801317506796 7.367878266916 
23.811129177701 7.365334060108 
23.820915657035 7.362859102354 
23.830680982131 7.360450419031 
23.840420293484 7.358109953356 
23.850141478737 7.355832969406 
23.859836267802 7.353623198772 
23.869515998610 7.351473903487 
23.879169493547 7.349390115976 
23.888810889457 7.347363976003 
23.898426821794 7.345402076095 
23.908033433357 7.343496297735 
23.917616037272 7.341654224705 
23.927191781021 7.339867620543 
23.936745700593 7.338144202969 
23.946294852570 7.336476223715 
23.955825150773 7.334871321383 
23.965352298212 7.333323154640 
23.974864347346 7.331838777000 
23.984374374943 7.330413581043 
23.993873857811 7.329053101464 
24.003371895554 7.327754705318 
24.012864685236 7.326521750710 
24.022356082108 7.325353939030 
24.031848256845 7.324251953501 
24.041338536367 7.323218104062 
24.050836242402 7.322249878174 
24.060331058621 7.321352404655 
24.069840509963 7.320519932633 
24.079345582110 7.319760941608 
24.088872918394 7.319066555396 
24.098393912206 7.318448550984 
24.107942087884 7.317895419282 
24.117481443981 7.317420756838 
24.127052839193 7.317010556275 
24.136615923525 7.316679359446 
24.146211974192 7.316413501949 
24.155804076426 7.316226117464 
24.165426796532 7.316106124781 
24.175053013454 7.316062685826 
24.184707220207 7.316087771259 
24.194372487705 7.316186536911 
24.204062851168 7.316354389708 
24.213771796552 7.316593710802 
24.223502768984 7.316903827139 
24.233259741574 7.317284524163 
24.243035516179 7.317737797170 
24.252844427246 7.318260189689 
24.262668849837 7.318855790144 
24.272533248970 7.319518763387 
24.282408721366 7.320255743534 
24.292327805764 7.321059276887 
24.302255341695 7.321936608540 
24.312228535310 7.322878593329 
24.322211011189 7.323891385132 
24.332236316892 7.324966419807 
24.342276143883 7.326108182322 
24.352355761027 7.327310475539 
24.362455034008 7.328575994135 
24.372591056689 7.329900009489 
24.382751420170 7.331283161358 
24.392945562411 7.332721870978 
24.403168353449 7.334215584921 
24.413422006586 7.335762538636 
24.423708132584 7.337361498931 
24.434022311211 7.339012110062 
24.444372419265 7.340712702442 
24.454747850308 7.342463871444 
24.465162216406 7.344263296623 
24.475599287361 7.346112543521 
24.486077519670 7.348008632260 
24.496574505176 7.349953296793 
24.507113573300 7.351942495990 
24.517670332013 7.353977003466 
24.528267812610 7.356051500299 
24.538868637785 7.358166614998 
24.549452899624 7.360319146129 
24.560042801169 7.362504115660 
24.570613977271 7.364720866357 
24.581197137875 7.366963371203 
24.591761482913 7.369231538578 
24.602339389755 7.371519620787 
24.612901885612 7.373827960637 
24.623476624406 7.376151665988 
24.634041916632 7.378490955489 
24.644619015639 7.380841741682 
24.655193317675 7.383203496114 
24.665779166119 7.385572845663 
24.676368434535 7.387948816493 
24.686969448786 7.390328830530 
24.697579525407 7.392711791332 
24.708201851505 7.395096121734 
24.718838304755 7.397480951955 
24.729488071191 7.399865852388 
24.740156501053 7.402250248579 
24.750839527286 7.404634722581 
24.761545255320 7.407019068877 
24.772267282015 7.409404496452 
24.783015566100 7.411790656540 
24.793782000549 7.414178999221 
24.804577817758 7.416569095441 
24.815394033478 7.418962546067 
24.826242251615 7.421358749320 
24.837113251738 7.423759428572 
24.848018415063 7.426164382376 
24.858949054810 7.428575614650 
24.869915562138 7.430992790993 
24.880910293427 7.433417289176 
24.891942186593 7.435848431885 
24.903005224730 7.438287116584 
24.914106321869 7.440732560861 
24.925241430082 7.443185030339 
24.936415139141 7.445643381295 
24.947625791056 7.448106898839 
24.958875252402 7.450574134976 
24.970144390515 7.453045560746 
24.981428269606 7.455520360548 
24.992726696589 7.457998253509 
25.004040609986 7.460478883203 
25.015368018612 7.462962228620 
25.026711721281 7.465448333515 
25.038067827177 7.467938639026 
25.049440763912 7.470434113971 
25.060824858065 7.472937309645 
25.072189681859 7.475453259389 
25.083532014654 7.477984972904 
25.094854659215 7.480536752790 
25.106154554998 7.483113461766 
25.117435115902 7.485719091718 
25.128692850975 7.488358666614 
25.139931804026 7.491036606162 
25.151148080245 7.493758422759 
25.162346252543 7.496528460983 
25.173522268381 7.499351660223 
25.184681050108 7.502231353088 
25.195818466738 7.505171379155 
25.206939786852 7.508174168524 
25.218040805237 7.511242772903 
25.229127048595 7.514378705675 
25.240194303860 7.517583701404 
25.251248302400 7.520857572476 
25.262284820933 7.524200162093 
25.273309557556 7.527609852375 
25.284318696870 7.531085736391 
25.295317459643 7.534626193534 
25.306302843269 7.538230401848 
25.317279212906 7.541896731700 
25.328244653593 7.545623728444 
25.339202398464 7.549408973747 
25.350151832290 7.553250039629 
25.361094813736 7.557144030191 
25.372032226515 7.561088123547 
25.382964361007 7.565079172373 
25.393893720049 7.569113516144 
25.404818915946 7.573187070532 
25.415744132771 7.577294941158 
25.426666254810 7.581432334666 
25.437591127563 7.585593636469 
25.448513942643 7.589773776206 
25.459441856054 7.593966682535 
25.470368996673 7.598167647306 
25.481302835979 7.602371234799 
25.492237778201 7.606573920998 
25.503180657882 7.610771130075 
25.514126530705 7.614959685218 
25.525081297323 7.619134934813 
25.536041080649 7.623293615355 
25.547010947341 7.627431343276 
25.557987565462 7.631545159369 
25.568975536345 7.635631135892 
25.579971688424 7.639686811649 
25.590980558673 7.643708661306 
25.601998699623 7.647694599384 
25.613031040177 7.651641191755 
25.624073256226 7.655546817601 
25.635131027168 7.659408077198 
25.646198896065 7.663223880619 
25.657283409050 7.666990803494 
25.668378547570 7.670708131356 
25.679490102275 7.674372096830 
25.690613798224 7.677981003508 
25.701753080031 7.681530110220 
25.712906601577 7.685015832411 
25.724074512630 7.688434094033 
25.735259010390 7.691781290362 
25.746455585779 7.695055932811 
25.757667845339 7.698254380874 
25.768892823168 7.701375124437 
25.780131302421 7.704414654632 
25.791384889191 7.707369220397 
25.802648712289 7.710236136560 
25.813925263122 7.713010013234 
25.825213406654 7.715687517500 
25.836511491558 7.718265195540 
25.847821458393 7.720738753892 
25.859138848134 7.723105969350 
25.870465156623 7.725362220048 
25.881801077004 7.727504566753 
25.893142629526 7.729532110689 
25.904492810832 7.731441875455 
25.915847191666 7.733234552385 
25.927207408418 7.734908572463 
25.938573705838 7.736464952740 
25.949942862030 7.737906618225 
25.961318767272 7.739233336972 
25.972694230008 7.740449035659 
25.984073829800 7.741551317329 
25.995454265413 7.742542826812 
26.006835994885 7.743424001986 
26.018220386898 7.744195561810 
26.029602992958 7.744861357090 
26.040988861460 7.745421574511 
26.052369404478 7.745884645123 
26.063750911560 7.746250609635 
26.075128128407 7.746526853190 
26.086503297770 7.746716528525 
26.097876159894 7.746826180408 
26.109243686705 7.746863924887 
26.120611041574 7.746832990909 
26.131968540236 7.746744256353 
26.143324256265 7.746596961523 
26.154669973652 7.746400574669 
26.166010574882 7.746155086232 
26.177343961712 7.745865064252 
26.188668551494 7.745532880935 
26.199989461783 7.745156482242 
26.211296275635 7.744742562918 
26.222598084360 7.744285551497 
26.233885696601 7.743792888073 
26.245164553577 7.743261740321 
26.256433415684 7.742694957728 
26.267689497206 7.742096099715 
26.278939532279 7.741464477496 
26.290171208607 7.740812224392 
26.301393930704 7.740136788922 
26.312601688258 7.739447340509 
26.323796530279 7.738746932989 
26.334982442076 7.738038945246 
26.346149986272 7.737333841966 
26.357308318414 7.736628052109 
26.368448350436 7.735929904038 
26.379575406756 7.735236656850 
26.390690794327 7.734549802258 
26.401788936878 7.733874411578 
26.412877933617 7.733207377417 
26.423946685059 7.732558891721 
26.435002835728 7.731925822131 
26.446045733039 7.731312340950 
26.457072393183 7.730722709051 
26.468090465356 7.730154880296 
26.479087983138 7.729619860011 
26.490074118165 7.729114795184 
26.501045953243 7.728647013309 
26.512003147063 7.728220106045 
26.522952739921 7.727833118615 
26.533882914664 7.727496213588 
26.544803509207 7.727205060527 
26.555709358514 7.726966606812 
26.566602740390 7.726781487436 
26.577488816928 7.726649746390 
26.588358416415 7.726578984929 
26.599222326049 7.726563364917 
26.610069929339 7.726610312919 
26.620909333140 7.726714576548 
26.631739710580 7.726878269079 
26.642559163212 7.727102394592 
26.653376675266 7.727382172553 
26.664179110022 7.727725029064 
26.674979507315 7.728122014372 
26.685768077965 7.728578850040 
26.696552259996 7.729090057751 
26.707332282381 7.729656311731 
26.718105239428 7.730278489572 
26.728881521540 7.730950753076 
26.739646577328 7.731680074854 
26.750415594400 7.732455574457 
26.761176184112 7.733282422232 
26.771938368802 7.734151509654 
26.782700096681 7.735061932250 
26.793460740591 7.736010027343 
26.804229788548 7.736988314436 
26.814993727113 7.738000718385 
26.825769470959 7.739034737449 
26.836539454919 7.740096782858 
26.847318868368 7.741174350433 
26.858101469918 7.742268417280 
26.868890768674 7.743372546252 
26.879693183590 7.744480684417 
26.890499239990 7.745594149457 
26.901324860605 7.746701750282 
26.912150455667 7.747810843584 
26.922994417766 7.748907956995 
26.933847293455 7.749996243929 
26.944715666210 7.751067932036 
26.955604553794 7.752118488557 
26.966505616305 7.753148895902 
26.977435057141 7.754148135271 
26.988372182528 7.755124705158 
26.999335921792 7.756065174784 
27.010317630549 7.756973363759 
27.021322360009 7.757843315671 
27.032357698989 7.758670364851 
27.043410647864 7.759459976783 
27.054498892989 7.760201925602 
27.065603455369 7.760907034423 
27.076738984077 7.761566035219 
27.087902959737 7.762182245356 
27.099092895914 7.762757057128 
27.110321760514 7.763285012885 
27.121568480004 7.763778508446 
27.132850174074 7.764227335772 
27.144157773177 7.764638727311 
27.155494372115 7.765010493377 
27.166868310563 7.765339502834 
27.178262345101 7.765635334742 
27.189691770062 7.765888139463 
27.201143353626 7.766106237710 
27.212623647386 7.766284320916 
27.224136409907 7.766421140765 
27.235670296857 7.766522520143 
27.247238124601 7.766580126420 
27.258822858951 7.766603771576 
27.270434733645 7.766585273286 
27.282072914759 7.766525658493 
27.293731318312 7.766427531658 
27.305422617753 7.766283714622 
27.317126018141 7.766107445970 
27.328856120333 7.765889047086 
27.340605599923 7.765634614147 
27.352375680596 7.765342957254 
27.364174403710 7.765010593110 
27.375987154217 7.764646921072 
27.387829011803 7.764242363602 
27.399667496081 7.763817636721 
27.411486991451 7.763379692276 
27.423284776370 7.762931640615 
27.435062899102 7.762475119399 
27.446820449410 7.762012797337 
27.458555776096 7.761546784094 
27.470271445094 7.761077017621 
27.481964942457 7.760606882672 
27.493638529837 7.760136020490 
27.505289983904 7.759666846803 
27.516921331068 7.759198896817 
27.528525455191 7.758737511606 
27.540111155966 7.758278465946 
27.551666626859 7.757831383746 
27.563201484472 7.757391228314 
27.574710904644 7.756963411537 
27.586198636634 7.756546612539 
27.597666578817 7.756141917891 
27.609112081952 7.755752586785 
27.620542969794 7.755375687594 
27.631950897071 7.755018905345 
27.643347893282 7.754676539260 
27.654721889515 7.754358431760 
27.666085253587 7.754057901548 
27.677427789268 7.753783875697 
27.688757849617 7.753532017772 
27.700070932243 7.753307550128 
27.711370254139 7.753109661331 
27.722653915937 7.752940952301 
27.733924328492 7.752801157862 
27.745179872208 7.752693176087 
27.756422789346 7.752616848558 
27.767651432527 7.752573567188 
27.778868191550 7.752561743171 
27.790071472141 7.752582278493 
27.801263748920 7.752632773389 
27.812443793148 7.752712784912 
27.823613862154 7.752819472516 
27.834773478308 7.752951678203 
27.845924283791 7.753106575808 
27.857066852182 7.753282103712 
27.868201912668 7.753475756398 
27.879331210158 7.753684360460 
27.890454406286 7.753905739852 
27.901574295727 7.754135341726 
27.912689533195 7.754370715989 
27.923803567672 7.754606787270 
27.934914311789 7.754842162103 
27.946025392909 7.755071235412 
27.957134328325 7.755291626000 
27.968244593833 7.755497221132 
27.979353519140 7.755686166681 
27.990464549922 7.755852568209 
28.001574660826 7.755994153061 
28.012687880224 7.756103857668 
28.023800198966 7.756179958726 
28.034917367912 7.756214800406 
28.046033309303 7.756207539550 
28.057156911007 7.756146864167 
28.068278665114 7.756032817601 
28.079412170271 7.755850790923 
28.090543006050 7.755604392047 
28.101689559182 7.755275791937 
28.112831961997 7.754873875526 
28.123992715448 7.754380489179 
28.135151367370 7.753808711032 
28.146327607913 7.753143154599 
28.157508682525 7.752393013354 
28.168706568172 7.751549306116 
28.179917168072 7.750616823172 
28.191143838726 7.749593942182 
28.202391796804 7.748479295665 
28.213655121696 7.747279864337 
28.224948744649 7.745990038374 
28.236255729973 7.744628133755 
28.247597054177 7.743184004535 
28.258954041943 7.741677580111 
28.270344914873 7.740099502982 
28.281760485078 7.738463590447 
28.293209426195 7.736768313560 
28.304692056585 7.735020059562 
28.316207471997 7.733225077329 
28.327765301270 7.731382928590 
28.339354850144 7.729507980852 
28.350991714139 7.727593406890 
28.362642702934 7.725667347121 
28.374294914366 7.723736682237 
28.385944771427 7.721804421805 
28.397597457422 7.719868604015 
28.409253114953 7.717931339369 
28.420905495232 7.715997967641 
28.432555729043 7.714067700703 
28.444202498664 7.712141563366 
28.455848243163 7.710216150600 
28.467492502142 7.708288852534 
28.479137221196 7.706354484902 
28.490782766673 7.704409407926 
28.502429227254 7.702449955445 
28.514079935273 7.700470291291 
28.525731736617 7.698469419303 
28.537390215501 7.696439348078 
28.549050803853 7.694379832131 
28.560716509292 7.692284661390 
28.572384415300 7.690153261582 
28.584060404998 7.687979487147 
28.595737595412 7.685769170343 
28.607426472516 7.683516307041 
28.619115112909 7.681231671756 
28.630817979148 7.678903933846 
28.642519695651 7.676546904909 
28.654234440943 7.674152053996 
28.665948616038 7.671733784307 
28.677673649307 7.669285875965 
28.689400666041 7.666820988962 
28.701136220648 7.664339305010 
28.712875982867 7.661849118720 
28.724621924053 7.659351326452 
28.736374075793 7.656848478131 
28.748130026478 7.654345099941 
28.759893960139 7.651841426871 
28.771659426800 7.649346092915 
28.783434437084 7.646856063249 
28.795208971163 7.644382083554 
28.806993172234 7.641919078512 
28.818776547508 7.639478797165 
28.830570362618 7.637055849730 
28.842362799918 7.634663331580 
28.854168321293 7.632293386657 
28.865970714132 7.629960579727 
28.877787083122 7.627652203829 
28.889601264736 7.625380228920 
28.901430222979 7.623129701721 
28.913259261850 7.620909487762 
28.925103840267 7.618704876213 
28.936952351156 7.616522544144 
28.948817133171 7.614350860322 
28.960691564791 7.612193068919 
28.972582636023 7.610041573471 
28.984490945146 7.607894394765 
28.996416813290 7.605749393535 
29.008361865929 7.603604431443 
29.020328387160 7.601457829964 
29.032313252111 7.599311520653 
29.044320819487 7.597162108751 
29.056358273624 7.595005245638 
29.068420049176 7.592844217063 
29.080525801487 7.590663138289 
29.092626815283 7.588490691469 
29.104722037961 7.586318160285 
29.116811579945 7.584140664531 
29.128895496758 7.581952611988 
29.140973682634 7.579748310376 
29.153044699092 7.577524345304 
29.165110416072 7.575276388099 
29.177172007499 7.573001205098 
29.189233711361 7.570693966693 
29.201294391085 7.568354402281 
29.213352877439 7.565982001641 
29.225413837274 7.563572002865 
29.237479966187 7.561121110163 
29.249548103895 7.558629597239 
29.261619090701 7.556094289784 
29.273697734176 7.553509103153 
29.285784526711 7.550870696486 
29.297881225998 7.548174415089 
29.309987579067 7.545417138890 
29.322104524374 7.542595137475 
29.334223649019 7.539711530724 
29.346347494972 7.536761552132 
29.358480576992 7.533740471344 
29.370623026405 7.530647814650 
29.382776062961 7.527482960380 
29.394938704030 7.524247494538 
29.407101565332 7.520950462281 
29.419258369405 7.517600180576 
29.431409396295 7.514200774574 
29.443554691422 7.510756292712 
29.455694376829 7.507270503633 
29.467829448786 7.503746043789 
29.479959819477 7.500185264258 
29.492085677006 7.496590194065 
29.504207130922 7.492964489194 
29.516325192398 7.489312015678 
29.528441095909 7.485635274973 
29.540554682927 7.481936280804 
29.552666297553 7.478216859087 
29.564777976373 7.474478573657 
29.576890801815 7.470723694229 
29.589004379509 7.466955283224 
29.601119497822 7.463176330935 
29.613239155139 7.459389319406 
29.625363525846 7.455599123408 
29.637492646776 7.451810348947 
29.649628445994 7.448025891276 
29.661773320391 7.444247942208 
29.673914667125 7.440489829550 
29.686052663504 7.436755229533 
29.698186804631 7.433048452920 
29.710316787149 7.429371982105 
29.722442738845 7.425727408289 
29.734564580838 7.422116641798 
29.746681786108 7.418541183292 
29.758793849797 7.415001418945 
29.770900779877 7.411497311593 
29.783002419305 7.408029609798 
29.795098007012 7.404599832552 
29.807187002352 7.401209386397 
29.819269232499 7.397859805566 
29.831344635056 7.394553218012 
29.843412151833 7.391292419887 
29.855471377842 7.388078487590 
29.867522045806 7.384911316983 
29.879564246738 7.381790784970 
29.891596805452 7.378717907081 
29.903619539136 7.375692028446 
29.915632318978 7.372711602927 
29.927635285783 7.369774690850 
29.939627515308 7.366879648287 
29.951608946815 7.364024156717 
29.963579911905 7.361206380435 
29.975540341670 7.358424740746 
29.987490014777 7.355676894297 
29.999428755095 7.352960043446 
30.011357655650 7.350270783679 
30.023275290511 7.347607726292 
30.035182341242 7.344967881039 
30.047079371324 7.342347609999 
30.058966848618 7.339743034146 
30.070844876044 7.337150926415 
30.082713626271 7.334568092419 
30.094574500052 7.331990531827 
30.106426349037 7.329415998647 
30.118270195398 7.326840826792 
30.130107118846 7.324261700386 
30.141937836941 7.321675802497 
30.153763018905 7.319080262942 
30.165582365085 7.316473183654 
30.177397586388 7.313851904256 
30.189208468975 7.311214560721 
30.201013651698 7.308559281926 
30.212817310126 7.305880878368 
30.224617615445 7.303178191936 
30.236413379597 7.300449228746 
30.248209110758 7.297688779365 
30.260006189865 7.294894076496 
30.271801545641 7.292065209640 
30.283598795938 7.289198658925 
30.295401632662 7.286291806204 
30.307206310432 7.283346792597 
30.319014844983 7.280362250570 
30.330831621895 7.277336624775 
30.342654385231 7.274273039433 
30.354482912749 7.271172289647 
30.366321943982 7.268031215956 
30.378169935999 7.264850560334 
30.390025647300 7.261630532567 
30.401893332824 7.258367832649 
30.413772062422 7.255063004582 
30.425660276954 7.251717255614 
30.437560788589 7.248329382785 
30.449472311959 7.244901186801 
30.461394149194 7.241433753600 
30.473326534581 7.237927933821 
30.485270239556 7.234385033738 
30.497215352140 7.230814125613 
30.509157588752 7.227219812330 
30.521091879880 7.223607039679 
30.533021010146 7.219974470405 
30.544908123630 7.216348035022 
30.556790535557 7.212700792735 
30.568663249194 7.209038598653 
30.580558563322 7.205339467882 
30.592477908896 7.201604662610 
30.604425535604 7.197831987237 
30.616378261897 7.194038725779 
30.628329291089 7.190229965157 
30.640287938426 7.186400540365 
30.652248714229 7.182556341777 
30.664203910437 7.178704166203 
30.676160772419 7.174840273318 
30.688127221067 7.170961164758 
30.700098788813 7.167072042689 
30.712073651769 7.163175425350 
30.724054864984 7.159270028840 
30.736046386686 7.155353256819 
30.748056726737 7.151418134537 
30.760071289053 7.147473516215 
30.772104723190 7.143506778394 
30.784145334295 7.139525600711 
30.796196371107 7.135526467134 
30.808248153680 7.131516206899 
30.820302057179 7.127493524115 
30.832362355124 7.123455594896 
30.844434537986 7.119398581606 
30.856509887293 7.115328668129 
30.868589758929 7.111244724468 
30.880675666988 7.107146539811 
30.892767972820 7.103035414724 
30.904871954405 7.098909938134 
30.916980499555 7.094778265657 
30.929093137354 7.090643722194 
30.941213247094 7.086507336650 
30.953339795812 7.082373175827 
30.965476473311 7.078241578777 
30.977623944957 7.074115110601 
30.989782424721 7.069996498628 
31.001955156502 7.065886541972 
31.014131297116 7.061796377693 
31.026307975528 7.057731569710 
31.038484984383 7.053696673133 
31.050662467937 7.049695923433 
31.062840786890 7.045732761332 
31.075019808759 7.041810451647 
31.087198817911 7.037932357136 
31.099377596689 7.034101354642 
31.111556255372 7.030320368184 
31.123734910317 7.026592777301 
31.135913582991 7.022922129347 
31.148092324504 7.019311751211 
31.160270421719 7.015765283192 
31.172447626362 7.012285854031 
31.184623873861 7.008876307549 
31.196799179049 7.005539339518 
31.208970598836 7.002279359372 
31.221138540340 6.999098406873 
31.233301802586 6.995999362043 
31.245461130286 6.992983294925 
31.257612649254 6.990053322963 
31.269754227792 6.987210687549 
31.281885926282 6.984454801163 
31.294007740856 6.981784214914 
31.306120394228 6.979196037308 
31.318223695356 6.976687184367 
31.330317895291 6.974253674709 
31.342403499226 6.971890849799 
31.354480905899 6.969593773267 
31.366550279710 6.967357430427 
31.378611722965 6.965176642683 
31.390665909108 6.963045846731 
31.402708524294 6.960962168781 
31.414739864401 6.958920409585 
31.426759679209 6.956916119501 
31.438769634764 6.954943956192 
31.450770470523 6.952999111655 
31.462763688888 6.951076512762 
31.474751074008 6.949171489765 
31.486733942882 6.947280287898 
31.498711224196 6.945400863120 
31.510682328896 6.943531099481 
31.522648752305 6.941667821132 
31.534610781848 6.939808270499 
31.546570914483 6.937948394092 
31.558530030380 6.936085258758 
31.570490797605 6.934215583098 
31.582454722163 6.932337420499 
31.594424558694 6.930448691655 
31.606398181277 6.928550125716 
31.618369801305 6.926644311345 
31.630336823037 6.924732206084 
31.642303433384 6.922811342642 
31.654269378819 6.920881461070 
31.666233224710 6.918942763409 
31.678195138064 6.916994977535 
31.690155979947 6.915037805328 
31.702115419648 6.913071462173 
31.714073433977 6.911095607809 
31.726031029313 6.909109060064 
31.737988812784 6.907110703389 
31.749946361986 6.905099980235 
31.761904766404 6.903075870329 
31.773865365904 6.901037863148 
31.785827373547 6.898987140597 
31.797792063613 6.896924139075 
31.809760803187 6.894849442678 
31.821733263810 6.892764534884 
31.833710347456 6.890670293850 
31.845693434724 6.888567517411 
31.857682684987 6.886457740629 
31.869678185067 6.884342571198 
31.881682130376 6.882222619360 
31.893694121568 6.880099963115 
31.905714833577 6.877976033717 
31.917744962260 6.875852188309 
31.929785227198 6.873729499815 
31.941835409327 6.871609188762 
31.953896569801 6.869491518305 
31.965969736822 6.867376699538 
31.978054721739 6.865265572109 
31.990151910546 6.863158708238 
32.002263059597 6.861056103619 
32.014387764965 6.858959004233 
32.026526814213 6.856868083457 
32.038681479215 6.854783937249 
32.050851388997 6.852708094972 
32.063031752697 6.850644308679 
32.075216587963 6.848596770502 
32.087404457722 6.846567277758 
32.099593027719 6.844558087311 
32.111782403688 6.842570021428 
32.123972631951 6.840603912598 
32.136163458673 6.838660710283 
32.148355012212 6.836741225608 
32.160547513410 6.834846305562 
32.172740637638 6.832977080912 
32.184933522752 6.831134907150 
32.197126473221 6.829320511502 
32.209319377321 6.827534822535 
32.221512585358 6.825778557620 
32.233705937874 6.824052627637 
32.245899823098 6.822357277479 
32.258094275909 6.820692461414 
32.270289248717 6.819057865563 
32.282485120432 6.817452616937 
32.294681849929 6.815875471855 
32.306879668046 6.814324708253 
32.319078653442 6.812798728453 
32.331278954279 6.811295798607 
32.343480366153 6.809814114540 
32.355681263773 6.808352625817 
32.367881637611 6.806909721251 
32.380081591793 6.805483604773 
32.392281156568 6.804072313318 
32.404480340764 6.802674055101 
32.416679264178 6.801286942199 
32.428877954603 6.799908688614 
32.441076482519 6.798536768968 
32.453275009527 6.797168590882 
32.465473555649 6.795801260912 
32.477672222146 6.794431537489 
32.489871181740 6.793056428625 
32.502070477671 6.791673273817 
32.514270227432 6.790279247833 
32.526470622486 6.788871667359 
32.538670315431 6.787449093237 
32.550868999896 6.786009727858 
32.563067031430 6.784551594292 
32.575264900924 6.783073299566 
32.587462534222 6.781574053536 
32.599660373253 6.780052703011 
32.611858713314 6.778508690352 
32.624057171483 6.776942220944 
32.636255622441 6.775352967970 
32.648454529122 6.773740399877 
32.660654381809 6.772104354100 
32.672854109432 6.770444728235 
32.685053504504 6.768760550421 
32.697252849482 6.767051262770 
32.709452083545 6.765316375538 
32.721650578525 6.763555350937 
32.733848767802 6.761767889295 
32.746047104567 6.759953942254 
32.758245856484 6.758113163938 
32.770444782229 6.756245811832 
32.782644248724 6.754352163009 
32.794844616712 6.752432401556 
32.807046265932 6.750486969884 
32.819247379067 6.748517511412 
32.831447461550 6.746524528521 
32.843646947503 6.744508174269 
32.855845763929 6.742468894857 
32.868044277715 6.740406387596 
32.880242464648 6.738320681957 
32.892439159608 6.736212667817 
32.904634490949 6.734082423186 
32.916828844337 6.731929947227 
32.929022684729 6.729755500326 
32.941212865176 6.727561183001 
32.953396689771 6.725348788475 
32.965574746377 6.723118881089 
32.977742531628 6.720874822527 
32.989883001428 6.718626103101 
33.001999055056 6.716371956392 
33.014093367476 6.714112294438 
33.026158312496 6.711852151624 
33.038197531233 6.709591031520 
33.050212679533 6.707330066398 
33.062199002764 6.705073732675 
33.074158610120 6.702823338205 
33.086095134054 6.700579945760 
33.098004880960 6.698348454836 
33.109890259668 6.696130670243 
33.121757803720 6.693926700870 
33.133599679734 6.691743646166 
33.145427245634 6.689578191778 
33.157240000774 6.687433388711 
33.169036267799 6.685311885583 
33.180833383771 6.683206528105 
33.192618941549 6.681124855342 
33.204401500466 6.679062676145 
33.216189712327 6.677016346840 
33.227978434856 6.674988255743 
33.239777120582 6.672972931374 
33.251590802561 6.670967257723 
33.263413947790 6.668972791776 
33.275238759556 6.666992074192 
33.287082980289 6.665015697163 
33.298939349589 6.663047154206 
33.310812277692 6.661083589802 
33.322711865665 6.659120081615 
33.334630270348 6.657160587652 
33.346581624348 6.655198410137 
33.358562924399 6.653235915320 
33.370574638174 6.651273254053 
33.382623342268 6.649308099519 
33.394701621310 6.647345016093 
33.406819636456 6.645379903170 
33.418969791547 6.643417716724 
33.431112628628 6.641477558023 
33.443242919736 6.639561575358 
33.455362955927 6.637669134927 
33.467475176404 6.635798757896 
33.479582775278 6.633947869465 
33.491685703595 6.632114755975 
33.503781584640 6.630298396650 
