     time       kinetic-energy 
 0.000000000000 0.026612551917 
 0.005000000000 0.026433669825 
 0.013250000000 0.026433563684 
 0.027000000000 0.026433409736 
 0.038737324828 0.026433296645 
 0.050509999830 0.026433195761 
 0.062313460333 0.026433104622 
 0.074143504294 0.026433020316 
 0.085996686807 0.026432941133 
 0.097870240558 0.026432865988 
 0.109759783511 0.026432794166 
 0.121658365891 0.026432725181 
 0.133566049786 0.026432658642 
 0.145482848249 0.026432594250 
 0.157408646083 0.026432531771 
 0.169343326917 0.026432471014 
 0.181286684796 0.026432411818 
 0.193238537487 0.026432354049 
 0.205198651230 0.026432297589 
 0.217166798829 0.026432242335 
 0.229142733365 0.026432188197 
 0.241126217533 0.026432135093 
 0.253117019689 0.026432082949 
 0.265114891033 0.026432031702 
 0.277119613235 0.026431981290 
 0.289130943649 0.026431931659 
 0.301148682276 0.026431882760 
 0.313172599563 0.026431834548 
 0.325202503960 0.026431786981 
 0.337238188476 0.026431740020 
 0.349279469155 0.026431693630 
 0.361326168604 0.026431647778 
 0.373378102313 0.026431602434 
 0.385435115087 0.026431557569 
 0.397497027560 0.026431513158 
 0.409563701185 0.026431469176 
 0.421634973841 0.026431425599 
 0.433710711216 0.026431382408 
 0.445790772145 0.026431339581 
 0.457875024311 0.026431297100 
 0.469963350587 0.026431254947 
 0.482055615200 0.026431213105 
 0.494151716001 0.026431171560 
 0.506251521777 0.026431130296 
 0.518354937415 0.026431089299 
 0.530461853941 0.026431048556 
 0.542572170980 0.026431008055 
 0.554685796956 0.026430967783 
 0.566802192369 0.026430927732 
 0.578920383826 0.026430887892 
 0.591040305734 0.026430848254 
 0.603161907862 0.026430808809 
 0.615285132633 0.026430769545 
 0.627409930125 0.026430730456 
 0.639536253753 0.026430691531 
 0.651664050702 0.026430652764 
 0.663793280376 0.026430614145 
 0.675923894117 0.026430575668 
 0.688055852195 0.026430537325 
 0.700189115756 0.026430499110 
 0.712323641474 0.026430461015 
 0.724459396636 0.026430423035 
 0.736596339119 0.026430385163 
 0.748734437044 0.026430347393 
 0.760873657462 0.026430309720 
 0.773013964423 0.026430272138 
 0.785155331384 0.026430234642 
 0.797297721231 0.026430197227 
 0.809441108254 0.026430159887 
 0.821585464052 0.026430122619 
 0.833730758546 0.026430085417 
 0.845876970066 0.026430048277 
 0.858024065377 0.026430011194 
 0.870172023713 0.026429974165 
 0.882320820206 0.026429937185 
 0.894470429533 0.026429900250 
 0.906620833926 0.026429863357 
 0.918772003170 0.026429826502 
 0.930923920526 0.026429789681 
 0.943076563884 0.026429752890 
 0.955229911841 0.026429716127 
 0.967383949419 0.026429679387 
 0.979538649520 0.026429642668 
 0.991693998362 0.026429605966 
 1.003849976000 0.026429569279 
 1.016006564310 0.026429532603 
 1.028163750099 0.026429495936 
 1.040321509752 0.026429459274 
 1.052479831466 0.026429422614 
 1.064638697010 0.026429385955 
 1.076798091028 0.026429349293 
 1.088958001732 0.026429312626 
 1.101118408487 0.026429275950 
 1.113279301097 0.026429239265 
 1.125440662707 0.026429202566 
 1.137602480316 0.026429165853 
 1.149764743251 0.026429129122 
 1.161927433439 0.026429092371 
 1.174090542007 0.026429055598 
 1.186254053209 0.026429018800 
 1.198417956065 0.026428981976 
 1.210582240808 0.026428945124 
 1.222746891565 0.026428908240 
 1.234911900562 0.026428871325 
 1.247077252988 0.026428834374 
 1.259242939579 0.026428797387 
 1.271408951336 0.026428760361 
 1.283575274195 0.026428723294 
 1.295741901434 0.026428686185 
 1.307908818991 0.026428649032 
 1.320076019053 0.026428611833 
 1.332243493303 0.026428574586 
 1.344411229122 0.026428537289 
 1.356579220832 0.026428499941 
 1.368747454995 0.026428462541 
 1.380915925000 0.026428425085 
 1.393084623172 0.026428387574 
 1.405253538084 0.026428350004 
 1.417422664925 0.026428312375 
 1.429591990899 0.026428274685 
 1.441761510358 0.026428236932 
 1.453931216283 0.026428199115 
 1.466101098183 0.026428161233 
 1.478271151960 0.026428123283 
 1.490441365536 0.026428085265 
 1.502611733985 0.026428047177 
 1.514782250990 0.026428009018 
 1.526952906747 0.026427970786 
 1.539123697721 0.026427932479 
 1.551294612670 0.026427894097 
 1.563465647146 0.026427855638 
 1.575636795626 0.026427817101 
 1.587808048735 0.026427778485 
 1.599979403361 0.026427739787 
 1.612150849269 0.026427701008 
 1.624322382232 0.026427662145 
 1.636493997647 0.026427623198 
 1.648665686296 0.026427584164 
 1.660837445357 0.026427545044 
 1.673009265808 0.026427505835 
 1.685181143378 0.026427466537 
 1.697353074547 0.026427427148 
 1.709525049729 0.026427387667 
 1.721697066746 0.026427348093 
 1.733869117804 0.026427308426 
 1.746041198303 0.026427268662 
 1.758213306000 0.026427228803 
 1.770385430550 0.026427188846 
 1.782557570465 0.026427148790 
 1.794729719382 0.026427108635 
 1.806901872074 0.026427068379 
 1.819074027622 0.026427028021 
 1.831246174871 0.026426987560 
 1.843418312903 0.026426946996 
 1.855590437029 0.026426906326 
 1.867762541074 0.026426865550 
 1.879934623893 0.026426824668 
 1.892106676690 0.026426783677 
 1.904278697384 0.026426742578 
 1.916450683232 0.026426701368 
 1.928622626598 0.026426660047 
 1.940794526309 0.026426618615 
 1.952966376158 0.026426577069 
 1.965138172553 0.026426535410 
 1.977309915008 0.026426493636 
 1.989481593474 0.026426451746 
 2.001653207763 0.026426409739 
 2.013824754117 0.026426367615 
 2.025996227058 0.026426325372 
 2.038167625928 0.026426283010 
 2.050338943271 0.026426240528 
 2.062510177230 0.026426197924 
 2.074681326848 0.026426155198 
 2.086852383718 0.026426112349 
 2.099023347700 0.026426069376 
 2.111194214673 0.026426026278 
 2.123364980261 0.026425983055 
 2.135535644315 0.026425939705 
 2.147706199348 0.026425896228 
 2.159876644141 0.026425852622 
 2.172046977974 0.026425808888 
 2.184217192848 0.026425765023 
 2.196387288924 0.026425721028 
 2.208557262876 0.026425676901 
 2.220727110289 0.026425632642 
 2.232896831060 0.026425588250 
 2.245066418836 0.026425543724 
 2.257235872083 0.026425499063 
 2.269405191542 0.026425454266 
 2.281574367988 0.026425409333 
 2.293743402288 0.026425364262 
 2.305912292707 0.026425319054 
 2.318081033560 0.026425273707 
 2.330249624886 0.026425228220 
 2.342418062830 0.026425182593 
 2.354586344327 0.026425136825 
 2.366754469834 0.026425090915 
 2.378922432692 0.026425044863 
 2.391090232200 0.026424998667 
 2.403257869547 0.026424952327 
 2.415425335709 0.026424905842 
 2.427592631943 0.026424859211 
 2.439759757466 0.026424812434 
 2.451926706053 0.026424765510 
 2.464093478318 0.026424718438 
 2.476260071888 0.026424671217 
 2.488426482920 0.026424623847 
 2.500592711616 0.026424576327 
 2.512758753817 0.026424528656 
 2.524924607505 0.026424480834 
 2.537090273571 0.026424432859 
 2.549255745887 0.026424384732 
 2.561421024008 0.026424336450 
 2.573586109397 0.026424288015 
 2.585750993946 0.026424239424 
 2.597915678767 0.026424190678 
 2.610080165104 0.026424141775 
 2.622244444863 0.026424092715 
 2.634408519643 0.026424043497 
 2.646572389508 0.026423994121 
 2.658736048040 0.026423944585 
 2.670899496472 0.026423894890 
 2.683062734089 0.026423845033 
 2.695225755766 0.026423795016 
 2.707388562490 0.026423744837 
 2.719551152628 0.026423694494 
 2.731713522358 0.026423643989 
 2.743875672396 0.026423593319 
 2.756037600619 0.026423542485 
 2.768199304099 0.026423491486 
 2.780360783407 0.026423440320 
 2.792522035783 0.026423388988 
 2.804683059004 0.026423337488 
 2.816843853877 0.026423285821 
 2.829004417225 0.026423233985 
 2.841164747241 0.026423181979 
 2.853324844868 0.026423129804 
 2.865484706473 0.026423077457 
 2.877644330659 0.026423024940 
 2.889803718524 0.026422972250 
 2.901962866410 0.026422919388 
 2.914121773030 0.026422866353 
 2.926280439510 0.026422813144 
 2.938438862131 0.026422759760 
 2.950597039719 0.026422706201 
 2.962754973447 0.026422652467 
 2.974912659963 0.026422598555 
 2.987070097911 0.026422544467 
 2.999227288381 0.026422490201 
 3.011384228348 0.026422435757 
 3.023540916282 0.026422381133 
 3.035697353208 0.026422326330 
 3.047853536887 0.026422271347 
 3.060009465225 0.026422216182 
 3.072165139190 0.026422160837 
 3.084320557213 0.026422105309 
 3.096475716504 0.026422049598 
 3.108630618279 0.026421993703 
 3.120785261949 0.026421937625 
 3.132939643580 0.026421881362 
 3.145093764775 0.026421824914 
 3.157247625739 0.026421768279 
 3.169401221434 0.026421711459 
 3.181554553817 0.026421654450 
 3.193707624394 0.026421597255 
 3.205860426548 0.026421539870 
 3.218012962736 0.026421482297 
 3.230165235568 0.026421424534 
 3.242317236893 0.026421366581 
 3.254468969634 0.026421308436 
 3.266620436648 0.026421250101 
 3.278771630500 0.026421191573 
 3.290922553365 0.026421132852 
 3.303073207569 0.026421073938 
 3.315223587595 0.026421014830 
 3.327373694260 0.026420955527 
 3.339523529391 0.026420896029 
 3.351673089891 0.026420836336 
 3.363822374858 0.026420776446 
 3.375971385498 0.026420716358 
 3.388120121050 0.026420656073 
 3.400268578285 0.026420595590 
 3.412416759083 0.026420534908 
 3.424564664890 0.026420474026 
 3.436712289654 0.026420412945 
 3.448859636083 0.026420351662 
 3.461006707602 0.026420290178 
 3.473153495403 0.026420228493 
 3.485300002983 0.026420166604 
 3.497446233156 0.026420104513 
 3.509592180140 0.026420042217 
 3.521737845230 0.026419979718 
 3.533883230365 0.026419917013 
 3.546028332914 0.026419854103 
 3.558173151650 0.026419790986 
 3.570317688175 0.026419727663 
 3.582461943283 0.026419664132 
 3.594605912093 0.026419600393 
 3.606749597258 0.026419536445 
 3.618893002133 0.026419472288 
 3.631036118269 0.026419407922 
 3.643178949320 0.026419343344 
 3.655321498296 0.026419278556 
 3.667463759640 0.026419213556 
 3.679605734674 0.026419148344 
 3.691747425301 0.026419082918 
 3.703888829937 0.026419017279 
 3.716029946395 0.026418951426 
 3.728170776781 0.026418885359 
 3.740311323396 0.026418819075 
 3.752451579553 0.026418752576 
 3.764591548632 0.026418685861 
 3.776731234184 0.026418618928 
 3.788870628944 0.026418551777 
 3.801009735601 0.026418484408 
 3.813148556549 0.026418416819 
 3.825287089437 0.026418349012 
 3.837425332903 0.026418280983 
 3.849563289023 0.026418212734 
 3.861700959733 0.026418144264 
 3.873838338883 0.026418075571 
 3.885975429872 0.026418006656 
 3.898112236482 0.026417937517 
 3.910248751640 0.026417868155 
 3.922384978029 0.026417798567 
 3.934520917995 0.026417728755 
 3.946656569629 0.026417658717 
 3.958791931166 0.026417588452 
 3.970927004953 0.026417517961 
 3.983061794158 0.026417447242 
 3.995196291253 0.026417376294 
 4.007330500196 0.026417305118 
 4.019464424455 0.026417233712 
 4.031598058364 0.026417162076 
 4.043731403680 0.026417090209 
 4.055864462382 0.026417018111 
 4.067997234959 0.026416945781 
 4.080129717284 0.026416873218 
 4.092261912517 0.026416800422 
 4.104393825097 0.026416727392 
 4.116525446157 0.026416654128 
 4.128656779869 0.026416580629 
 4.140787829082 0.026416506893 
 4.152918591489 0.026416432922 
 4.165049065781 0.026416358714 
 4.177179254478 0.026416284268 
 4.189309160952 0.026416209583 
 4.201438777488 0.026416134660 
 4.213568108356 0.026416059497 
 4.225697157105 0.026415984095 
 4.237825919219 0.026415908451 
 4.249954395617 0.026415832566 
 4.262082588332 0.026415756439 
 4.274210499443 0.026415680070 
 4.286338123088 0.026415603457 
 4.298465463150 0.026415526600 
 4.310592523724 0.026415449498 
 4.322719298679 0.026415372152 
 4.334845790370 0.026415294559 
 4.346972000892 0.026415216721 
 4.359097931298 0.026415138634 
 4.371223576951 0.026415060301 
 4.383348941512 0.026414981719 
 4.395474029451 0.026414902887 
 4.407598833623 0.026414823806 
 4.419723357188 0.026414744475 
 4.431847602512 0.026414664893 
 4.443971570013 0.026414585059 
 4.456095255701 0.026414504973 
 4.468218663166 0.026414424634 
 4.480341797092 0.026414344041 
 4.492464649934 0.026414263194 
 4.504587225208 0.026414182093 
 4.516709525381 0.026414100735 
 4.528831550874 0.026414019122 
 4.540953297704 0.026413937252 
 4.553074769559 0.026413855124 
 4.565195971163 0.026413772738 
 4.577316895180 0.026413690093 
 4.589437545032 0.026413607189 
 4.601557923124 0.026413524025 
 4.613678030462 0.026413440600 
 4.625797862484 0.026413356913 
 4.637917423130 0.026413272965 
 4.650036717005 0.026413188753 
 4.662155737604 0.026413104278 
 4.674274487800 0.026413019539 
 4.686392969762 0.026412934536 
 4.698511185734 0.026412849266 
 4.710629129921 0.026412763731 
 4.722746806689 0.026412677929 
 4.734864220340 0.026412591859 
 4.746981365831 0.026412505521 
 4.759098244666 0.026412418915 
 4.771214859320 0.026412332039 
 4.783331213519 0.026412244893 
 4.795447299635 0.026412157475 
 4.807563122616 0.026412069787 
 4.819678686298 0.026411981826 
 4.831793987733 0.026411893592 
 4.843909026333 0.026411805085 
 4.856023805225 0.026411716303 
 4.868138330014 0.026411627246 
 4.880252590582 0.026411537914 
 4.892366592630 0.026411448306 
 4.904480339349 0.026411358420 
 4.916593830516 0.026411268256 
 4.928707062821 0.026411177815 
 4.940820040202 0.026411087094 
 4.952932767681 0.026410996093 
 4.965045237846 0.026410904812 
 4.977157454414 0.026410813249 
 4.989269170506 0.026410721407 
 5.001380390880 0.026410629283 
 5.013491121371 0.026410536879 
 5.025601363574 0.026410444192 
 5.037711108741 0.026410351222 
 5.049820365375 0.026410257969 
 5.061929143311 0.026410164432 
 5.074037428810 0.026410070609 
 5.086145228469 0.026409976501 
 5.098252546983 0.026409882107 
 5.110359391815 0.026409787426 
 5.122465748195 0.026409692457 
 5.134571626397 0.026409597199 
 5.146677034673 0.026409501653 
 5.158781965774 0.026409405816 
 5.170886419811 0.026409309689 
 5.182990403378 0.026409213271 
 5.195093928520 0.026409116561 
 5.207196974880 0.026409019558 
 5.219299553993 0.026408922261 
 5.231401672190 0.026408824670 
 5.243503329951 0.026408726785 
 5.255604519659 0.026408628604 
 5.267705250128 0.026408530126 
 5.279805531346 0.026408431351 
 5.291905351164 0.026408332279 
 5.304004714612 0.026408232908 
 5.316103626963 0.026408133238 
 5.328202097011 0.026408033268 
 5.340300108234 0.026407932997 
 5.352397671982 0.026407832424 
 5.364494795856 0.026407731550 
 5.376591477152 0.026407630372 
 5.388687711456 0.026407528891 
 5.400783506712 0.026407427105 
 5.412878874014 0.026407325014 
 5.424973797120 0.026407222617 
 5.437068285024 0.026407119913 
 5.449162342618 0.026407016902 
 5.461255977804 0.026406913583 
 5.473349175563 0.026406809955 
 5.485441946810 0.026406706017 
 5.497534299794 0.026406601768 
 5.509626229387 0.026406497208 
 5.521717733606 0.026406392337 
 5.533808820182 0.026406287152 
 5.545899500618 0.026406181654 
 5.557989758654 0.026406075842 
 5.570079603205 0.026405969714 
 5.582169039337 0.026405863271 
 5.594258074263 0.026405756511 
 5.606346693661 0.026405649434 
 5.618434908688 0.026405542038 
 5.630522727524 0.026405434324 
 5.642610146752 0.026405326289 
 5.654697162694 0.026405217935 
 5.666783783478 0.026405109258 
 5.678870020367 0.026405000260 
 5.690955857875 0.026404890939 
 5.703041304401 0.026404781294 
 5.715126365142 0.026404671325 
 5.727211050401 0.026404561030 
 5.739295342453 0.026404450409 
 5.751379253301 0.026404339461 
 5.763462790414 0.026404228186 
 5.775545952878 0.026404116582 
 5.787628734524 0.026404004649 
 5.799711144557 0.026403892386 
 5.811793193282 0.026403779791 
 5.823874870179 0.026403666865 
 5.835956178700 0.026403553607 
 5.848037125280 0.026403440015 
 5.860117723026 0.026403326088 
 5.872197950365 0.026403211827 
 5.884277820670 0.026403097230 
 5.896357339994 0.026402982296 
 5.908436514089 0.026402867025 
 5.920515330141 0.026402751415 
 5.932593799040 0.026402635467 
 5.944671929489 0.026402519178 
 5.956749716722 0.026402402548 
 5.968827158451 0.026402285577 
 5.980904263041 0.026402168263 
 5.992981041738 0.026402050606 
 6.005057481246 0.026401932604 
 6.017133587822 0.026401814258 
 6.029209367338 0.026401695565 
 6.041284831993 0.026401576526 
 6.053359961607 0.026401457139 
 6.065434769433 0.026401337404 
 6.077509261859 0.026401217319 
 6.089583444065 0.026401096884 
 6.101657303843 0.026400976098 
 6.113730852097 0.026400854960 
 6.125804097566 0.026400733469 
 6.137877035983 0.026400611625 
 6.149949664598 0.026400489426 
 6.162021992072 0.026400366871 
 6.174094029385 0.026400243961 
 6.186165764839 0.026400120693 
 6.198237203133 0.026399997067 
 6.210308350716 0.026399873082 
 6.222379220769 0.026399748737 
 6.234449792713 0.026399624031 
 6.246520079554 0.026399498964 
 6.258590086823 0.026399373534 
 6.270659823458 0.026399247741 
 6.282729273537 0.026399121584 
 6.294798449109 0.026398995061 
 6.306867357752 0.026398868172 
 6.318936000058 0.026398740916 
 6.331004368467 0.026398613292 
 6.343072473069 0.026398485300 
 6.355140323379 0.026398356937 
 6.367207913684 0.026398228204 
 6.379275242746 0.026398099099 
 6.391342318737 0.026397969622 
 6.403409153066 0.026397839771 
 6.415475732255 0.026397709546 
 6.427542062845 0.026397578945 
 6.439608151210 0.026397447969 
 6.451674010523 0.026397316614 
 6.463739621632 0.026397184882 
 6.475804996461 0.026397052771 
 6.487870140247 0.026396920280 
 6.499935062759 0.026396787408 
 6.511999747316 0.026396654154 
 6.524064206565 0.026396520517 
 6.536128447374 0.026396386496 
 6.548192474318 0.026396252091 
 6.560256275931 0.026396117300 
 6.572319863231 0.026395982122 
 6.584383244669 0.026395846556 
 6.596446418187 0.026395710602 
 6.608509378970 0.026395574258 
 6.620572136533 0.026395437524 
 6.632634700784 0.026395300398 
 6.644697065115 0.026395162880 
 6.656759229283 0.026395024968 
 6.668821201338 0.026394886662 
 6.680882992599 0.026394747960 
 6.692944590434 0.026394608862 
 6.705006000645 0.026394469366 
 6.717067229931 0.026394329472 
 6.729128290905 0.026394189179 
 6.741189166967 0.026394048485 
 6.753249867910 0.026393907389 
 6.765310399126 0.026393765892 
 6.777370773644 0.026393623990 
 6.789430971119 0.026393481685 
 6.801491005297 0.026393338974 
 6.813550881674 0.026393195856 
 6.825610610361 0.026393052331 
 6.837670174479 0.026392908397 
 6.849729586601 0.026392764054 
 6.861788853331 0.026392619300 
 6.873847979870 0.026392474135 
 6.885906954274 0.026392328557 
 6.897965788053 0.026392182565 
 6.910024488801 0.026392036159 
 6.922083058849 0.026391889337 
 6.934141489150 0.026391742098 
 6.946199790195 0.026391594441 
 6.958257970523 0.026391446366 
 6.970316028177 0.026391297870 
 6.982373958423 0.026391148953 
 6.994431770859 0.026390999615 
 7.006489474838 0.026390849853 
 7.018547066181 0.026390699667 
 7.030604542406 0.026390549055 
 7.042661912256 0.026390398018 
 7.054719185856 0.026390246553 
 7.066776355360 0.026390094659 
 7.078833421980 0.026389942336 
 7.090890393722 0.026389789582 
 7.102947281363 0.026389636397 
 7.115004075411 0.026389482778 
 7.127060778755 0.026389328726 
 7.139117398703 0.026389174239 
 7.151173946639 0.026389019315 
 7.163230410029 0.026388863954 
 7.175286794831 0.026388708155 
 7.187343107780 0.026388551917 
 7.199399360738 0.026388395238 
 7.211455540172 0.026388238117 
 7.223511653075 0.026388080554 
 7.235567705652 0.026387922546 
 7.247623710201 0.026387764094 
 7.259679650764 0.026387605195 
 7.271735536791 0.026387445849 
 7.283791374068 0.026387286055 
 7.295847175212 0.026387125811 
 7.307902923831 0.026386965116 
 7.319958629841 0.026386803970 
 7.332014298655 0.026386642370 
 7.344069943160 0.026386480316 
 7.356125545166 0.026386317807 
 7.368181116423 0.026386154842 
 7.380236662091 0.026385991419 
 7.392292195203 0.026385827537 
 7.404347697774 0.026385663195 
 7.416403181384 0.026385498392 
 7.428458650984 0.026385333127 
 7.440514119707 0.026385167398 
 7.452569568383 0.026385001204 
 7.464625009815 0.026384834545 
 7.476680448855 0.026384667419 
 7.488735898623 0.026384499824 
 7.500791340714 0.026384331760 
 7.512846787201 0.026384163225 
 7.524902242883 0.026383994219 
 7.536957720819 0.026383824739 
 7.549013202031 0.026383654785 
 7.561068699204 0.026383484356 
 7.573124217200 0.026383313450 
 7.585179768899 0.026383142066 
 7.597235336704 0.026382970203 
 7.609290931956 0.026382797859 
 7.621346559621 0.026382625034 
 7.633402232356 0.026382451727 
 7.645457932590 0.026382277935 
 7.657513671677 0.026382103658 
 7.669569454798 0.026381928894 
 7.681625294272 0.026381753642 
 7.693681174455 0.026381577902 
 7.705737104814 0.026381401671 
 7.717793090785 0.026381224948 
 7.729849144309 0.026381047733 
 7.741905250366 0.026380870024 
 7.753961417840 0.026380691819 
 7.766017652539 0.026380513118 
 7.778073965904 0.026380333918 
 7.790130345442 0.026380154220 
 7.802186797553 0.026379974021 
 7.814243328454 0.026379793320 
 7.826299949046 0.026379612116 
 7.838356648047 0.026379430408 
 7.850413430688 0.026379248194 
 7.862470303706 0.026379065473 
 7.874527277351 0.026378882243 
 7.886584343396 0.026378698505 
 7.898641504059 0.026378514255 
 7.910698766635 0.026378329493 
 7.922756140681 0.026378144217 
 7.934813619762 0.026377958427 
 7.946871204350 0.026377772120 
 7.958928902410 0.026377585296 
 7.970986722693 0.026377397952 
 7.983044662393 0.026377210089 
 7.995102718395 0.026377021703 
 8.007160899372 0.026376832795 
 8.019219213229 0.026376643363 
 8.031277659518 0.026376453405 
 8.043336232811 0.026376262919 
 8.055394942592 0.026376071906 
 8.067453795816 0.026375880362 
 8.079512796166 0.026375688287 
 8.091571934125 0.026375495680 
 8.103631220028 0.026375302539 
 8.115690659837 0.026375108863 
 8.127750260153 0.026374914649 
 8.139810008589 0.026374719898 
 8.151869916437 0.026374524607 
 8.163929988557 0.026374328775 
 8.175990236237 0.026374132400 
 8.188050642448 0.026373935482 
 8.200111219184 0.026373738019 
 8.212171970747 0.026373540009 
 8.224232908732 0.026373341451 
 8.236294018425 0.026373142343 
 8.248355308846 0.026372942685 
 8.260416785459 0.026372742474 
 8.272478458548 0.026372541709 
 8.284540318834 0.026372340389 
 8.296602369944 0.026372138513 
 8.308664618546 0.026371936078 
 8.320727073569 0.026371733083 
 8.332789730010 0.026371529527 
 8.344852587269 0.026371325409 
 8.356915653321 0.026371120726 
 8.368978935635 0.026370915478 
 8.381042435175 0.026370709663 
 8.393106145420 0.026370503279 
 8.405170075685 0.026370296325 
 8.417234231944 0.026370088800 
 8.429298619965 0.026369880701 
 8.441363228470 0.026369672028 
 8.453428068212 0.026369462779 
 8.465493143570 0.026369252952 
 8.477558465791 0.026369042546 
 8.489624019119 0.026368831559 
 8.501689813839 0.026368619990 
 8.513755854672 0.026368407838 
 8.525822151760 0.026368195100 
 8.537888694958 0.026367981775 
 8.549955488990 0.026367767861 
 8.562022540224 0.026367553358 
 8.574089856994 0.026367338263 
 8.586157436379 0.026367122575 
 8.598225275923 0.026366906292 
 8.610293383678 0.026366689413 
 8.622361766132 0.026366471935 
 8.634430426489 0.026366253859 
 8.646499356215 0.026366035181 
 8.658568565138 0.026365815901 
 8.670638057808 0.026365596016 
 8.682707844919 0.026365375525 
 8.694777910673 0.026365154427 
 8.706848265576 0.026364932720 
 8.718918913976 0.026364710402 
 8.730989862890 0.026364487472 
 8.743061094729 0.026364263927 
 8.755132611955 0.026364039768 
 8.767204414392 0.026363814991 
 8.779276508916 0.026363589595 
 8.791348873593 0.026363363580 
 8.803421513822 0.026363136943 
 8.815494429316 0.026362909683 
 8.827567623820 0.026362681798 
 8.839641078668 0.026362453286 
 8.851714799777 0.026362224147 
 8.863788786255 0.026361994378 
 8.875863043376 0.026361763978 
 8.887937549127 0.026361532945 
 8.900012311511 0.026361301278 
 8.912087334013 0.026361068974 
 8.924162609630 0.026360836034 
 8.936238128777 0.026360602454 
 8.948313898313 0.026360368233 
 8.960389915815 0.026360133370 
 8.972466177358 0.026359897862 
 8.984542675761 0.026359661709 
 8.996619414339 0.026359424909 
 9.008696392524 0.026359187459 
 9.020773603315 0.026358949359 
 9.032851044839 0.026358710607 
 9.044928715711 0.026358471200 
 9.057006619320 0.026358231138 
 9.069084744242 0.026357990419 
 9.081163092768 0.026357749040 
 9.093241662287 0.026357507001 
 9.105320456706 0.026357264299 
 9.117399458801 0.026357020933 
 9.129478676407 0.026356776902 
 9.141558110010 0.026356532202 
 9.153637755155 0.026356286834 
 9.165717599567 0.026356040795 
 9.177797648870 0.026355794083 
 9.189877908069 0.026355546696 
 9.201958367340 0.026355298634 
 9.214039016217 0.026355049893 
 9.226119861187 0.026354800473 
 9.238200906112 0.026354550372 
 9.250282147600 0.026354299587 
 9.262363569074 0.026354048117 
 9.274445174605 0.026353795961 
 9.286526973263 0.026353543117 
 9.298608948086 0.026353289582 
 9.310691105972 0.026353035355 
 9.322773440819 0.026352780434 
 9.334855953746 0.026352524818 
 9.346938631294 0.026352268504 
 9.359021478715 0.026352011491 
 9.371104500859 0.026351753777 
 9.383187695468 0.026351495360 
 9.395271042121 0.026351236239 
 9.407354547575 0.026350976411 
 9.419438219602 0.026350715875 
 9.431522045795 0.026350454628 
 9.443606027866 0.026350192670 
 9.455690167477 0.026349929997 
 9.467774458263 0.026349666609 
 9.479858884893 0.026349402503 
 9.491943456993 0.026349137678 
 9.504028174888 0.026348872131 
 9.516113043283 0.026348605860 
 9.528198049210 0.026348338865 
 9.540283184784 0.026348071142 
 9.552368456660 0.026347802691 
 9.564453856382 0.026347533508 
 9.576539382501 0.026347263593 
 9.588625038626 0.026346992943 
 9.600710834574 0.026346721555 
 9.612796746997 0.026346449429 
 9.624882772062 0.026346176563 
 9.636968915567 0.026345902954 
 9.649055177652 0.026345628601 
 9.661141546821 0.026345353501 
 9.673228030085 0.026345077652 
 9.685314635225 0.026344801053 
 9.697401345659 0.026344523701 
 9.709488151748 0.026344245594 
 9.721575057552 0.026343966732 
 9.733662069333 0.026343687110 
 9.745749170388 0.026343406728 
 9.757836368098 0.026343125584 
 9.769923668903 0.026342843674 
 9.782011067674 0.026342560998 
 9.794098544913 0.026342277553 
 9.806186102990 0.026341993337 
 9.818273751078 0.026341708349 
 9.830361472424 0.026341422585 
 9.842449271490 0.026341136045 
 9.854537154070 0.026340848725 
 9.866625120170 0.026340560623 
 9.878713158859 0.026340271739 
 9.890801260056 0.026339982068 
 9.902889432046 0.026339691611 
 9.914977657184 0.026339400363 
 9.927065945785 0.026339108324 
 9.939154297535 0.026338815490 
 9.951242711971 0.026338521860 
 9.963331182933 0.026338227432 
 9.975419715690 0.026337932203 
 9.987508301172 0.026337636170 
 9.999596918549 0.026337339334 
10.011685577974 0.026337041690 
10.023774285307 0.026336743237 
10.035863034565 0.026336443972 
10.047951819132 0.026336143893 
10.060040645360 0.026335842998 
10.072129522933 0.026335541284 
10.084218425027 0.026335238749 
10.096307346104 0.026334935392 
10.108396293432 0.026334631210 
10.120485260619 0.026334326200 
10.132574247286 0.026334020361 
10.144663253306 0.026333713690 
10.156752284911 0.026333406183 
10.168841327050 0.026333097841 
10.180930389373 0.026332788658 
10.193019470869 0.026332478635 
10.205108542502 0.026332167767 
10.217197610361 0.026331856054 
10.229286679279 0.026331543493 
10.241375750799 0.026331230080 
10.253464811384 0.026330915814 
10.265553866981 0.026330600692 
10.277642927334 0.026330284712 
10.289731976326 0.026329967871 
10.301821017304 0.026329650167 
10.313910039143 0.026329331598 
10.325999028880 0.026329012161 
10.338087989527 0.026328691853 
10.350176925792 0.026328370673 
10.362265841310 0.026328048617 
10.374354718355 0.026327725684 
10.386443565049 0.026327401869 
10.398532390824 0.026327077172 
10.410621179594 0.026326751589 
10.422709930324 0.026326425118 
10.434798633135 0.026326097756 
10.446887278034 0.026325769501 
10.458975867038 0.026325440351 
10.471064404775 0.026325110302 
10.483152892278 0.026324779352 
10.495241314281 0.026324447498 
10.507329678448 0.026324114739 
10.519417995365 0.026323781069 
10.531506245279 0.026323446488 
10.543594432748 0.026323110993 
10.555682547265 0.026322774581 
10.567770570029 0.026322437249 
10.579858507801 0.026322098995 
10.591946366737 0.026321759816 
10.604034143501 0.026321419709 
10.616121828618 0.026321078672 
10.628209426114 0.026320736701 
10.640296939700 0.026320393793 
10.652384357536 0.026320049946 
10.664471688181 0.026319705158 
10.676558928449 0.026319359424 
10.688646041771 0.026319012743 
10.700733038419 0.026318665113 
10.712819927921 0.026318316529 
10.724906693225 0.026317966989 
10.736993341927 0.026317616490 
10.749079874319 0.026317265029 
10.761166280997 0.026316912603 
10.773252562840 0.026316559209 
10.785338725263 0.026316204845 
10.797424766445 0.026315849506 
10.809510668951 0.026315493190 
10.821596421253 0.026315135895 
10.833682026230 0.026314777617 
10.845767471622 0.026314418354 
10.857852765751 0.026314058102 
10.869937915428 0.026313696858 
10.882022898468 0.026313334619 
10.894107721270 0.026312971382 
10.906192395045 0.026312607143 
10.918276897285 0.026312241900 
10.930361238656 0.026311875649 
10.942445425511 0.026311508387 
10.954529419006 0.026311140111 
10.966613218211 0.026310770819 
10.978696831642 0.026310400506 
10.990780246927 0.026310029170 
11.002863466875 0.026309656807 
11.014946499169 0.026309283413 
11.027029326402 0.026308908987 
11.039111948194 0.026308533523 
11.051194371256 0.026308157020 
11.063276589878 0.026307779472 
11.075358601796 0.026307400878 
11.087440408989 0.026307021232 
11.099521988740 0.026306640534 
11.111603323765 0.026306258778 
11.123684422058 0.026305875963 
11.135765285381 0.026305492083 
11.147845902170 0.026305107136 
11.159926280560 0.026304721118 
11.172006416741 0.026304334025 
11.184086294301 0.026303945855 
11.196165922181 0.026303556602 
11.208245303445 0.026303166264 
11.220324424417 0.026302774837 
11.232403293798 0.026302382316 
11.244481901815 0.026301988699 
11.256560210660 0.026301593983 
11.268638228857 0.026301198163 
11.280715966402 0.026300801236 
11.292793399361 0.026300403199 
11.304870539227 0.026300004046 
11.316947392050 0.026299603774 
11.329023930933 0.026299202381 
11.341100163947 0.026298799860 
11.353176099131 0.026298396209 
11.365251714819 0.026297991424 
11.377327021906 0.026297585500 
11.389402023306 0.026297178434 
11.401476689638 0.026296770222 
11.413551006878 0.026296360860 
11.425624984871 0.026295950344 
11.437698598270 0.026295538670 
11.449771856933 0.026295125835 
11.461844770847 0.026294711833 
11.473917314012 0.026294296661 
11.485989492826 0.026293880314 
11.498061314000 0.026293462788 
11.510132749500 0.026293044080 
11.522203812015 0.026292624184 
11.534274505276 0.026292203096 
11.546344811309 0.026291780812 
11.558414734692 0.026291357328 
11.570484257860 0.026290932639 
11.582553351803 0.026290506742 
11.594622021127 0.026290079632 
11.606690279496 0.026289651305 
11.618758094454 0.026289221756 
11.630825480331 0.026288790980 
11.642892445156 0.026288358972 
11.654958956962 0.026287925730 
11.667025022649 0.026287491247 
11.679090647476 0.026287055518 
11.691155809493 0.026286618541 
11.703220520551 0.026286180308 
11.715284778621 0.026285740816 
11.727348568713 0.026285300059 
11.739411869921 0.026284858035 
11.751474679229 0.026284414737 
11.763536969157 0.026283970162 
11.775598748977 0.026283524304 
11.787660031703 0.026283077158 
11.799720783826 0.026282628719 
11.811781019799 0.026282178982 
11.823840738831 0.026281727942 
11.835899909898 0.026281275595 
11.847958545009 0.026280821934 
11.860016645170 0.026280366954 
11.872074192511 0.026279910651 
11.884131197382 0.026279453019 
11.896187645404 0.026278994052 
11.908243526396 0.026278533746 
11.920298810694 0.026278072096 
11.932353505927 0.026277609096 
11.944407581721 0.026277144742 
11.956461046740 0.026276679027 
11.968513909404 0.026276211946 
11.980566138704 0.026275743494 
11.992617749549 0.026275273665 
12.004668738338 0.026274802452 
12.016719073224 0.026274329851 
12.028768766165 0.026273855856 
12.040817811083 0.026273380461 
12.052866194944 0.026272903660 
12.064913929295 0.026272425447 
12.076960993840 0.026271945816 
12.089007386334 0.026271464761 
12.101053068834 0.026270982278 
12.113098045091 0.026270498360 
12.125142283791 0.026270013001 
12.137185792732 0.026269526196 
12.149228588501 0.026269037937 
12.161270626311 0.026268548219 
12.173311924385 0.026268057036 
12.185352477615 0.026267564380 
12.197392255857 0.026267070246 
12.209431266644 0.026266574628 
12.221469511447 0.026266077518 
12.233506964831 0.026265578910 
12.245543640038 0.026265078798 
12.257579515080 0.026264577175 
12.269614588625 0.026264074034 
12.281648842980 0.026263569370 
12.293682251258 0.026263063175 
12.305714802130 0.026262555443 
12.317746481579 0.026262046168 
12.329777306667 0.026261535342 
12.341807236400 0.026261022959 
12.353836282321 0.026260509012 
12.365864460319 0.026259993491 
12.377891721548 0.026259476392 
12.389918066711 0.026258957708 
12.401943514535 0.026258437429 
12.413968008444 0.026257915551 
12.425991572143 0.026257392064 
12.438014206884 0.026256866961 
12.450035882241 0.026256340236 
12.462056613712 0.026255811879 
12.474076354093 0.026255281885 
12.486095106662 0.026254750246 
12.498112808323 0.026254216956 
12.510129485228 0.026253682006 
12.522145139592 0.026253145387 
12.534159736654 0.026252607094 
12.546173293702 0.026252067116 
12.558185781878 0.026251525446 
12.570197197363 0.026250982077 
12.582207534057 0.026250436999 
12.594216781500 0.026249890206 
12.606224917217 0.026249341688 
12.618231961148 0.026248791436 
12.630237866500 0.026248239444 
12.642242643485 0.026247685703 
12.654246313191 0.026247130201 
12.666248798784 0.026246572934 
12.678250104424 0.026246013892 
12.690250182482 0.026245453069 
12.702249055045 0.026244890453 
12.714246694063 0.026244326037 
12.726243090890 0.026243759813 
12.738238271466 0.026243191768 
12.750232176463 0.026242621896 
12.762224820371 0.026242050188 
12.774216196622 0.026241476633 
12.786206265052 0.026240901224 
12.798195025425 0.026240323950 
12.810182508684 0.026239744801 
12.822168639504 0.026239163770 
12.834153442324 0.026238580845 
12.846136923233 0.026237996016 
12.858119021596 0.026237409275 
12.870099724545 0.026236820614 
12.882078984088 0.026236230023 
12.894056827082 0.026235637491 
12.906033227569 0.026235043009 
12.918008167417 0.026234446567 
12.929981678293 0.026233848152 
12.941953681539 0.026233247758 
12.953924202367 0.026232645372 
12.965893232560 0.026232040983 
12.977860740666 0.026231434583 
12.989826711365 0.026230826160 
13.001791179993 0.026230215702 
13.013754057902 0.026229603202 
13.025715376111 0.026228988647 
13.037675142418 0.026228372024 
13.049633270675 0.026227753327 
13.061589800352 0.026227132542 
13.073544624944 0.026226509662 
13.085497788165 0.026225884674 
13.097449279298 0.026225257566 
13.109399056007 0.026224628328 
13.121347148476 0.026223996946 
13.133293513589 0.026223363411 
13.145238134393 0.026222727711 
13.157181009045 0.026222089834 
13.169122128647 0.026221449768 
13.181061445049 0.026220807503 
13.192998991984 0.026220163023 
13.204934727084 0.026219516320 
13.216868636352 0.026218867380 
13.228800722749 0.026218216191 
13.240730893941 0.026217562745 
13.252659189428 0.026216907026 
13.264585527601 0.026216249026 
13.276509926085 0.026215588730 
13.288432433075 0.026214926123 
13.300352930241 0.026214261198 
13.312271462939 0.026213593938 
13.324188033847 0.026212924329 
13.336102558485 0.026212252364 
13.348015049099 0.026211578027 
13.359925567142 0.026210901301 
13.371833973407 0.026210222179 
13.383740321005 0.026209540646 
13.395644622376 0.026208856685 
13.407546768099 0.026208170290 
13.419446820478 0.026207481441 
13.431344618747 0.026206790135 
13.443240237786 0.026206096352 
13.455133695511 0.026205400077 
13.467024896880 0.026204701300 
13.478913892399 0.026204000004 
13.490800629106 0.026203296178 
13.502685085987 0.026202589807 
13.514567266110 0.026201880876 
13.526447189797 0.026201169370 
13.538324762333 0.026200455279 
13.550200036488 0.026199738584 
13.562072958955 0.026199019274 
13.573943509122 0.026198297334 
13.585811702931 0.026197572748 
13.597677405145 0.026196845508 
13.609540686719 0.026196115595 
13.621401505243 0.026195382997 
13.633259824459 0.026194647698 
13.645115696890 0.026193909681 
13.656969014477 0.026193168936 
13.668819815485 0.026192425445 
13.680668104145 0.026191679192 
13.692513838813 0.026190930163 
13.704356979789 0.026190178345 
13.716197606217 0.026189423717 
13.728035559378 0.026188666271 
13.739870900925 0.026187905989 
13.751703642551 0.026187142853 
13.763533663051 0.026186376855 
13.775361054203 0.026185607971 
13.787185667237 0.026184836196 
13.799007549121 0.026184061510 
13.810826769171 0.026183283891 
13.822643139544 0.026182503335 
13.834456772923 0.026181719819 
13.846267660596 0.026180933325 
13.858075718641 0.026180143843 
13.869880961127 0.026179351355 
13.881683406030 0.026178555842 
13.893482969368 0.026177757294 
13.905279716473 0.026176955690 
13.917073636404 0.026176151012 
13.928864647217 0.026175343249 
13.940652852772 0.026174532378 
13.952438031333 0.026173718396 
13.964220295482 0.026172901278 
13.975999595005 0.026172081011 
13.987775886475 0.026171257581 
13.999549271730 0.026170430963 
14.011319619252 0.026169601149 
14.023086970102 0.026168768119 
14.034851387733 0.026167931852 
14.046612705190 0.026167092341 
14.058371013415 0.026166249564 
14.070126355969 0.026165403499 
14.081878600479 0.026164554138 
14.093627798356 0.026163701462 
14.105373966327 0.026162845451 
14.117117018878 0.026161986093 
14.128857052003 0.026161123365 
14.140594022255 0.026160257253 
14.152327872488 0.026159387742 
14.164058747514 0.026158514806 
14.175786404760 0.026157638444 
14.187510979843 0.026156758629 
14.199232380030 0.026155875351 
14.210950619429 0.026154988591 
14.222665857017 0.026154098320 
14.234377836558 0.026153204540 
14.246086702860 0.026152307223 
14.257792471295 0.026151406350 
14.269495022410 0.026150501913 
14.281194492682 0.026149593883 
14.292890791698 0.026148682252 
14.304583931681 0.026147767000 
14.316274026114 0.026146848102 
14.327960865450 0.026145925556 
14.339644610582 0.026144999334 
14.351325287205 0.026144069414 
14.363002764266 0.026143135792 
14.374677137618 0.026142198441 
14.386348351572 0.026141257350 
14.398016439689 0.026140312498 
14.409681488648 0.026139363861 
14.421343374974 0.026138411433 
14.433002168811 0.026137455191 
14.444657916370 0.026136495113 
14.456310504350 0.026135531193 
14.467960031324 0.026134563405 
14.479606507976 0.026133591732 
14.491249911694 0.026132616158 
14.502890350427 0.026131636657 
14.514527639167 0.026130653229 
14.526161891604 0.026129665847 
14.537793226603 0.026128674485 
14.549421476972 0.026127679139 
14.561046767192 0.026126679782 
14.572669037597 0.026125676404 
14.584288341871 0.026124668982 
14.595904805358 0.026123657490 
14.607518240866 0.026122641928 
14.619128756288 0.026121622268 
14.630736398248 0.026120598492 
14.642341094227 0.026119570588 
14.653942975232 0.026118538529 
14.665541979452 0.026117502305 
14.677138168308 0.026116461893 
14.688731665729 0.026115417265 
14.700322207235 0.026114368431 
14.711910015196 0.026113315352 
14.723495115104 0.026112258012 
14.735077435306 0.026111196400 
14.746657168251 0.026110130482 
14.758234074612 0.026109060265 
14.769808356677 0.026107985714 
14.781380174485 0.026106906798 
14.792949236131 0.026105823528 
14.804515818197 0.026104735965 
14.816079709594 0.026103644037 
14.827641074792 0.026102547712 
14.839200126438 0.026101446920 
14.850756567675 0.026100341699 
14.862310581950 0.026099231995 
14.873862334167 0.026098117790 
14.885411547310 0.026096999079 
14.896958592237 0.026095875826 
14.908503215205 0.026094748025 
14.920045577732 0.026093615655 
14.931585659585 0.026092478694 
14.943123580334 0.026091337122 
14.954659241260 0.026090190926 
14.966192796136 0.026089040079 
14.977724334916 0.026087884555 
14.989253643168 0.026086724359 
15.000780971641 0.026085559454 
15.012306321871 0.026084389816 
15.023829587875 0.026083215451 
15.035351218873 0.026082036284 
15.046870664628 0.026080852372 
15.058388322936 0.026079663640 
15.069904235845 0.026078470087 
15.081418337776 0.026077271684 
15.092930796387 0.026076068420 
15.104441500068 0.026074860265 
15.115950550789 0.026073647222 
15.127458301761 0.026072429206 
15.138964227382 0.026071206291 
15.150468811935 0.026069978371 
15.161971897537 0.026068745491 
15.173473554954 0.026067507579 
15.184974065208 0.026066264640 
15.196473120583 0.026065016637 
15.207970912876 0.026063763590 
15.219467757272 0.026062505426 
15.230963212942 0.026061242180 
15.242457717114 0.026059973787 
15.253951188510 0.026058700236 
15.265443615257 0.026057421513 
15.276935101222 0.026056137587 
15.288425719927 0.026054848433 
15.299915614231 0.026053554019 
15.311404573674 0.026052254349 
15.322892937673 0.026050949370 
15.334380571138 0.026049639079 
15.345867516228 0.026048323454 
15.357354227620 0.026047002427 
15.368840131514 0.026045676046 
15.380325632445 0.026044344247 
15.391810919308 0.026043006992 
15.403295709033 0.026041664296 
15.414780392118 0.026040316096 
15.426264797709 0.026038962395 
15.437749043335 0.026037603162 
15.449233552135 0.026036238329 
15.460717713035 0.026034867950 
15.472201995820 0.026033491954 
15.483686470507 0.026032110312 
15.495171011432 0.026030723023 
15.506656006284 0.026029330021 
15.518141094768 0.026027931333 
15.529626564377 0.026026526906 
15.541112765013 0.026025116677 
15.552599145385 0.026023700698 
15.564086227941 0.026022278884 
15.575573894905 0.026020851232 
15.587062154149 0.026019417723 
15.598551506149 0.026017978274 
15.610041318137 0.026016532947 
15.621532049532 0.026015081666 
15.633023911686 0.026013624383 
15.644516528559 0.026012161128 
15.656010398351 0.026010691818 
15.667505223592 0.026009216473 
15.679001173937 0.026007735050 
15.690498785398 0.026006247460 
15.701997220153 0.026004753793 
15.713497115957 0.026003253947 
15.724998459002 0.026001747902 
15.736501114489 0.026000235657 
15.748005612819 0.025998717121 
15.759511306423 0.025997192361 
15.771018647479 0.025995661295 
15.782527901532 0.025994123868 
15.794038575849 0.025992580125 
15.805551216737 0.025991029971 
15.817065483861 0.025989473433 
15.828581556021 0.025987910465 
15.840099985173 0.025986340970 
15.851619855424 0.025984765051 
15.863141809685 0.025983182601 
15.874665817340 0.025981593601 
15.886191750249 0.025979998047 
15.897720067148 0.025978395854 
15.909250191778 0.025976787079 
15.920782460650 0.025975171654 
15.932317217596 0.025973549507 
15.943853822435 0.025971920707 
15.955392891921 0.025970285142 
15.966934116628 0.025968642835 
15.978477537873 0.025966993755 
15.990023302735 0.025965337858 
16.001571336974 0.025963675132 
16.013121573210 0.025962005562 
16.024674429493 0.025960329062 
16.036229343594 0.025958645691 
16.047786537291 0.025956955391 
16.059346619942 0.025955258047 
16.070908474361 0.025953553800 
16.082472866649 0.025951842509 
16.094039785465 0.025950124151 
16.105608874360 0.025948398752 
16.117180656713 0.025946666208 
16.128754579501 0.025944926573 
16.140330905625 0.025943179781 
16.151910002435 0.025941425748 
16.163491164460 0.025939664554 
16.175074877661 0.025937896094 
16.186661137033 0.025936120341 
16.198249667505 0.025934337308 
16.209840591645 0.025932546944 
16.221434255722 0.025930749166 
16.233030239568 0.025928944007 
16.244628441973 0.025927131452 
16.256229408446 0.025925311382 
16.267832452761 0.025923483874 
16.279437976533 0.025921648830 
16.291046508131 0.025919806132 
16.302656878181 0.025917955931 
16.314269943632 0.025916098056 
16.325885792057 0.025914232454 
16.337503708292 0.025912359207 
16.349124365377 0.025910478167 
16.360747500092 0.025908589338 
16.372373018564 0.025906692698 
16.384001540541 0.025904788103 
16.395632187146 0.025902875660 
16.407265469059 0.025900955243 
16.418901873132 0.025899026727 
16.430540329220 0.025897090250 
16.442181503489 0.025895145656 
16.453825814056 0.025893192829 
16.465472310448 0.025891231885 
16.477121621783 0.025889262672 
16.488774023004 0.025887285095 
16.500428740334 0.025885299239 
16.512086522529 0.025883304927 
16.523747216444 0.025881302135 
16.535410447659 0.025879290878 
16.547076843224 0.025877270995 
16.558746135540 0.025875242481 
16.570418259087 0.025873205294 
16.582093414300 0.025871159346 
16.593771619101 0.025869104579 
16.605452829388 0.025867040945 
16.617137089544 0.025864968382 
16.628824624655 0.025862886791 
16.640515270388 0.025860796144 
16.652209070478 0.025858696377 
16.663906248595 0.025856587389 
16.675606695875 0.025854469142 
16.687310399345 0.025852341577 
16.699017593065 0.025850204592 
16.710728291797 0.025848058122 
16.722442360707 0.025845902132 
16.734159956579 0.025843736530 
16.745881299495 0.025841561214 
16.757606119632 0.025839376170 
16.769334594201 0.025837181304 
16.781067044800 0.025834976491 
16.792802970216 0.025832761763 
16.804542713731 0.025830536990 
16.816286541065 0.025828302059 
16.828033959931 0.025826056998 
16.839785456968 0.025823801652 
16.851541069356 0.025821535949 
16.863300462297 0.025819259888 
16.875064101756 0.025816973317 
16.886831862524 0.025814676195 
16.898601970456 0.025812368812 
16.910374707918 0.025810051055 
16.922150689790 0.025807722743 
16.933929013921 0.025805383996 
16.945710110548 0.025803034672 
16.957494570195 0.025800674593 
16.969281444623 0.025798303894 
16.981071213817 0.025795922424 
16.992864398175 0.025793530020 
17.004660075205 0.025791126816 
17.016458748265 0.025788712658 
17.028260951727 0.025786287381 
17.040065728385 0.025783851132 
17.051873578313 0.025781403759 
17.063685027684 0.025778945102 
17.075499125895 0.025776475311 
17.087316351192 0.025773994242 
17.099137311693 0.025771501717 
17.110960993890 0.025768997910 
17.122787830498 0.025766482686 
17.134618493637 0.025763955858 
17.146451941477 0.025761417611 
17.158288545127 0.025758867827 
17.170129059447 0.025756306304 
17.181972504544 0.025753733221 
17.193819078199 0.025751148500 
17.205669568693 0.025748551935 
17.217523166680 0.025745943674 
17.229379838223 0.025743323696 
17.241240434773 0.025740691783 
17.253103345922 0.025738048271 
17.264967304308 0.025735393428 
17.276832822815 0.025732727125 
17.288698358397 0.025730049699 
17.300565256883 0.025727360834 
17.312434448977 0.025724660300 
17.324303856440 0.025721948567 
17.336174395051 0.025719225419 
17.348044958883 0.025716491108 
17.359916070222 0.025713745513 
17.371788733992 0.025710988395 
17.383662015176 0.025708219975 
17.395536253176 0.025705440174 
17.407412558171 0.025702648731 
17.419289982421 0.025699845875 
17.431168804817 0.025697031546 
17.443050045462 0.025694205506 
17.454932796514 0.025691367979 
17.466817387572 0.025688518898 
17.478704959554 0.025685657993 
17.490594630017 0.025682785490 
17.502486750552 0.025679901316 
17.514382572626 0.025677005175 
17.526281142518 0.025674097312 
17.538182788591 0.025671177663 
17.550088652745 0.025668245955 
17.561997677295 0.025665302466 
17.573910379034 0.025662347085 
17.585827996586 0.025659379513 
17.597749432673 0.025656400041 
17.609675320496 0.025653408528 
17.621606961255 0.025650404655 
17.633543030880 0.025647388777 
17.645484224920 0.025644360735 
17.657431779617 0.025641320225 
17.669384195698 0.025638267650 
17.681342561505 0.025635202751 
17.693307468330 0.025632125388 
17.705274456814 0.025629036751 
17.717243606796 0.025625936854 
17.729214967557 0.025622825720 
17.741188370872 0.025619703422 
17.753163930063 0.025616569965 
17.765141734944 0.025613425356 
17.777121589380 0.025610269678 
17.789103614676 0.025607102932 
17.801087917316 0.025603925121 
17.813074257143 0.025600736340 
17.825062847905 0.025597536563 
17.837053640776 0.025594325834 
17.849046612046 0.025591104190 
17.861041694461 0.025587871680 
17.873039005173 0.025584628299 
17.885038611209 0.025581374060 
17.897038324701 0.025578109595 
17.909037615988 0.025574835089 
17.921036461692 0.025571550585 
17.933035069732 0.025568256059 
17.945033074790 0.025564951646 
17.957030571015 0.025561637354 
17.969027600311 0.025558313205 
17.981024340702 0.025554979180 
17.993020836193 0.025551635299 
18.005017269201 0.025548281540 
18.017013718695 0.025544917911 
18.029010344898 0.025541544395 
18.041007289992 0.025538160980 
18.053004657778 0.025534767664 
18.065002689748 0.025531364403 
18.077001385656 0.025527951221 
18.089000986808 0.025524528073 
18.101001627379 0.025521094941 
18.113002638780 0.025517652042 
18.125003258234 0.025514199621 
18.137003437181 0.025510737719 
18.149003388511 0.025507266295 
18.161003075348 0.025503785380 
18.173002512760 0.025500294990 
18.185001552424 0.025496795189 
18.197000177613 0.025493286001 
18.208998608169 0.025489767379 
18.220996794527 0.025486239356 
18.232994974162 0.025482701880 
18.244993116122 0.025479154975 
18.256991427361 0.025475598598 
18.268989987462 0.025472032740 
18.280988905400 0.025468457384 
18.292988403103 0.025464872479 
18.304988442001 0.025461278049 
18.316989262374 0.025457674037 
18.328990953777 0.025454060427 
18.340993389432 0.025450437270 
18.352995286283 0.025446804972 
18.364996718932 0.025443163528 
18.376997696218 0.025439512947 
18.388998385536 0.025435853188 
18.400998707893 0.025432184285 
18.412998896472 0.025428506175 
18.424998835117 0.025424818901 
18.436998245879 0.025421122556 
18.448997292748 0.025417417096 
18.460995843574 0.025413702568 
18.472994095148 0.025409978917 
18.484992102858 0.025406246128 
18.496989898617 0.025402504197 
18.508987742057 0.025398753046 
18.520985440504 0.025394992741 
18.532983243945 0.025391223207 
18.544981253294 0.025387444416 
18.556979481050 0.025383656372 
18.568978159769 0.025379859003 
18.580977246805 0.025376052331 
18.592976895138 0.025372236312 
18.604976084080 0.025368411282 
18.616974120346 0.025364577479 
18.628971076060 0.025360734890 
18.640967090274 0.025356883481 
18.652962003556 0.025353023314 
18.664956022896 0.025349154329 
18.676949047808 0.025345276567 
18.688941174422 0.025341390005 
18.700932612581 0.025337494580 
18.712923088916 0.025333590390 
18.724912242709 0.025329677562 
18.736900294714 0.025325756030 
18.748887101873 0.025321825850 
18.760872798059 0.025317886986 
18.772857639073 0.025313939362 
18.784841337623 0.025309983081 
18.796824174588 0.025306018061 
18.808806282280 0.025302044268 
18.820787568614 0.025298061744 
18.832768282644 0.025294070418 
18.844748472451 0.025290070287 
18.856728173712 0.025286061353 
18.868707647110 0.025282043543 
18.880686775837 0.025278016909 
18.892663210173 0.025273982274 
18.904637174272 0.025269939584 
18.916608465583 0.025265888932 
18.928577192313 0.025261830299 
18.940543675363 0.025257763593 
18.952507460305 0.025253688989 
18.964468871373 0.025249606393 
18.976428098694 0.025245515755 
18.988384911585 0.025241417171 
19.000339569457 0.025237310567 
19.012291493734 0.025233196161 
19.024240749697 0.025229073948 
19.036187294856 0.025224943962 
19.048131409153 0.025220806120 
19.060073092850 0.025216660439 
19.072012419070 0.025212506910 
19.083949711836 0.025208345432 
19.095884935992 0.025204176034 
19.107818232715 0.025199998678 
19.119749950222 0.025195813252 
19.131680086650 0.025191619768 
19.143608802396 0.025187418179 
19.155535268104 0.025183208792 
19.167457267661 0.025178992415 
19.179374368074 0.025174769228 
19.191286962602 0.025170539105 
19.203195304115 0.025166301970 
19.215099142101 0.025162057929 
19.226998877663 0.025157806852 
19.238894727574 0.025153548673 
19.250786582915 0.025149283445 
19.262674866751 0.025145011027 
19.274558860614 0.025140731694 
19.286438922513 0.025136445329 
19.298314712896 0.025132152064 
19.310186776979 0.025127851709 
19.322055596251 0.025123544089 
19.333920895225 0.025119229308 
19.345783270764 0.025114907144 
19.357643267823 0.025110577392 
19.369500640323 0.025106240135 
19.381356042060 0.025101895126 
19.393208612296 0.025097542676 
19.405054943335 0.025093184062 
19.416894728790 0.025088819409 
19.428728452456 0.025084448547 
19.440556829628 0.025080071213 
19.452379417325 0.025075687579 
19.464196921631 0.025071297387 
19.476010155926 0.025066900337 
19.487818634119 0.025062496618 
19.499622029067 0.025058086360 
19.511420526521 0.025053669503 
19.523214856789 0.025049245771 
19.535005220380 0.025044815088 
19.546792088682 0.025040377269 
19.558576232182 0.025035932012 
19.570357975092 0.025031479182 
19.582137794873 0.025027018582 
19.593916450155 0.025022549904 
19.605688016287 0.025018075423 
19.617452744556 0.025013595054 
19.629210977737 0.025009108667 
19.640963096588 0.025004616112 
19.652709986269 0.025000117041 
19.664451945908 0.024995611333 
19.676189550929 0.024991098761 
19.687922076031 0.024986579606 
19.699650005617 0.024982053680 
19.711374449508 0.024977520546 
19.723095249872 0.024972980261 
19.734813475277 0.024968432401 
19.746530088037 0.024963876576 
19.758245571626 0.024959312581 
19.769960448007 0.024954740197 
19.781671555563 0.024950160667 
19.793375286546 0.024945575433 
19.805072812832 0.024940984039 
19.816765226884 0.024936386047 
19.828452350367 0.024931781522 
19.840135384275 0.024927169977 
19.851814204167 0.024922551454 
19.863488686634 0.024917926001 
19.875160006736 0.024913293140 
19.886828124677 0.024908652880 
19.898494079004 0.024904004795 
19.910158654658 0.024899348555 
19.921822620981 0.024894683832 
19.933486600483 0.024890010354 
19.945149976231 0.024885328352 
19.956806699729 0.024880640287 
19.968457380730 0.024875945920 
19.980102917490 0.024871244878 
19.991744285889 0.024866536746 
20.003381695086 0.024861821427 
20.015014819303 0.024857099047 
20.026643630275 0.024852369614 
20.038268539329 0.024847632958 
20.049890184540 0.024842888814 
20.061509008253 0.024838136996 
20.073125213532 0.024833377414 
20.084738983895 0.024828609983 
20.096350478731 0.024823834624 
20.107959861722 0.024819051254 
20.119567439264 0.024814259725 
20.131171781545 0.024809460623 
20.142770002653 0.024804655155 
20.154362537823 0.024799843146 
20.165949841728 0.024795024403 
20.177531934213 0.024790198919 
20.189108260300 0.024785366931 
20.200679302027 0.024780528240 
20.212244694268 0.024775682999 
20.223804998070 0.024770830968 
20.235360856350 0.024765971863 
20.246912859709 0.024761105416 
20.258462217653 0.024756231091 
20.270008540866 0.024751349036 
20.281552640511 0.024746458891 
20.293095591814 0.024741560183 
20.304632149891 0.024736655177 
20.316162204516 0.024731743949 
20.327686364163 0.024726826252 
20.339204459739 0.024721902173 
20.350716085951 0.024716971893 
20.362221719784 0.024712035208 
20.373722480486 0.024707091624 
20.385220131502 0.024702140355 
20.396714115308 0.024697181633 
20.408205698675 0.024692214895 
20.419696446885 0.024687239447 
20.431187534486 0.024682254768 
20.442672286621 0.024677263814 
20.454151056360 0.024672266468 
20.465622478221 0.024667263363 
20.477088312380 0.024662253741 
20.488547631729 0.024657238024 
20.500001524464 0.024652215744 
20.511452243136 0.024647185907 
20.522898244103 0.024642149213 
20.534341714215 0.024637104712 
20.545785506313 0.024632051145 
20.557227400924 0.024626989534 
20.568669442821 0.024621918999 
20.580104790729 0.024616842666 
20.591531845164 0.024611761334 
20.602952719603 0.024606674103 
20.614368388056 0.024601580573 
20.625778438161 0.024596480966 
20.637183124434 0.024591375211 
20.648583112778 0.024586263049 
20.659981700984 0.024581143022 
20.671376680554 0.024576016186 
20.682770719680 0.024570881385 
20.694165596936 0.024565737860 
20.705558515142 0.024560586961 
20.716942672219 0.024555431915 
20.728321475649 0.024550271270 
20.739692175553 0.024545106390 
20.751057873607 0.024539935946 
20.762418039247 0.024534760280 
20.773774873606 0.024529578472 
20.785125495982 0.024524391962 
20.796473370227 0.024519199256 
20.807818571854 0.024514000420 
20.819161952345 0.024508795160 
20.830505918452 0.024503582454 
20.841848911159 0.024498363127 
20.853183498304 0.024493140781 
20.864510950197 0.024487914967 
20.875831405590 0.024482685745 
20.887145766745 0.024477452812 
20.898456396231 0.024472215171 
20.909762149956 0.024466973478 
20.921061583370 0.024461728544 
20.932357955576 0.024456478964 
20.943650015845 0.024451225456 
20.954940273126 0.024445966970 
20.966228869316 0.024440703573 
20.977516901228 0.024435434887 
20.988804527846 0.024430160986 
21.000084519523 0.024424885476 
21.011356794455 0.024419608593 
21.022623078528 0.024414329691 
21.033884390596 0.024409048440 
21.045141548690 0.024403764594 
21.056392033745 0.024398479496 
21.067641135492 0.024393190747 
21.078883225307 0.024387901153 
21.090125777219 0.024382607256 
21.101364238665 0.024377311336 
21.112605388513 0.024372010266 
21.123846186939 0.024366705616 
21.135088753053 0.024361396516 
21.146321789343 0.024356088567 
21.157551197270 0.024350779142 
21.168773602755 0.024345470046 
21.179994932767 0.024340158610 
21.191207835438 0.024334848551 
21.202419643788 0.024329536522 
21.213625475728 0.024324225033 
21.224833612864 0.024318910250 
21.236038621176 0.024313594930 
21.247250058652 0.024308274607 
21.258461468923 0.024302952528 
21.269684362736 0.024297623283 
21.280898615280 0.024292296755 
21.292112158746 0.024286969334 
21.303317367049 0.024281644894 
21.314522795777 0.024276319496 
21.325724083755 0.024270995424 
21.336921370065 0.024265672819 
21.348118107303 0.024260350212 
21.359313384592 0.024255028243 
21.370511774874 0.024249704909 
21.381711759649 0.024244381154 
21.392918825238 0.024239054543 
21.404131117769 0.024233726191 
21.415354738684 0.024228393373 
21.426577551050 0.024223062199 
21.437797938183 0.024217733730 
21.449015184897 0.024212408561 
21.460234752527 0.024207084268 
21.471452040069 0.024201763275 
21.482672354325 0.024196443217 
21.493887030968 0.024191128468 
21.505105808904 0.024185814522 
21.516323275479 0.024180504153 
21.527545935070 0.024175194401 
21.538771726873 0.024169886423 
21.550004018287 0.024164578774 
21.561244451064 0.024159270833 
21.572493063652 0.024153962761 
21.583755170945 0.024148652178 
21.595023589839 0.024143342716 
21.606288006351 0.024138039549 
21.617553044766 0.024132740665 
21.628819227736 0.024127445965 
21.640085065321 0.024122156307 
21.651357224383 0.024116868621 
21.662623076062 0.024111589071 
21.673892173006 0.024106313226 
21.685156842761 0.024101044847 
21.696422932008 0.024095781257 
21.707689792274 0.024090522849 
21.718956620781 0.024085270103 
21.730230015977 0.024080019969 
21.741502504162 0.024074776089 
21.752784937532 0.024069533407 
21.764067395707 0.024064296709 
21.775359238315 0.024059061659 
21.786659813064 0.024053828627 
21.797970730333 0.024048596924 
21.809294094511 0.024043365625 
21.820619130825 0.024038139900 
21.831934208610 0.024032925364 
21.843250421944 0.024027716897 
21.854557114833 0.024022519570 
21.865861735040 0.024017329969 
21.877161076307 0.024012149658 
21.888449301848 0.024006981460 
21.899738573219 0.024001819760 
21.911013710927 0.023996671711 
21.922287116738 0.023991531611 
21.933554159920 0.023986401647 
21.944819119337 0.023981279868 
21.956087099031 0.023976163912 
21.967354053610 0.023971055662 
21.978633559596 0.023965948823 
21.989913217924 0.023960849124 
22.001206883829 0.023955750177 
22.012511056598 0.023950653576 
22.023832838035 0.023945556056 
22.035160640748 0.023940462980 
22.046479727027 0.023935381235 
22.057786796537 0.023930312444 
22.069092955909 0.023925251538 
22.080385369085 0.023920204400 
22.091671915277 0.023915167452 
22.102944915091 0.023910144199 
22.114209377786 0.023905132361 
22.125468832997 0.023900130295 
22.136720599968 0.023895139195 
22.147975688712 0.023890154026 
22.159225183948 0.023885178801 
22.170484584831 0.023880206479 
22.181740985851 0.023875242873 
22.193010636243 0.023870280640 
22.204285700119 0.023865323281 
22.215578210184 0.023860365366 
22.226883999886 0.023855408740 
22.238211524623 0.023850449595 
22.249560294057 0.023845488127 
22.260910280705 0.023840533377 
22.272244804328 0.023835592958 
22.283577354003 0.023830660905 
22.294901532959 0.023825740053 
22.306221830606 0.023820828400 
22.317538924457 0.023815925632 
22.328844980819 0.023811035264 
22.340154443005 0.023806150908 
22.351453462625 0.023801278732 
22.362760686124 0.023796410528 
22.374060289539 0.023791553320 
22.385371176615 0.023786698949 
22.396680811797 0.023781852852 
22.408005256378 0.023777007959 
22.419334866255 0.023772168474 
22.430682949105 0.023767328544 
22.442043399762 0.023762490800 
22.453425823964 0.023757651019 
22.464829173555 0.023752809627 
22.476257705507 0.023747964773 
22.487717863208 0.023743113654 
22.499196818351 0.023738261927 
22.510679274634 0.023733416424 
22.522155617453 0.023728581519 
22.533640587970 0.023723750917 
22.545117421402 0.023718931912 
22.556594343830 0.023714121015 
22.568065348152 0.023709320823 
22.579537238550 0.023704528408 
22.591007132984 0.023699744985 
22.602479285932 0.023694968714 
22.613953413697 0.023690199700 
22.625431609229 0.023685437038 
22.636916203927 0.023680679723 
22.648407121326 0.023675927777 
22.659909637113 0.023671178937 
22.671421345498 0.023666434199 
22.682950988687 0.023661689816 
22.694492771264 0.023656948213 
22.706060725767 0.023652203420 
22.717643771203 0.023647460114 
22.729261903858 0.023642709872 
22.740900875588 0.023637958731 
22.752579983787 0.023633198639 
22.764292285147 0.023628432540 
22.776030875704 0.023623663462 
22.787775230794 0.023618900204 
22.799530914962 0.023614140601 
22.811291746282 0.023609387299 
22.823050056291 0.023604643581 
22.834803211335 0.023599910620 
22.846554230453 0.023595187187 
22.858299908238 0.023590474621 
22.870046257381 0.023585770436 
22.881788147238 0.023581076756 
22.893534884766 0.023576389740 
22.905279214347 0.023571712379 
22.917033295052 0.023567039676 
22.928781261743 0.023562378163 
22.940530037776 0.023557725059 
22.952289007606 0.023553076484 
22.964026957249 0.023548445238 
22.975748046556 0.023543829744 
22.987458419206 0.023539227466 
22.999154444365 0.023534639803 
23.010847071536 0.023530062226 
23.022527894017 0.023525498041 
23.034216949880 0.023520939040 
23.045906919414 0.023516388018 
23.057608279081 0.023511840652 
23.069321995477 0.023507296422 
23.081016378784 0.023502768057 
23.092693475444 0.023498254819 
23.104353577428 0.023493756517 
23.115997582052 0.023489272656 
23.127626627413 0.023484802615 
23.139240625316 0.023480346243 
23.150841267609 0.023475902680 
23.162427718986 0.023471472070 
23.173985605760 0.023467059979 
23.185513161419 0.023462667025 
23.197008903923 0.023458293653 
23.208474846280 0.023453938878 
23.219908216465 0.023449603571 
23.231310419765 0.023445286968 
23.242677917928 0.023440990244 
23.254014695054 0.023436711623 
23.265317443220 0.023432452146 
23.276589922883 0.023428210082 
23.287829167922 0.023423986296 
23.299038560358 0.023419779193 
23.310215642477 0.023415589444 
23.321363298999 0.023411415666 
23.332479650994 0.023407258330 
23.343566971675 0.023403116309 
23.354624071551 0.023398989812 
23.365652494210 0.023394877992 
23.376647845787 0.023390782288 
23.387603873671 0.023386704887 
23.398526396042 0.023382643311 
23.409410290924 0.023378599272 
23.420261705873 0.023374570178 
23.431075291159 0.023370557853 
23.441857651707 0.023366559558 
23.452603123671 0.023362577248 
23.463318633872 0.023358608070 
23.473998354178 0.023354654059 
23.484649448596 0.023350712310 
23.495265898808 0.023346784964 
23.505855023220 0.023342869084 
23.516410714858 0.023338966855 
23.526940259620 0.023335075376 
23.537437590805 0.023331196842 
23.547909887301 0.023327328421 
23.558351000204 0.023323472346 
23.568767712727 0.023319625922 
23.579154676161 0.023315791059 
23.589517536914 0.023311965493 
23.599852159440 0.023308150690 
23.610162616117 0.023304345003 
23.620446410139 0.023300549273 
23.630705552156 0.023296762629 
23.640939718359 0.023292985080 
23.651148320436 0.023289216760 
23.661333772485 0.023285456670 
23.671492305513 0.023281706183 
23.681629732517 0.023277963024 
23.691738473541 0.023274230025 
23.701828413550 0.023270503373 
23.711887519753 0.023266787620 
23.721928651810 0.023263077856 
23.731938317608 0.023259379200 
23.741928849463 0.023255686950 
23.751888114448 0.023252005702 
23.761826393673 0.023248331528 
23.771735490558 0.023244667520 
23.781622006768 0.023241011152 
23.791481762450 0.023237363990 
23.801317506796 0.023233724963 
23.811129177701 0.023230094049 
23.820915657035 0.023226471636 
23.830680982131 0.023222856132 
23.840420293484 0.023219249349 
23.850141478737 0.023215648230 
23.859836267802 0.023212055884 
23.869515998610 0.023208467934 
23.879169493547 0.023204888598 
23.888810889457 0.023201312435 
23.898426821794 0.023197744514 
23.908033433357 0.023194178639 
23.917616037272 0.023190620394 
23.927191781021 0.023187063202 
23.936745700593 0.023183512756 
23.946294852570 0.023179962513 
23.955825150773 0.023176417834 
23.965352298212 0.023172872693 
23.974864347346 0.023169331636 
23.984374374943 0.023165789632 
23.993873857811 0.023162249910 
24.003371895554 0.023158708952 
24.012864685236 0.023155168168 
24.022356082108 0.023151626041 
24.031848256845 0.023148081677 
24.041338536367 0.023144536057 
24.050836242402 0.023140985525 
24.060331058621 0.023137433996 
24.069840509963 0.023133874647 
24.079345582110 0.023130314748 
24.088872918394 0.023126743957 
24.098393912206 0.023123173249 
24.107942087884 0.023119589615 
24.117481443981 0.023116006901 
24.127052839193 0.023112409242 
24.136615923525 0.023108812176 
24.146211974192 0.023105199683 
24.155804076426 0.023101586004 
24.165426796532 0.023097957718 
24.175053013454 0.023094325281 
24.184707220207 0.023090679147 
24.194372487705 0.023087025820 
24.204062851168 0.023083359810 
24.213771796552 0.023079683602 
24.223502768984 0.023075995850 
24.233259741574 0.023072294970 
24.243035516179 0.023068583765 
24.252844427246 0.023064856586 
24.262668849837 0.023061120304 
24.272533248970 0.023057365290 
24.282408721366 0.023053602864 
24.292327805764 0.023049820239 
24.302255341695 0.023046031201 
24.312228535310 0.023042221086 
24.322211011189 0.023038404137 
24.332236316892 0.023034567104 
24.342276143883 0.023030721065 
24.352355761027 0.023026856010 
24.362455034008 0.023022979812 
24.372591056689 0.023019085664 
24.382751420170 0.023015178380 
24.392945562411 0.023011254160 
24.403168353449 0.023007314957 
24.413422006586 0.023003359857 
24.423708132584 0.022999388180 
24.434022311211 0.022995401683 
24.444372419265 0.022991397222 
24.454747850308 0.022987379049 
24.465162216406 0.022983341747 
24.475599287361 0.022979291838 
24.486077519670 0.022975221971 
24.496574505176 0.022971141158 
24.507113573300 0.022967040073 
24.517670332013 0.022962928500 
24.528267812610 0.022958797183 
24.538868637785 0.022954661188 
24.549452899624 0.022950528839 
24.560042801169 0.022946391304 
24.570613977271 0.022942258436 
24.581197137875 0.022938117832 
24.591761482913 0.022933981900 
24.602339389755 0.022929837566 
24.612901885612 0.022925696524 
24.623476624406 0.022921547620 
24.634041916632 0.022917399631 
24.644619015639 0.022913243979 
24.655193317675 0.022909086579 
24.665779166119 0.022904921636 
24.676368434535 0.022900752446 
24.686969448786 0.022896575649 
24.697579525407 0.022892392336 
24.708201851505 0.022888201237 
24.718838304755 0.022884001602 
24.729488071191 0.022879793794 
24.740156501053 0.022875575654 
24.750839527286 0.022871348873 
24.761545255320 0.022867110161 
24.772267282015 0.022862862164 
24.783015566100 0.022858600830 
24.793782000549 0.022854329506 
24.804577817758 0.022850043611 
24.815394033478 0.022845746842 
24.826242251615 0.022841434444 
24.837113251738 0.022837110206 
24.848018415063 0.022832769462 
24.858949054810 0.022828415789 
24.869915562138 0.022824044911 
24.880910293427 0.022819659955 
24.891942186593 0.022815257213 
24.903005224730 0.022810839129 
24.914106321869 0.022806402827 
24.925241430082 0.022801949936 
24.936415139141 0.022797478513 
24.947625791056 0.022792989168 
24.958875252402 0.022788481060 
24.970144390515 0.022783962155 
24.981428269606 0.022779434639 
24.992726696589 0.022774898651 
25.004040609986 0.022770353779 
25.015368018612 0.022765800805 
25.026711721281 0.022761238504 
25.038067827177 0.022756668442 
25.049440763912 0.022752088720 
25.060824858065 0.022747501646 
25.072189681859 0.022742920046 
25.083532014654 0.022738345479 
25.094854659215 0.022733776816 
25.106154554998 0.022729215293 
25.117435115902 0.022724659402 
25.128692850975 0.022720110502 
25.139931804026 0.022715566789 
25.151148080245 0.022711029767 
25.162346252543 0.022706497391 
25.173522268381 0.022701971218 
25.184681050108 0.022697449036 
25.195818466738 0.022692932423 
25.206939786852 0.022688419008 
25.218040805237 0.022683910390 
25.229127048595 0.022679404079 
25.240194303860 0.022674901672 
25.251248302400 0.022670400580 
25.262284820933 0.022665902401 
25.273309557556 0.022661404552 
25.284318696870 0.022656908462 
25.295317459643 0.022652411755 
25.306302843269 0.022647915529 
25.317279212906 0.022643417775 
25.328244653593 0.022638919134 
25.339202398464 0.022634418074 
25.350151832290 0.022629914692 
25.361094813736 0.022625408053 
25.372032226515 0.022620897639 
25.382964361007 0.022616383196 
25.393893720049 0.022611863519 
25.404818915946 0.022607339077 
25.415744132771 0.022602807947 
25.426666254810 0.022598271354 
25.437591127563 0.022593726670 
25.448513942643 0.022589175863 
25.459441856054 0.022584615750 
25.470368996673 0.022580048778 
25.481302835979 0.022575471645 
25.492237778201 0.022570886711 
25.503180657882 0.022566290957 
25.514126530705 0.022561686471 
25.525081297323 0.022557070630 
25.536041080649 0.022552445062 
25.547010947341 0.022547807499 
25.557987565462 0.022543159342 
25.568975536345 0.022538498524 
25.579971688424 0.022533826385 
25.590980558673 0.022529140875 
25.601998699623 0.022524443455 
25.613031040177 0.022519731884 
25.624073256226 0.022515008022 
25.635131027168 0.022510269306 
25.646198896065 0.022505518134 
25.657283409050 0.022500751577 
25.668378547570 0.022495972296 
25.679490102275 0.022491177697 
25.690613798224 0.022486369661 
25.701753080031 0.022481546632 
25.712906601577 0.022476709192 
25.724074512630 0.022471857284 
25.735259010390 0.022466989930 
25.746455585779 0.022462109224 
25.757667845339 0.022457213613 
25.768892823168 0.022452304514 
25.780131302421 0.022447381658 
25.791384889191 0.022442444370 
25.802648712289 0.022437494940 
25.813925263122 0.022432532312 
25.825213406654 0.022427557069 
25.836511491558 0.022422570060 
25.847821458393 0.022417570490 
25.859138848134 0.022412560521 
25.870465156623 0.022407539599 
25.881801077004 0.022402507520 
25.893142629526 0.022397466265 
25.904492810832 0.022392414611 
25.915847191666 0.022387354765 
25.927207408418 0.022382286156 
25.938573705838 0.022377208836 
25.949942862030 0.022372124497 
25.961318767272 0.022367031502 
25.972694230008 0.022361933359 
25.984073829800 0.022356828087 
25.995454265413 0.022351717323 
26.006835994885 0.022346600965 
26.018220386898 0.022341478454 
26.029602992958 0.022336351973 
26.040988861460 0.022331219265 
26.052369404478 0.022326084490 
26.063750911560 0.022320944853 
26.075128128407 0.022315802951 
26.086503297770 0.022310657898 
26.097876159894 0.022305509962 
26.109243686705 0.022300360748 
26.120611041574 0.022295207962 
26.131968540236 0.022290056312 
26.143324256265 0.022284902115 
26.154669973652 0.022279749338 
26.166010574882 0.022274595786 
26.177343961712 0.022269442505 
26.188668551494 0.022264290316 
26.199989461783 0.022259136803 
26.211296275635 0.022253986924 
26.222598084360 0.022248836386 
26.233885696601 0.022243689534 
26.245164553577 0.022238543822 
26.256433415684 0.022233399840 
26.267689497206 0.022228258987 
26.278939532279 0.022223118128 
26.290171208607 0.022217983232 
26.301393930704 0.022212849959 
26.312601688258 0.022207721241 
26.323796530279 0.022202596222 
26.334982442076 0.022197473059 
26.346149986272 0.022192356346 
26.357308318414 0.022187241787 
26.368448350436 0.022182133731 
26.379575406756 0.022177029669 
26.390690794327 0.022171928927 
26.401788936878 0.022166834177 
26.412877933617 0.022161741559 
26.423946685059 0.022156656423 
26.435002835728 0.022151575199 
26.446045733039 0.022146498196 
26.457072393183 0.022141426875 
26.468090465356 0.022136357573 
26.479087983138 0.022131296050 
26.490074118165 0.022126237995 
26.501045953243 0.022121184810 
26.512003147063 0.022116136712 
26.522952739921 0.022111090321 
26.533882914664 0.022106051333 
26.544803509207 0.022101015090 
26.555709358514 0.022095984055 
26.566602740390 0.022090957165 
26.577488816928 0.022085931898 
26.588358416415 0.022080912649 
26.599222326049 0.022075894220 
26.610069929339 0.022070881670 
26.620909333140 0.022065871119 
26.631739710580 0.022060862911 
26.642559163212 0.022055857951 
26.653376675266 0.022050851862 
26.664179110022 0.022045850939 
26.674979507315 0.022040848899 
26.685768077965 0.022035850393 
26.696552259996 0.022030851845 
26.707332282381 0.022025853095 
26.718105239428 0.022020855549 
26.728881521540 0.022015854169 
26.739646577328 0.022010855973 
26.750415594400 0.022005853650 
26.761176184112 0.022000853140 
26.771938368802 0.021995849630 
26.782700096681 0.021990844078 
26.793460740591 0.021985836827 
26.804229788548 0.021980823294 
26.814993727113 0.021975810071 
26.825769470959 0.021970789028 
26.836539454919 0.021965768694 
26.847318868368 0.021960741788 
26.858101469918 0.021955711302 
26.868890768674 0.021950675577 
26.879693183590 0.021945631485 
26.890499239990 0.021940583679 
26.901324860605 0.021935524491 
26.912150455667 0.021930463532 
26.922994417766 0.021925392019 
26.933847293455 0.021920314590 
26.944715666210 0.021915228166 
26.955604553794 0.021910130345 
26.966505616305 0.021905025293 
26.977435057141 0.021899905210 
26.988372182528 0.021894780299 
26.999335921792 0.021889641514 
27.010317630549 0.021884493120 
27.021322360009 0.021879332789 
27.032357698989 0.021874156867 
27.043410647864 0.021868971828 
27.054498892989 0.021863769189 
27.065603455369 0.021858558360 
27.076738984077 0.021853332416 
27.087902959737 0.021848092691 
27.099092895914 0.021842840589 
27.110321760514 0.021837569912 
27.121568480004 0.021832291149 
27.132850174074 0.021826996200 
27.144157773177 0.021821689628 
27.155494372115 0.021816370144 
27.166868310563 0.021811033793 
27.178262345101 0.021805689185 
27.189691770062 0.021800329069 
27.201143353626 0.021794960038 
27.212623647386 0.021789579104 
27.224136409907 0.021784184520 
27.235670296857 0.021778781972 
27.247238124601 0.021773365352 
27.258822858951 0.021767943086 
27.270434733645 0.021762510368 
27.282072914759 0.021757067662 
27.293731318312 0.021751618062 
27.305422617753 0.021746155491 
27.317126018141 0.021740690183 
27.328856120333 0.021735215201 
27.340605599923 0.021729734129 
27.352375680596 0.021724246460 
27.364174403710 0.021718748295 
27.375987154217 0.021713246769 
27.387829011803 0.021707734616 
27.399667496081 0.021702227674 
27.411486991451 0.021696733879 
27.423284776370 0.021691254790 
27.435062899102 0.021685789449 
27.446820449410 0.021680338217 
27.458555776096 0.021674901791 
27.470271445094 0.021669478805 
27.481964942457 0.021664070329 
27.493638529837 0.021658675123 
27.505289983904 0.021653294092 
27.516921331068 0.021647926100 
27.528525455191 0.021642574437 
27.540111155966 0.021637234741 
27.551666626859 0.021631912540 
27.563201484472 0.021626603111 
27.574710904644 0.021621308580 
27.586198636634 0.021616027005 
27.597666578817 0.021610757293 
27.609112081952 0.021605500562 
27.620542969794 0.021600252915 
27.631950897071 0.021595018197 
27.643347893282 0.021589790530 
27.654721889515 0.021584575525 
27.666085253587 0.021579367169 
27.677427789268 0.021574170174 
27.688757849617 0.021568980458 
27.700070932243 0.021563800032 
27.711370254139 0.021558627275 
27.722653915937 0.021553462999 
27.733924328492 0.021548305983 
27.745179872208 0.021543156924 
27.756422789346 0.021538014685 
27.767651432527 0.021532879959 
27.778868191550 0.021527751515 
27.790071472141 0.021522630006 
27.801263748920 0.021517514154 
27.812443793148 0.021512404441 
27.823613862154 0.021507299697 
27.834773478308 0.021502200050 
27.845924283791 0.021497104630 
27.857066852182 0.021492013083 
27.868201912668 0.021486924998 
27.879331210158 0.021481839489 
27.890454406286 0.021476756667 
27.901574295727 0.021471675162 
27.912689533195 0.021466595572 
27.923803567672 0.021461516230 
27.934914311789 0.021456438107 
27.946025392909 0.021451359464 
27.957134328325 0.021446281464 
27.968244593833 0.021441202457 
27.979353519140 0.021436123729 
27.990464549922 0.021431043685 
28.001574660826 0.021425963817 
28.012687880224 0.021420882273 
28.023800198966 0.021415801026 
28.034917367912 0.021410717411 
28.046033309303 0.021405634382 
28.057156911007 0.021400547764 
28.068278665114 0.021395462118 
28.079412170271 0.021390371022 
28.090543006050 0.021385281379 
28.101689559182 0.021380184532 
28.112831961997 0.021375090017 
28.123992715448 0.021369987294 
28.135151367370 0.021364886195 
28.146327607913 0.021359777550 
28.157508682525 0.021354667514 
28.168706568172 0.021349550551 
28.179917168072 0.021344428690 
28.191143838726 0.021339300466 
28.202391796804 0.021334163476 
28.213655121696 0.021329020638 
28.224948744649 0.021323864940 
28.236255729973 0.021318704506 
28.247597054177 0.021313529483 
28.258954041943 0.021308348771 
28.270344914873 0.021303153823 
28.281760485078 0.021297948987 
28.293209426195 0.021292730191 
28.304692056585 0.021287497252 
28.316207471997 0.021282250595 
28.327765301270 0.021276985609 
28.339354850144 0.021271707328 
28.350991714139 0.021266408330 
28.362642702934 0.021261104386 
28.374294914366 0.021255801930 
28.385944771427 0.021250502860 
28.397597457422 0.021245204747 
28.409253114953 0.021239907449 
28.420905495232 0.021234613900 
28.432555729043 0.021229323579 
28.444202498664 0.021224037095 
28.455848243163 0.021218753259 
28.467492502142 0.021213472231 
28.479137221196 0.021208193040 
28.490782766673 0.021202915468 
28.502429227254 0.021197639457 
28.514079935273 0.021192363423 
28.525731736617 0.021187088853 
28.537390215501 0.021181813121 
28.549050803853 0.021176538371 
28.560716509292 0.021171263207 
28.572384415300 0.021165989020 
28.584060404998 0.021160713066 
28.595737595412 0.021155438641 
28.607426472516 0.021150160879 
28.619115112909 0.021144885449 
28.630817979148 0.021139605602 
28.642519695651 0.021134328600 
28.654234440943 0.021129047884 
28.665948616038 0.021123769919 
28.677673649307 0.021118489476 
28.689400666041 0.021113210809 
28.701136220648 0.021107930959 
28.712875982867 0.021102652001 
28.724621924053 0.021097373057 
28.736374075793 0.021092094118 
28.748130026478 0.021086816345 
28.759893960139 0.021081537802 
28.771659426800 0.021076261538 
28.783434437084 0.021070983832 
28.795208971163 0.021065709377 
28.806993172234 0.021060433467 
28.818776547508 0.021055161014 
28.830570362618 0.021049886809 
28.842362799918 0.021044616404 
28.854168321293 0.021039343112 
28.865970714132 0.021034074509 
28.877787083122 0.021028802666 
28.889601264736 0.021023535075 
28.901430222979 0.021018263844 
28.913259261850 0.021012995746 
28.925103840267 0.021007723582 
28.936952351156 0.021002452679 
28.948817133171 0.020997177294 
28.960691564791 0.020991900431 
28.972582636023 0.020986618829 
28.984490945146 0.020981332149 
28.996416813290 0.020976040222 
29.008361865929 0.020970742292 
29.020328387160 0.020965437307 
29.032313252111 0.020960126750 
29.044320819487 0.020954808664 
29.056358273624 0.020949479718 
29.068420049176 0.020944142509 
29.080525801487 0.020938787923 
29.092626815283 0.020933438616 
29.104722037961 0.020928095534 
29.116811579945 0.020922758794 
29.128895496758 0.020917428408 
29.140973682634 0.020912104426 
29.153044699092 0.020906787533 
29.165110416072 0.020901476913 
29.177172007499 0.020896172068 
29.189233711361 0.020890871086 
29.201294391085 0.020885574547 
29.213352877439 0.020880283107 
29.225413837274 0.020874994726 
29.237479966187 0.020869708223 
29.249548103895 0.020864425133 
29.261619090701 0.020859145190 
29.273697734176 0.020853866268 
29.285784526711 0.020848588175 
29.297881225998 0.020843310156 
29.309987579067 0.020838032378 
29.322104524374 0.020832754487 
29.334223649019 0.020827480439 
29.346347494972 0.020822209240 
29.358480576992 0.020816938921 
29.370623026405 0.020811669500 
29.382776062961 0.020806400540 
29.394938704030 0.020801132635 
29.407101565332 0.020795870271 
29.419258369405 0.020790616603 
29.431409396295 0.020785371757 
29.443554691422 0.020780135874 
29.455694376829 0.020774909009 
29.467829448786 0.020769690784 
29.479959819477 0.020764481271 
29.492085677006 0.020759280410 
29.504207130922 0.020754088184 
29.516325192398 0.020748904167 
29.528441095909 0.020743727799 
29.540554682927 0.020738559113 
29.552666297553 0.020733397913 
29.564777976373 0.020728243251 
29.576890801815 0.020723094598 
29.589004379509 0.020717952094 
29.601119497822 0.020712815367 
29.613239155139 0.020707683058 
29.625363525846 0.020702555060 
29.637492646776 0.020697431336 
29.649628445994 0.020692310996 
29.661773320391 0.020687192917 
29.673914667125 0.020682082668 
29.686052663504 0.020676980261 
29.698186804631 0.020671885935 
29.710316787149 0.020666799798 
29.722442738845 0.020661721743 
29.734564580838 0.020656651733 
29.746681786108 0.020651589909 
29.758793849797 0.020646536380 
29.770900779877 0.020641491023 
29.783002419305 0.020636453782 
29.795098007012 0.020631424878 
29.807187002352 0.020626404456 
29.819269232499 0.020621392524 
29.831344635056 0.020616389056 
29.843412151833 0.020611394465 
29.855471377842 0.020606408863 
29.867522045806 0.020601432288 
29.879564246738 0.020596464627 
29.891596805452 0.020591506335 
29.903619539136 0.020586557447 
29.915632318978 0.020581617959 
29.927635285783 0.020576687735 
29.939627515308 0.020571767112 
29.951608946815 0.020566856068 
29.963579911905 0.020561954416 
29.975540341670 0.020557062123 
29.987490014777 0.020552179212 
29.999428755095 0.020547305684 
30.011357655650 0.020542441013 
30.023275290511 0.020537585768 
30.035182341242 0.020532739646 
30.047079371324 0.020527902379 
30.058966848618 0.020523073745 
30.070844876044 0.020518253692 
30.082713626271 0.020513442148 
30.094574500052 0.020508638527 
30.106426349037 0.020503843336 
30.118270195398 0.020499056180 
30.130107118846 0.020494276634 
30.141937836941 0.020489504432 
30.153763018905 0.020484739335 
30.165582365085 0.020479981520 
30.177397586388 0.020475230314 
30.189208468975 0.020470485832 
30.201013651698 0.020465748679 
30.212817310126 0.020461017117 
30.224617615445 0.020456291917 
30.236413379597 0.020451573618 
30.248209110758 0.020446860346 
30.260006189865 0.020442151498 
30.271801545641 0.020437448365 
30.283598795938 0.020432749454 
30.295401632662 0.020428053202 
30.307206310432 0.020423361177 
30.319014844983 0.020418672585 
30.330831621895 0.020413985618 
30.342654385231 0.020409301228 
30.354482912749 0.020404619541 
30.366321943982 0.020399938574 
30.378169935999 0.020395258914 
30.390025647300 0.020390581058 
30.401893332824 0.020385903213 
30.413772062422 0.020381225716 
30.425660276954 0.020376549206 
30.437560788589 0.020371872519 
30.449472311959 0.020367196165 
30.461394149194 0.020362520437 
30.473326534581 0.020357845257 
30.485270239556 0.020353170331 
30.497215352140 0.020348499814 
30.509157588752 0.020343835603 
30.521091879880 0.020339179884 
30.533021010146 0.020334531555 
30.544908123630 0.020329905815 
30.556790535557 0.020325287522 
30.568663249194 0.020320678467 
30.580558563322 0.020316065283 
30.592477908896 0.020311447085 
30.604425535604 0.020306822036 
30.616378261897 0.020302199622 
30.628329291089 0.020297582843 
30.640287938426 0.020292968014 
30.652248714229 0.020288357349 
30.664203910437 0.020283754041 
30.676160772419 0.020279155224 
30.688127221067 0.020274557655 
30.700098788813 0.020269963108 
30.712073651769 0.020265372369 
30.724054864984 0.020260784231 
30.736046386686 0.020256197058 
30.748056726737 0.020251607334 
30.760071289053 0.020247020871 
30.772104723190 0.020242431821 
30.784145334295 0.020237844826 
30.796196371107 0.020233258658 
30.808248153680 0.020228677250 
30.820302057179 0.020224100156 
30.832362355124 0.020219525697 
30.844434537986 0.020214951651 
30.856509887293 0.020210381491 
30.868589758929 0.020205814751 
30.880675666988 0.020201250866 
30.892767972820 0.020196689724 
30.904871954405 0.020192129268 
30.916980499555 0.020187572364 
30.929093137354 0.020183019314 
30.941213247094 0.020178468848 
30.953339795812 0.020173921394 
30.965476473311 0.020169375507 
30.977623944957 0.020164830905 
30.989782424721 0.020160287493 
31.001955156502 0.020155743982 
31.014131297116 0.020151204640 
31.026307975528 0.020146670686 
31.038484984383 0.020142142245 
31.050662467937 0.020137619258 
31.062840786890 0.020133101544 
31.075019808759 0.020128589091 
31.087198817911 0.020124082108 
31.099377596689 0.020119580606 
31.111556255372 0.020115084466 
31.123734910317 0.020110593566 
31.135913582991 0.020106107819 
31.148092324504 0.020101627115 
31.160270421719 0.020097151636 
31.172447626362 0.020092681381 
31.184623873861 0.020088216279 
31.196799179049 0.020083756228 
31.208970598836 0.020079302284 
31.221138540340 0.020074854227 
31.233301802586 0.020070412443 
31.245461130286 0.020065976573 
31.257612649254 0.020061548037 
31.269754227792 0.020057127619 
31.281885926282 0.020052715255 
31.294007740856 0.020048310885 
31.306120394228 0.020043914157 
31.318223695356 0.020039525068 
31.330317895291 0.020035143452 
31.342403499226 0.020030769053 
31.354480905899 0.020026401661 
31.366550279710 0.020022041166 
31.378611722965 0.020017687486 
31.390665909108 0.020013340326 
31.402708524294 0.020009001306 
31.414739864401 0.020004670327 
31.426759679209 0.020000347480 
31.438769634764 0.019996032120 
31.450770470523 0.019991723937 
31.462763688888 0.019987422335 
31.474751074008 0.019983126618 
31.486733942882 0.019978836283 
31.498711224196 0.019974551749 
31.510682328896 0.019970273283 
31.522648752305 0.019966000362 
31.534610781848 0.019961732901 
31.546570914483 0.019957469980 
31.558530030380 0.019953211285 
31.570490797605 0.019948955841 
31.582454722163 0.019944703109 
31.594424558694 0.019940452091 
31.606398181277 0.019936203620 
31.618369801305 0.019931959945 
31.630336823037 0.019927722148 
31.642303433384 0.019923488732 
31.654269378819 0.019919259801 
31.666233224710 0.019915035907 
31.678195138064 0.019910817018 
31.690155979947 0.019906602827 
31.702115419648 0.019902393459 
31.714073433977 0.019898188925 
31.726031029313 0.019893988837 
31.737988812784 0.019889792945 
31.749946361986 0.019885601383 
31.761904766404 0.019881413735 
31.773865365904 0.019877229488 
31.785827373547 0.019873048930 
31.797792063613 0.019868871597 
31.809760803187 0.019864696985 
31.821733263810 0.019860525205 
31.833710347456 0.019856355926 
31.845693434724 0.019852188632 
31.857682684987 0.019848023258 
31.869678185067 0.019843859775 
31.881682130376 0.019839697377 
31.893694121568 0.019835536200 
31.905714833577 0.019831375994 
31.917744962260 0.019827216496 
31.929785227198 0.019823057424 
31.941835409327 0.019818898832 
31.953896569801 0.019814740303 
31.965969736822 0.019810581411 
31.978054721739 0.019806422174 
31.990151910546 0.019802262404 
32.002263059597 0.019798101409 
32.014387764965 0.019793939271 
32.026526814213 0.019789775647 
32.038681479215 0.019785610009 
32.050851388997 0.019781442417 
32.063031752697 0.019777274554 
32.075216587963 0.019773108573 
32.087404457722 0.019768944990 
32.099593027719 0.019764784611 
32.111782403688 0.019760627348 
32.123972631951 0.019756473112 
32.136163458673 0.019752321914 
32.148355012212 0.019748173626 
32.160547513410 0.019744028087 
32.172740637638 0.019739885329 
32.184933522752 0.019735745583 
32.197126473221 0.019731608665 
32.209319377321 0.019727474534 
32.221512585358 0.019723342987 
32.233705937874 0.019719214001 
32.245899823098 0.019715087357 
32.258094275909 0.019710962950 
32.270289248717 0.019706840708 
32.282485120432 0.019702720402 
32.294681849929 0.019698601959 
32.306879668046 0.019694485213 
32.319078653442 0.019690370059 
32.331278954279 0.019686256381 
32.343480366153 0.019682144194 
32.355681263773 0.019678034043 
32.367881637611 0.019673925916 
32.380081591793 0.019669819764 
32.392281156568 0.019665715576 
32.404480340764 0.019661613360 
32.416679264178 0.019657513098 
32.428877954603 0.019653414809 
32.441076482519 0.019649318507 
32.453275009527 0.019645224177 
32.465473555649 0.019641131860 
32.477672222146 0.019637041576 
32.489871181740 0.019632953324 
32.502070477671 0.019628867157 
32.514270227432 0.019624783101 
32.526470622486 0.019620701153 
32.538670315431 0.019616621858 
32.550868999896 0.019612545402 
32.563067031430 0.019608471730 
32.575264900924 0.019604400737 
32.587462534222 0.019600332521 
32.599660373253 0.019596267004 
32.611858713314 0.019592204165 
32.624057171483 0.019588144223 
32.636255622441 0.019584087310 
32.648454529122 0.019580033345 
32.660654381809 0.019575982227 
32.672854109432 0.019571934398 
32.685053504504 0.019567889992 
32.697252849482 0.019563848970 
32.709452083545 0.019559811410 
32.721650578525 0.019555777587 
32.733848767802 0.019551747411 
32.746047104567 0.019547720783 
32.758245856484 0.019543697662 
32.770444782229 0.019539678190 
32.782644248724 0.019535662300 
32.794844616712 0.019531649928 
32.807046265932 0.019527641006 
32.819247379067 0.019523636235 
32.831447461550 0.019519635869 
32.843646947503 0.019515639828 
32.855845763929 0.019511648194 
32.868044277715 0.019507660892 
32.880242464648 0.019503677973 
32.892439159608 0.019499699878 
32.904634490949 0.019495726603 
32.916828844337 0.019491758035 
32.929022684729 0.019487794025 
32.941212865176 0.019483835660 
32.953396689771 0.019479883890 
32.965574746377 0.019475938527 
32.977742531628 0.019472001106 
32.989883001428 0.019468077497 
33.001999055056 0.019464166793 
33.014093367476 0.019460268044 
33.026158312496 0.019456383786 
33.038197531233 0.019452512762 
33.050212679533 0.019448654335 
33.062199002764 0.019444810062 
33.074158610120 0.019440979208 
33.086095134054 0.019437160491 
33.098004880960 0.019433355103 
33.109890259668 0.019429562208 
33.121757803720 0.019425779546 
33.133599679734 0.019422009684 
33.145427245634 0.019418248783 
33.157240000774 0.019414496903 
33.169036267799 0.019410754546 
33.180833383771 0.019407015828 
33.192618941549 0.019403284753 
33.204401500466 0.019399558441 
33.216189712327 0.019395833891 
33.227978434856 0.019392112698 
33.239777120582 0.019388391647 
33.251590802561 0.019384668932 
33.263413947790 0.019380946297 
33.275238759556 0.019377226328 
33.287082980289 0.019373503118 
33.298939349589 0.019369778952 
33.310812277692 0.019366052352 
33.322711865665 0.019362319905 
33.334630270348 0.019358584140 
33.346581624348 0.019354840380 
33.358562924399 0.019351089545 
33.370574638174 0.019347331490 
33.382623342268 0.019343564047 
33.394701621310 0.019339789666 
33.406819636456 0.019336005043 
33.418969791547 0.019332212683 
33.431112628628 0.019328425765 
33.443242919736 0.019324646349 
33.455362955927 0.019320873816 
33.467475176404 0.019317107359 
33.479582775278 0.019313345870 
33.491685703595 0.019309589285 
33.503781584640 0.019305838326 
