     time         enstrophy    
 0.000000000000 0.230768567026 
 0.005000000000 0.340433156370 
 0.013250000000 0.323303399716 
 0.027000000000 0.304450661810 
 0.042125000000 0.292419539329 
 0.058762500000 0.284061753292 
 0.077063750000 0.277757536714 
 0.097195125000 0.272731096394 
 0.119339637500 0.268593652599 
 0.143094929909 0.265199325307 
 0.166893679052 0.262531172844 
 0.190733101562 0.260375835690 
 0.214610009356 0.258597078779 
 0.238521263052 0.257102551109 
 0.262464420400 0.255831512209 
 0.286436953412 0.254737838686 
 0.310436681161 0.253787873027 
 0.334461687405 0.252956089835 
 0.358509992475 0.252222479473 
 0.382580144885 0.251571660080 
 0.406670470799 0.250991188304 
 0.430779730313 0.250471303176 
 0.454906605119 0.250003961646 
 0.479049981915 0.249582696147 
 0.503208923433 0.249202097717 
 0.527382323087 0.248857712056 
 0.551569496128 0.248545759865 
 0.575769440531 0.248263060700 
 0.599981570931 0.248006879947 
 0.624205156186 0.247774870709 
 0.648439564188 0.247564992662 
 0.672684262330 0.247375464654 
 0.696938589187 0.247204722537 
 0.721202189491 0.247051381328 
 0.745474438305 0.246914213781 
 0.769754991060 0.246792121483 
 0.794043376937 0.246684122198 
 0.818339203701 0.246589329872 
 0.842642179225 0.246506945551 
 0.866951816077 0.246436244140 
 0.891267919368 0.246376567175 
 0.915588133218 0.246327316861 
 0.939912108974 0.246287942587 
 0.964239617187 0.246257938318 
 0.988570456620 0.246236840489 
 1.012904516671 0.246224221470 
 1.037241524199 0.246219688057 
 1.061581384421 0.246222876067 
 1.085923902866 0.246233449373 
 1.110268934493 0.246251095610 
 1.134616394035 0.246275525599 
 1.158966063924 0.246306469622 
 1.183317884151 0.246343677354 
 1.207671680115 0.246386914612 
 1.232027348686 0.246435963391 
 1.256384819518 0.246490619449 
 1.280743915831 0.246550691828 
 1.305104601661 0.246616001455 
 1.329466714897 0.246686380389 
 1.353830185910 0.246761670738 
 1.378194952730 0.246841724433 
 1.402560868308 0.246926401469 
 1.426927914110 0.247015570681 
 1.451295937108 0.247109107572 
 1.475664892608 0.247206895273 
 1.500034726595 0.247308823085 
 1.524405312924 0.247414786230 
 1.548776645580 0.247524685837 
 1.573148583651 0.247638427830 
 1.597521096149 0.247755923326 
 1.621894139591 0.247877088117 
 1.646267599900 0.248001841731 
 1.670641480121 0.248130108441 
 1.695015653888 0.248261815435 
 1.719389889943 0.248396892903 
 1.743764165418 0.248535275354 
 1.768138444328 0.248676900429 
 1.792512727042 0.248821708829 
 1.816887005693 0.248969644063 
 1.841261254301 0.249120652065 
 1.865635476527 0.249274681492 
 1.890009646400 0.249431683083 
 1.914383757923 0.249591609961 
 1.938757813040 0.249754417350 
 1.963131779241 0.249920062249 
 1.987505661440 0.250088503764 
 2.011879444570 0.250259702657 
 2.036252901445 0.250433619821 
 2.060625994980 0.250610219085 
 2.084998651857 0.250789465519 
 2.109370879031 0.250971326215 
 2.133742623737 0.251155769220 
 2.158113846746 0.251342763959 
 2.182484544208 0.251532281428 
 2.206854637077 0.251724293174 
 2.231224119229 0.251918772521 
 2.255592989450 0.252115693870 
 2.279961165463 0.252315032066 
 2.304328649242 0.252516763581 
 2.328695416880 0.252720865708 
 2.353061413162 0.252927316304 
 2.377426648058 0.253136094767 
 2.401791078919 0.253347180781 
 2.426154667251 0.253560554986 
 2.450517433861 0.253776199221 
 2.474879304865 0.253994095344 
 2.499240266527 0.254214226354 
 2.523600338260 0.254436576387 
 2.547959451355 0.254661129293 
 2.572317597815 0.254887870283 
 2.596674785257 0.255116785187 
 2.621030947408 0.255347859895 
 2.645386092546 0.255581081421 
 2.669740221705 0.255816437458 
 2.694093270142 0.256053915401 
 2.718445254572 0.256293504180 
 2.742796164709 0.256535192750 
 2.767145938336 0.256778970259 
 2.791494603537 0.257024827013 
 2.815842148364 0.257272753613 
 2.840188512264 0.257522740355 
 2.864533726155 0.257774779181 
 2.888877771897 0.258028861668 
 2.913220590630 0.258284979652 
 2.937562219820 0.258543126099 
 2.961902643986 0.258803294096 
 2.986241806169 0.259065476340 
 3.010579741667 0.259329667227 
 3.034916433487 0.259595860591 
 3.059251825769 0.259864050531 
 3.083585955539 0.260134232155 
 3.107918813298 0.260406400751 
 3.132250346016 0.260680551043 
 3.156580582818 0.260956679404 
 3.180909518272 0.261234781696 
 3.205237100450 0.261514853969 
 3.229563354629 0.261796893013 
 3.253888288097 0.262080896150 
 3.278211851286 0.262366859828 
 3.302534056131 0.262654781985 
 3.326854919047 0.262944660368 
 3.351174391809 0.263236492723 
 3.375492476943 0.263530277121 
 3.399809209349 0.263826012830 
 3.424124543315 0.264123697792 
 3.448438461861 0.264423331132 
 3.472751014866 0.264724912425 
 3.497062157224 0.265028440907 
 3.521371857176 0.265333915558 
 3.545680165832 0.265641337284 
 3.569987067307 0.265950705669 
 3.594292519051 0.266262020859 
 3.618596554695 0.266575283470 
 3.642899177363 0.266890494657 
 3.667200345859 0.267207654434 
 3.691500074089 0.267526764505 
 3.715798394388 0.267847826217 
 3.740095267994 0.268170840963 
 3.764390678233 0.268495809786 
 3.788684679700 0.268822735716 
 3.812977236429 0.269151619862 
 3.837267809731 0.269482457459 
 3.861556184600 0.269815247382 
 3.885842320911 0.270149991933 
 3.910126214617 0.270486693106 
 3.934407925966 0.270825354918 
 3.958687394748 0.271165978862 
 3.982964608617 0.271508568263 
 4.007239606255 0.271853126308 
 4.031512376876 0.272199656658 
 4.055782902095 0.272548161964 
 4.080051192430 0.272898646509 
 4.104317285672 0.273251114035 
 4.128581137919 0.273605568329 
 4.152842743149 0.273962012761 
 4.177102162224 0.274320452960 
 4.201359346099 0.274680891911 
 4.225614293614 0.275043334607 
 4.249867027733 0.275407785367 
 4.274117567661 0.275774249766 
 4.298365883695 0.276142731575 
 4.322611979973 0.276513236410 
 4.346855917179 0.276885769677 
 4.371097638000 0.277260336299 
 4.395337149247 0.277636941090 
 4.419574485987 0.278015590670 
 4.443809650973 0.278396290021 
 4.468042623508 0.278779045132 
 4.492273415869 0.279163861371 
 4.516502081901 0.279550746160 
 4.540728572384 0.279939704104 
 4.564952896509 0.280330742145 
 4.589175094880 0.280723866570 
 4.613395164107 0.281119084343 
 4.637613087681 0.281516401040 
 4.661828882600 0.281915824183 
 4.686042603155 0.282317360747 
 4.710254200388 0.282721017369 
 4.734463688429 0.283126800574 
 4.758671105889 0.283534718688 
 4.782876454402 0.283944778234 
 4.807079716806 0.284356986803 
 4.831280912763 0.284771351441 
 4.855480104284 0.285187881309 
 4.879677235332 0.285606582350 
 4.903872324186 0.286027463175 
 4.928065406953 0.286450531541 
 4.952256499774 0.286875796220 
 4.976445579812 0.287303264138 
 5.000632665850 0.287732944311 
 5.024817822313 0.288164845430 
 5.049001003008 0.288598975536 
 5.073182212868 0.289035342454 
 5.097361494324 0.289473956021 
 5.121538880639 0.289914824779 
 5.145714338538 0.290357957371 
 5.169887883958 0.290803362219 
 5.194059575289 0.291251049859 
 5.218229387468 0.291701028135 
 5.242397319960 0.292153306678 
 5.266563410743 0.292607894708 
 5.290727714762 0.293064803099 
 5.314890181519 0.293524039577 
 5.339050830736 0.293985614546 
 5.363209702816 0.294449537653 
 5.387366815056 0.294915819448 
 5.411522149671 0.295384468633 
 5.435675737108 0.295855496216 
 5.459827630246 0.296328912460 
 5.483977807412 0.296804727548 
 5.508126260628 0.297282950712 
 5.532273035644 0.297763593680 
 5.556418177958 0.298246666920 
 5.580561650718 0.298732180707 
 5.604703477709 0.299220145241 
 5.628843705954 0.299710572710 
 5.652982352023 0.300203473325 
 5.677119391052 0.300698858018 
 5.701254857611 0.301196737530 
 5.725388798015 0.301697124486 
 5.749521207993 0.302200028967 
 5.773652076224 0.302705462622 
 5.797781455171 0.303213436873 
 5.821909385278 0.303723964695 
 5.846035842184 0.304237056019 
 5.870160833838 0.304752723370 
 5.894284412510 0.305270978459 
 5.918406604532 0.305791834447 
 5.942527386489 0.306315301541 
 5.966646793771 0.306841393352 
 5.990764870349 0.307370121693 
 6.014881626490 0.307901499876 
 6.038997039351 0.308435538367 
 6.063111157850 0.308972251595 
 6.087224016073 0.309511651419 
 6.111335628816 0.310053751772 
 6.135445973405 0.310598563355 
 6.159555113064 0.311146101472 
 6.183663075779 0.311696378099 
 6.207769855592 0.312249407229 
 6.231875453740 0.312805200349 
 6.255979929068 0.313363773225 
 6.280083298680 0.313925137835 
 6.304185559002 0.314489308768 
 6.328286732244 0.315056298250 
 6.352386869334 0.315626122438 
 6.376485984388 0.316198793494 
 6.400584062484 0.316774326292 
 6.424681144828 0.317352733774 
 6.448777256055 0.317934032045 
 6.472872437182 0.318518234185 
 6.496966654944 0.319105355173 
 6.521059972414 0.319695408773 
 6.545152404986 0.320288411440 
 6.569243991217 0.320884376487 
 6.593334691511 0.321483319288 
 6.617424577299 0.322085254130 
 6.641513661845 0.322690197991 
 6.665601976741 0.323298164317 
 6.689689502463 0.323909169547 
 6.713776309446 0.324523228284 
 6.737862404241 0.325140357916 
 6.761947804846 0.325760571876 
 6.786032507149 0.326383887563 
 6.810116574119 0.327010319755 
 6.834200010996 0.327639886381 
 6.858282839881 0.328272601342 
 6.882365067442 0.328908482889 
 6.906446748235 0.329547545985 
 6.930527893672 0.330189809290 
 6.954608513655 0.330835286786 
 6.978688623421 0.331483997521 
 7.002768264000 0.332135956531 
 7.026847463004 0.332791183487 
 7.050926227918 0.333449692741 
 7.075004579819 0.334111504073 
 7.099082554335 0.334776632850 
 7.123160181883 0.335445099395 
 7.147237460855 0.336116918292 
 7.171314418026 0.336792110048 
 7.195391077411 0.337470690221 
 7.219467483064 0.338152680099 
 7.243543634772 0.338838094824 
 7.267619560827 0.339526955524 
 7.291695283769 0.340219278278 
 7.315770846798 0.340915084935 
 7.339846239397 0.341614390909 
 7.363921500081 0.342317218207 
 7.387996641178 0.343023583213 
 7.412071715221 0.343733508644 
 7.436146719614 0.344447010761 
 7.460221685625 0.345164111952 
 7.484296629433 0.345884829368 
 7.508371599253 0.346609186209 
 7.532446586529 0.347337199218 
 7.556521627379 0.348068891539 
 7.580596730843 0.348804280799 
 7.604671952012 0.349543391036 
 7.628747294755 0.350286240085 
 7.652822782150 0.351032851318 
 7.676898431641 0.351783243365 
 7.700974290487 0.352537440679 
 7.725050359759 0.353295461766 
 7.749126663071 0.354057330668 
 7.773203217408 0.354823066788 
 7.797280071962 0.355592695328 
 7.821357242445 0.356366236066 
 7.845434738974 0.357143713302 
 7.869512587569 0.357925147571 
 7.893590826667 0.358710564452 
 7.917669474639 0.359499984671 
 7.941748534433 0.360293433014 
 7.965828035142 0.361090931006 
 7.989908015337 0.361892504995 
 8.013988508409 0.362698177120 
 8.038069505700 0.363507972546 
 8.062151046391 0.364321914084 
 8.086233154909 0.365140028423 
 8.110315868808 0.365962338814 
 8.134399170498 0.366788870931 
 8.158483106873 0.367619648850 
 8.182567695131 0.368454699876 
 8.206652997095 0.369294049136 
 8.230738977620 0.370137722563 
 8.254825696131 0.370985745740 
 8.278913147580 0.371838146118 
 8.303001400758 0.372694950173 
 8.327090425900 0.373556184958 
 8.351180280679 0.374421877127 
 8.375270947514 0.375292054665 
 8.399362500259 0.376166745399 
 8.423454942332 0.377045978608 
 8.447548295632 0.377929780832 
 8.471642561012 0.378818181798 
 8.495737795127 0.379711209947 
 8.519834015054 0.380608896180 
 8.543931221397 0.381511267488 
 8.568029434304 0.382418355480 
 8.592128698144 0.383330189445 
 8.616229057162 0.384246802536 
 8.640330487376 0.385168222123 
 8.664433028385 0.386094481830 
 8.688536694367 0.387025611181 
 8.712641545673 0.387961645282 
 8.736747553917 0.388902612725 
 8.760854764386 0.389848548732 
 8.784963141308 0.390799482325 
 8.809072664413 0.391755446821 
 8.833183239774 0.392716469621 
 8.857294860611 0.393682585228 
 8.881407506238 0.394653824682 
 8.905521184751 0.395630223789 
 8.929635838509 0.396611812860 
 8.953751461387 0.397598627861 
 8.977868053230 0.398590702251 
 9.001985622514 0.399588073380 
 9.026104111349 0.400590773162 
 9.050223506535 0.401598838846 
 9.074343810608 0.402612305735 
 9.098465011454 0.403631211955 
 9.122587067200 0.404655591848 
 9.146709949156 0.405685483688 
 9.170833681928 0.406720925600 
 9.194958233671 0.407761956621 
 9.219083591351 0.408808614258 
 9.243209707197 0.409860937780 
 9.267336607673 0.410918967448 
 9.291464229591 0.411982742812 
 9.315592577903 0.413052304265 
 9.339721627956 0.414127694067 
 9.363851395470 0.415208954227 
 9.387981812592 0.416296126120 
 9.412112881558 0.417389252320 
 9.436244592508 0.418488377917 
 9.460376928123 0.419593545819 
 9.484509857876 0.420704801329 
 9.508643350561 0.421822187969 
 9.532777425880 0.422945754575 
 9.556912040990 0.424075545447 
 9.581047190597 0.425211609529 
 9.605182835245 0.426353992643 
 9.629318996023 0.427502746313 
 9.653455599300 0.428657916155 
 9.677592652890 0.429819554441 
 9.701730142756 0.430987711143 
 9.725868056926 0.432162439028 
 9.750006369582 0.433343789075 
 9.774145050034 0.434531814639 
 9.798284119364 0.435726570654 
 9.822423498244 0.436928109629 
 9.846563200731 0.438136487869 
 9.870703209444 0.439351762618 
 9.894843516761 0.440573990899 
 9.918984080441 0.441803230435 
 9.943124880102 0.443039539460 
 9.967265941251 0.444282980990 
 9.991407178800 0.445533611866 
10.015548607079 0.446791496444 
10.039690207415 0.448056697039 
10.063831972383 0.449329278890 
10.087973859427 0.450609305189 
10.112115852927 0.451896842832 
10.136257962076 0.453191960005 
10.160400113768 0.454494722708 
10.184542313598 0.455805201271 
10.208684560947 0.457123467920 
10.232826809703 0.458449592617 
10.256969063910 0.459783650285 
10.281111286271 0.461125713915 
10.305253454905 0.462475859538 
10.329395546505 0.463834163589 
10.353537529312 0.465200704194 
10.377679423619 0.466575563073 
10.401821167045 0.467958819406 
10.425962755146 0.469350556448 
10.450104182574 0.470750859597 
10.474245385160 0.472159811714 
10.498386377734 0.473577502473 
10.522527123622 0.475004019549 
10.546667592911 0.476439453230 
10.570807776475 0.477883896200 
10.594947632133 0.479337441405 
10.619087167306 0.480800186084 
10.643226319178 0.482272225490 
10.667365081250 0.483753659732 
10.691503458476 0.485244591977 
10.715641372709 0.486745121801 
10.739778846633 0.488255357442 
10.763915837862 0.489775404771 
10.788052305695 0.491305372199 
10.812188241365 0.492845371995 
10.836323623228 0.494395518139 
10.860458396670 0.495955924454 
10.884592561269 0.497526710863 
10.908726085045 0.499107997369 
10.932858932492 0.500699906420 
10.956991070348 0.502302562872 
10.981122488424 0.503916095898 
11.005253144675 0.505540634964 
11.029383001068 0.507176312675 
11.053512058694 0.508823266876 
11.077640278213 0.510481635667 
11.101767592304 0.512151557924 
11.125894014405 0.513833181232 
11.150019501073 0.515526652134 
11.174143987345 0.517232118879 
11.198267487739 0.518949738408 
11.222389975667 0.520679668169 
11.246511342284 0.522422062900 
11.270631632105 0.524177091954 
11.294750788556 0.525944920794 
11.318868734779 0.527725717048 
11.342985484604 0.529519658650 
11.367101024114 0.531326925397 
11.391215217342 0.533147691690 
11.415328104503 0.534982149240 
11.439439652902 0.536830488297 
11.463549750076 0.538692897170 
11.487658432160 0.540569579860 
11.511765647372 0.542460738011 
11.535871306109 0.544366574689 
11.559975399774 0.546287303971 
11.584077907786 0.548223143696 
11.608178720423 0.550174309358 
11.632277857438 0.552141031815 
11.656375261549 0.554121913238 
11.680470849038 0.556120210488 
11.704564638875 0.558134594570 
11.728656554508 0.560165584302 
11.752746499369 0.562213391612 
11.776834482778 0.564278292120 
11.800920433168 0.566360534707 
11.825004259796 0.568460371025 
11.849085966900 0.570578069100 
11.873165523991 0.572713902076 
11.897242777727 0.574868140742 
11.921317742341 0.577041079103 
11.945390380092 0.579233014663 
11.969460544334 0.581444242772 
11.993528254782 0.583675081681 
12.017593434269 0.585925848448 
12.041656007502 0.588196867904 
12.065715937369 0.590488476206 
12.089773134748 0.592801012374 
12.113827533147 0.595134825450 
12.137879097137 0.597490275559 
12.161927740136 0.599867726013 
12.185973383072 0.602267549104 
12.210015973804 0.604690128259 
12.234055465223 0.607135856083 
12.258091726492 0.609605125379 
12.282124728156 0.612098348196 
12.306154414435 0.614615943057 
12.330180660772 0.617158330472 
12.354203411055 0.619725947495 
12.378222600479 0.622319239874 
12.402238096822 0.624938655740 
12.426249899042 0.627584667398 
12.450257886228 0.630257744136 
12.474261948360 0.632958366491 
12.498262054245 0.635687034246 
12.522258082619 0.638444247548 
12.546249924905 0.641230518518 
12.570237510823 0.644046374514 
12.594220777103 0.646892354786 
12.618199624390 0.649769005482 
12.642173931290 0.652676881267 
12.666143610743 0.655616552277 
12.690108577861 0.658588600465 
12.714068720492 0.661593616043 
12.738023941073 0.664632202747 
12.761974151540 0.667704977404 
12.785919220434 0.670812563203 
12.809859077483 0.673955603287 
12.833793592265 0.677134745093 
12.857722611124 0.680350644957 
12.881646107394 0.683603988551 
12.905563949868 0.686895459907 
12.929475973523 0.690225750527 
12.953382089876 0.693595574779 
12.977282200513 0.697005658148 
13.001176166496 0.700456732717 
13.025063874764 0.703949546571 
13.048945192237 0.707484857163 
13.072820033565 0.711063441311 
13.096688216337 0.714686073471 
13.120549627571 0.718353550487 
13.144404156245 0.722066681590 
13.168251621301 0.725826276887 
13.192091984034 0.729633180646 
13.215925045868 0.733488223406 
13.239750676474 0.737392257756 
13.263568794918 0.741346155704 
13.287379156735 0.745350772957 
13.311181675390 0.749407002000 
13.334976192168 0.753515733606 
13.358762613896 0.757677879974 
13.382540821138 0.761894358810 
13.406310536445 0.766166068857 
13.430071725131 0.770493961102 
13.453824206458 0.774878969106 
13.477567805629 0.779322035428 
13.501302421154 0.783824124137 
13.525027882841 0.788386193827 
13.548744099775 0.793009225300 
13.572450815000 0.797694173356 
13.596147955688 0.802442034656 
13.619835410049 0.807253804129 
13.643512910504 0.812130449704 
13.667180404430 0.817072987482 
13.690837721745 0.822082413436 
13.714484734320 0.827159735602 
13.738121284829 0.832305958566 
13.761747228362 0.837522091706 
13.785362441514 0.842809150884 
13.808966709463 0.848168132426 
13.832560019322 0.853600079112 
13.856142237882 0.859106007163 
13.879713089609 0.864686898563 
13.903272616430 0.870343809285 
13.926820607405 0.876077734363 
13.950356925102 0.881889684255 
13.973881557063 0.887780698634 
13.997394375729 0.893751786820 
14.020895310213 0.899803969935 
14.044384102004 0.905938217432 
14.067860793600 0.912155573651 
14.091325323245 0.918457053678 
14.114777544015 0.924843646573 
14.138217496320 0.931316389431 
14.161645090322 0.937876281463 
14.185060120019 0.944524285497 
14.208462702719 0.951261452909 
14.231852722217 0.958088766454 
14.255230098009 0.965007215729 
14.278594998424 0.972017862234 
14.301947387665 0.979121706021 
14.325287041629 0.986319686704 
14.348614167845 0.993612874861 
14.371928674632 1.001002248721 
14.395230776501 1.008488884015 
14.418520326570 1.016073742520 
14.441797360137 1.023757845049 
14.465062112317 1.031542281648 
14.488314633004 1.039428084913 
14.511554571832 1.047416151634 
14.534782504454 1.055507698246 
14.557998424226 1.063703747017 
14.581202366259 1.072005337481 
14.604394431172 1.080413536622 
14.627574609461 1.088927034993 
14.650743460687 1.097552028241 
14.673900946911 1.106284355743 
14.697046957201 1.115128015327 
14.720181960924 1.124086330338 
14.743305915611 1.133155231543 
14.766419355175 1.142339137475 
14.789522178298 1.151638621601 
14.812614514217 1.161054996966 
14.835696814909 1.170589597643 
14.858769274498 1.180243668602 
14.881832080882 1.190018446317 
14.904885448986 1.199915180126 
14.927929546588 1.209935100034 
14.950964741260 1.220079522157 
14.973991310834 1.230349725404 
14.997009693832 1.240747065545 
15.020019932942 1.251272728617 
15.043022391931 1.261928056381 
15.066017410099 1.272714393490 
15.089005336316 1.283633099613 
15.111986707718 1.294685628835 
15.134961548079 1.305873183416 
15.157930244151 1.317197123261 
15.180893369223 1.328658882554 
15.203851388176 1.340259824329 
15.226804636175 1.352001228789 
15.249753175886 1.363884220013 
15.272697596030 1.375910181754 
15.295638481147 1.388080494223 
15.318576387175 1.400396520757 
15.341511542950 1.412859443053 
15.364444127261 1.425470403355 
15.387374859954 1.438230835494 
15.410304452687 1.451142178194 
15.433233247008 1.464205673345 
15.456161437829 1.477422481803 
15.479089583258 1.490793964773 
15.502018218938 1.504321446921 
15.524948222383 1.518006408953 
15.547879569648 1.531849726302 
15.570812737048 1.545852483816 
15.593748434174 1.560015825310 
15.616687299273 1.574340778557 
15.639629492972 1.588828012397 
15.662575342436 1.603478254661 
15.685525478563 1.618292411177 
15.708480766625 1.633271552511 
15.731441228279 1.648416219859 
15.754406823685 1.663726906109 
15.777378536995 1.679204748993 
15.800356754761 1.694850407154 
15.823341783507 1.710664345096 
15.846333344948 1.726646457983 
15.869332089190 1.742797136108 
15.892338935693 1.759116892172 
15.915353292758 1.775605179978 
15.938375300430 1.792262044302 
15.961405424877 1.809087910137 
15.984444045530 1.826083337514 
16.007490646036 1.843248459855 
16.030545674086 1.860584392361 
16.053609262238 1.878092312839 
16.076681591616 1.895773695776 
16.099762032305 1.913629555807 
16.122851050340 1.931661762687 
16.145949052923 1.949872006828 
16.169055264314 1.968260769399 
16.192170011114 1.986829026172 
16.215293860319 2.005577546149 
16.238425921606 2.024505515262 
16.261566418719 2.043612645449 
16.284716089828 2.062898814924 
16.307873984645 2.082362427648 
16.331040446058 2.102003157655 
16.354216179125 2.121821535671 
16.377400425605 2.141817695926 
16.400593416310 2.161993628347 
16.423795853396 2.182352740113 
16.447007404441 2.202898295014 
16.470228108189 2.223634190046 
16.493458613456 2.244564636379 
16.516698633710 2.265692206470 
16.539948302471 2.287018565515 
16.563208742061 2.308544750988 
16.586479554296 2.330268899471 
16.609760410254 2.352188061908 
16.633052420449 2.374300192944 
16.656356149607 2.396603161174 
16.679670581854 2.419094522162 
16.702997023756 2.441775688016 
16.726335998612 2.464648897819 
16.749686643930 2.487715976399 
16.773050346988 2.510980879847 
16.796427459490 2.534445403655 
16.819817269879 2.558108271006 
16.843221358588 2.581968161746 
16.866639778970 2.606020186209 
16.890071955773 2.630257613543 
16.913519285262 2.654675737741 
16.936981849646 2.679269695868 
16.960459187478 2.704036036817 
16.983952781089 2.728975486873 
17.007462479183 2.754088634821 
17.030987957652 2.779376330633 
17.054526162098 2.804835597249 
17.078072347441 2.830459496234 
17.101626508109 2.856243384121 
17.125189903240 2.882181174146 
17.148761573253 2.908262108236 
17.172341458526 2.934475175856 
17.195931212864 2.960811169536 
17.219529432406 2.987258354173 
17.243136026406 3.013807793164 
17.266752695779 3.040453861255 
17.290377559570 3.067187766904 
17.314011486449 3.094003934341 
17.337654567646 3.120895401127 
17.361306701104 3.147854067978 
17.384968844582 3.174872076577 
17.408638861440 3.201937450442 
17.432318631836 3.229042729877 
17.456007842186 3.256178612250 
17.479705331656 3.283336082034 
17.503413209604 3.310511429971 
17.527130126396 3.337698649493 
17.550855691861 3.364894191170 
17.574591204148 3.392097285414 
17.598335188693 3.419304287861 
17.622088079831 3.446513457308 
17.645850077249 3.473722140610 
17.669621818680 3.500927344882 
17.693402494986 3.528123651236 
17.717191959338 3.555305792767 
17.740990332753 3.582468487984 
17.764798164151 3.609606963509 
17.788614615599 3.636715186023 
17.812439985179 3.663789012118 
17.836274505826 3.690824970869 
17.860118412911 3.717820488485 
17.883971699790 3.744773737926 
17.907833441339 3.771682905659 
17.931704946722 3.798549844547 
17.955585592564 3.825375349737 
17.979474991011 3.852161632923 
18.003375931763 3.878915402785 
18.027285217434 3.905637458559 
18.051204835417 3.932334896919 
18.075133993133 3.959011800347 
18.099073575847 3.985673981683 
18.123021985328 4.012323985018 
18.146980496151 4.038966854900 
18.170944820839 4.065600841044 
18.194908980224 4.092221748519 
18.218873630358 4.118832341223 
18.242838990652 4.145434515316 
18.266804641623 4.172029407564 
18.290771534261 4.198619631582 
18.314738462695 4.225205430564 
18.338705090346 4.251787803582 
18.362672086265 4.278368246502 
18.386640038719 4.304947415380 
18.410606941311 4.331522203420 
18.434573225779 4.358091489673 
18.458539324362 4.384653617238 
18.482505663680 4.411206837912 
18.506471028972 4.437748249160 
18.530436144626 4.464278362076 
18.554400883511 4.490798580310 
18.578363081114 4.517309915573 
18.602323140968 4.543817783724 
18.626281501463 4.570328568813 
18.650238577776 4.596848666072 
18.674192493637 4.623381365766 
18.698142269915 4.649928034137 
18.722088462569 4.676491962412 
18.746031238969 4.703073353869 
18.769971239037 4.729672061998 
18.793906448762 4.756284966671 
18.817837480848 4.782912196727 
18.841764720256 4.809554163051 
18.865688139523 4.836211178953 
18.889604376599 4.862879449069 
18.913513651661 4.889557518107 
18.937416276625 4.916241538769 
18.961312966363 4.942925353246 
18.985201957881 4.969597865669 
19.009081055618 4.996246748071 
19.032950255708 5.022862972130 
19.056810609942 5.049440854312 
19.080660886623 5.075975037395 
19.104499974137 5.102463150532 
19.128328467907 5.128906875153 
19.152143427044 5.155305426039 
19.175943298212 5.181661237821 
19.199728836728 5.207982137383 
19.223500865726 5.234280044636 
19.247255456537 5.260565812616 
19.270992547713 5.286857062527 
19.294713506021 5.313172203772 
19.318419910559 5.339524942525 
19.342109551186 5.365917041573 
19.365783393303 5.392346255101 
19.389442705912 5.418806462633 
19.413082161215 5.445285022469 
19.436704050545 5.471782250899 
19.460310659155 5.498303497663 
19.483896419921 5.524847886649 
19.507463570668 5.551421253935 
19.531015133491 5.578024448245 
19.554548112313 5.604644822779 
19.578066083593 5.631272681720 
19.601562965810 5.657887774323 
19.625040238033 5.684483764523 
19.648499214056 5.711062729674 
19.671937174176 5.737630801578 
19.695352614190 5.764201254315 
19.718753360844 5.790799687778 
19.742127638812 5.817429378190 
19.765482266980 5.844114158865 
19.788819926490 5.870873664015 
19.812132550972 5.897716883071 
19.835427417627 5.924671499030 
19.858702431888 5.951753553926 
19.881962295207 5.978982266212 
19.905190950907 6.006344393377 
19.928383720622 6.033829473042 
19.951550097098 6.061435290931 
19.974696734576 6.089154431189 
19.997829673530 6.116985182227 
20.020945690657 6.144926553541 
20.044049901021 6.172997452446 
20.067143046068 6.201213245467 
20.090210433232 6.229564273492 
20.113257211218 6.258056751202 
20.136272999347 6.286675066300 
20.159261228352 6.315423165200 
20.182219119326 6.344298200855 
20.205143638890 6.373290169544 
20.228042904109 6.402392381880 
20.250905498852 6.431572949775 
20.273736181092 6.460838133436 
20.296544397858 6.490228388070 
20.319334223740 6.519797116101 
20.342108082672 6.549593035138 
20.364876752271 6.579653962025 
20.387624188000 6.609958478656 
20.410337969306 6.640475712238 
20.433012514654 6.671178047856 
20.455658330079 6.702052652255 
20.478262007162 6.733046390528 
20.500835631998 6.764141664692 
20.523390493631 6.795338108091 
20.545907563095 6.826619274909 
20.568396617917 6.858014163794 
20.590871780369 6.889532134324 
20.613323634160 6.921113533967 
20.635769647330 6.952720736552 
20.658206772188 6.984303983874 
20.680606469511 7.015805528262 
20.702971458287 7.047222524876 
20.725300181172 7.078544703299 
20.747587361180 7.109765147359 
20.769835609798 7.140910405814 
20.792061969169 7.172041048097 
20.814280938936 7.203199186877 
20.836463335427 7.234331511368 
20.858632296853 7.265427394374 
20.880773768239 7.296421297920 
20.902908663261 7.327311201144 
20.925059875896 7.358108913775 
20.947205297800 7.388764335968 
20.969321130741 7.419220739769 
20.991400361429 7.449445441352 
21.013448333590 7.479428896841 
21.035462347513 7.509155350168 
21.057462250157 7.538633886945 
21.079480850732 7.567882260982 
21.101490089556 7.596843411313 
21.123489972171 7.625516379844 
21.145473664126 7.653908638978 
21.167461114470 7.682062089296 
21.189492215412 7.710024984513 
21.211576965038 7.737785312550 
21.233659699978 7.765241553919 
21.255721026650 7.792337773684 
21.277770842182 7.819051181206 
21.299820484620 7.845349782851 
21.321870125887 7.871178261775 
21.343945498116 7.896502244574 
21.366082161126 7.921295797119 
21.388225313965 7.945441330812 
21.410383280609 7.968900294497 
21.432549128261 7.991619001315 
21.454747026073 8.013578135808 
21.477011767124 8.034776760667 
21.499381473672 8.055234264718 
21.521787700560 8.074903091269 
21.544229656447 8.093814803294 
21.566678040345 8.111972155417 
21.589165610254 8.129408205704 
21.611688146131 8.146110229985 
21.634249986600 8.162068349456 
21.656876633852 8.177291549663 
21.679561426881 8.191764914343 
21.702313060800 8.205472195337 
21.725111576362 8.218357517138 
21.747913597226 8.230341711682 
21.770769346132 8.241388922684 
21.793696209803 8.251460612953 
21.816661315199 8.260532796753 
21.839671480898 8.268633110071 
21.862745879627 8.275796663137 
21.885871270370 8.282033882564 
21.909073853357 8.287341151164 
21.932313272297 8.291690895577 
21.955589127012 8.295073612884 
21.978921687234 8.297498126330 
22.002296291527 8.298987979716 
22.025718593570 8.299581583456 
22.049192369193 8.299321071016 
22.072745443495 8.298238913666 
22.096355790813 8.296365508455 
22.120019218969 8.293728997109 
22.143711677845 8.290365061510 
22.167434651989 8.286300867032 
22.191189448551 8.281548135491 
22.214966888233 8.276087664821 
22.238766388213 8.269862743285 
22.262550116237 8.262809360577 
22.286302471673 8.254878378676 
22.310022160669 8.246058928401 
22.333720639989 8.236383868789 
22.357401371191 8.225912792366 
22.381063400437 8.214700117202 
22.404707274750 8.202771510387 
22.428341975967 8.189601047355 
22.451969284380 8.175529679048 
22.475596915957 8.160770197891 
22.499216444429 8.145427131128 
22.522843048980 8.129531250458 
22.546477440333 8.113104294992 
22.570128132215 8.096169824174 
22.593787576930 8.078799682688 
22.617465563035 8.061092731269 
22.641159519393 8.043172990847 
22.664875033308 8.025135575930 
22.688617719368 8.007023282503 
22.712394444699 7.988846760031 
22.736203361348 7.970618512550 
22.760029586432 7.952366926485 
22.783792168612 7.934188113964 
22.807509426914 7.916072440277 
22.831200517660 7.897977155271 
22.854843408366 7.879891226104 
22.878447237435 7.861809654765 
22.901972332592 7.843824660876 
22.925430757071 7.826019025931 
22.948810486176 7.808487619353 
22.972093341636 7.791300018584 
22.995289459360 7.774467760114 
23.018411090433 7.757980707155 
23.041451952915 7.741857041299 
23.064404506325 7.726144520166 
23.087276761853 7.710890427030 
23.110029157838 7.696162613113 
23.132666358766 7.681969532558 
23.155192503508 7.668304920607 
23.177587704362 7.655192188022 
23.199849010446 7.642648627467 
23.221977785804 7.630665597750 
23.243978699028 7.619206555039 
23.265851061046 7.608231314521 
23.287583122539 7.598146167064 
23.309171345244 7.588772633634 
23.330604454945 7.579936481139 
23.351850739398 7.571611568602 
23.372898118447 7.563796996909 
23.393757790851 7.556430771287 
23.414443435533 7.549414407689 
23.434971117066 7.542670184109 
23.455349478899 7.536164272963 
23.475595122187 7.529904103947 
23.495716116165 7.523911634557 
23.515726182184 7.518174102116 
23.535616464580 7.512669909318 
23.555387888465 7.507395366704 
23.575050707468 7.502357575147 
23.594607997267 7.497580696943 
23.614070211699 7.493088267562 
23.633440566550 7.488872921295 
23.652730669421 7.484900282811 
23.671948071683 7.481142562367 
23.691103675059 7.477594260908 
23.710199663421 7.474267904822 
23.729252544048 7.471185885256 
23.748260511143 7.468358832515 
23.767235732297 7.465764429108 
23.786187319819 7.463363767446 
23.805121601792 7.461120674485 
23.824053546145 7.459026396121 
23.842976477366 7.457113975809 
23.861905695066 7.455448986833 
23.880848458802 7.454086802493 
23.899802302704 7.453057297736 
23.918777997316 7.452363865142 
23.937780774167 7.451985728402 
23.956796514065 7.451902652903 
23.975832941040 7.452092743373 
23.994892057327 7.452553314052 
24.013985456149 7.453289365417 
24.033118411625 7.454310046836 
24.052290278062 7.455635242854 
24.071520649410 7.457264296659 
24.090803767106 7.459189048926 
24.110152298405 7.461385107312 
24.129574923337 7.463815692878 
24.149079870008 7.466459319302 
24.168682018212 7.469308729388 
24.188370471350 7.472389257126 
24.208167075728 7.475719477218 
24.228070826952 7.479289081668 
24.248085522331 7.483083312786 
24.268224727992 7.487079621426 
24.288484712322 7.491267998691 
24.308881205961 7.495639667181 
24.329410366557 7.500190453541 
24.350076784631 7.504918364936 
24.370791019418 7.509804626429 
24.391453258748 7.514835590965 
24.412082865772 7.519998622841 
24.432692321200 7.525273651700 
24.453302057093 7.530641544234 
24.473919361199 7.536085887837 
24.494566772964 7.541596927629 
24.515250033348 7.547163950961 
24.535990411787 7.552792882645 
24.556790634168 7.558489360973 
24.577670000251 7.564256400581 
24.598628222857 7.570071260340 
24.619659247881 7.575894417244 
24.640759179116 7.581695117954 
24.661920002603 7.587468723524 
24.683137485325 7.593234990583 
24.704413555954 7.599018005380 
24.725748997012 7.604829543424 
24.747144507631 7.610677486895 
24.768599829429 7.616549096732 
24.790114906899 7.622422268973 
24.811689235322 7.628259043220 
24.833322728062 7.634031031399 
24.855015291166 7.639429191031 
24.876769084268 7.644589658395 
24.898583087130 7.649700003618 
24.920458811423 7.654798659549 
24.942397588595 7.659872197755 
24.964401566839 7.664908851002 
24.986473134614 7.669920382980 
25.008610296163 7.674937948387 
25.030813712901 7.679998507044 
25.053086931890 7.685144031806 
25.075431525612 7.690416535131 
25.097847687550 7.695843829452 
25.120338309718 7.701430965902 
25.142901074179 7.707174336860 
25.165535408436 7.713086692412 
25.188244159609 7.719207429380 
25.211023637584 7.725586712427 
25.233872595113 7.732266884533 
25.256791611178 7.739282749095 
25.279778097607 7.746662540402 
25.302833722137 7.754414185740 
25.325952635729 7.762514424910 
25.349134320909 7.770929558730 
25.372379121629 7.779641807238 
25.395685966395 7.788638986091 
25.419052180119 7.797894729788 
25.442476845588 7.807374482706 
25.465961075218 7.817035468455 
25.489505033420 7.826817025849 
25.513108470442 7.836656491713 
25.536772228688 7.846520252385 
25.560498757181 7.856390745888 
25.584290051287 7.866210911532 
25.608149355896 7.875870403454 
25.632072591486 7.885267974181 
25.656015336239 7.894362517840 
25.679980924990 7.903175535363 
25.703977180940 7.911719077700 
25.728004050984 7.919967332338 
25.752039050586 7.927869933093 
25.776014219500 7.935382576601 
25.799932313719 7.942518920338 
25.823798571306 7.949338150576 
25.847617005515 7.955909454377 
25.871391748625 7.962271945014 
25.895133429946 7.968425571974 
25.918851175884 7.974353252586 
25.942553086175 7.980062225215 
25.966242314033 7.985596743322 
25.989925607362 7.991015829299 
26.013610499087 7.996386719275 
26.037307374964 8.001795602595 
26.061021304952 8.007339466395 
26.084759485642 8.013083988218 
26.108503729006 8.019023286231 
26.132233588308 8.025103387300 
26.155953187197 8.031284766276 
26.179659961742 8.037580185372 
26.203363140453 8.044031383504 
26.227071313085 8.050648452208 
26.250793299858 8.057385598543 
26.274535654520 8.064165152131 
26.298305499527 8.070924112059 
26.322108481582 8.077628212130 
26.345949708751 8.084265703919 
26.369832546560 8.090845674280 
26.393759931897 8.097385851942 
26.417681284924 8.103888453856 
26.441583971831 8.110333419682 
26.465465471035 8.116668532761 
26.489327012844 8.122816878525 
26.513169224817 8.128711100356 
26.536992927305 8.134343344652 
26.560797848262 8.139779803064 
26.584578665101 8.145107111330 
26.608335790702 8.150358348794 
26.632067771859 8.155484247748 
26.655780081716 8.160390172379 
26.679469761653 8.165000805704 
26.703142873875 8.169298688987 
26.726801231192 8.173312511945 
26.750450643818 8.177082209487 
26.774087238793 8.180624529973 
26.797720396669 8.183919791453 
26.821345609408 8.186932102166 
26.844970338316 8.189628184610 
26.868595756379 8.191985640995 
26.892228575425 8.194032074786 
26.915865611001 8.195871255181 
26.939512523503 8.197606997101 
26.963171982783 8.199239979329 
26.986845199674 8.200677364138 
27.010537491458 8.201845188314 
27.034252590392 8.202738324563 
27.057990289908 8.203392117422 
27.081752642086 8.203866191660 
27.105542963678 8.204209787388 
27.129356951457 8.204433953186 
27.153196303416 8.204528241325 
27.177060311381 8.204487926814 
27.200948796027 8.204337221840 
27.224857818308 8.204110874377 
27.248784911537 8.203819990307 
27.272726573697 8.203459912279 
27.296680049714 8.203030662801 
27.320640845652 8.202558179080 
27.344610064174 8.202066934415 
27.368586158993 8.201572104302 
27.392568168261 8.201095653426 
27.416556215260 8.200645474115 
27.440548957917 8.200178376131 
27.464545860894 8.199614158198 
27.488548566557 8.198898225164 
27.512561642282 8.198029858375 
27.536589371609 8.197022382827 
27.560637742046 8.195860187878 
27.584709807478 8.194501987846 
27.608813804907 8.192915917779 
27.632923833031 8.191101223791 
27.657019631510 8.189046766679 
27.681108533148 8.186745106508 
27.705195385323 8.184242657400 
27.729287414056 8.181585335306 
27.753392912750 8.178759304905 
27.777506818044 8.175711809787 
27.801630666709 8.172412127844 
27.825770944719 8.168888210030 
27.849933294649 8.165184602506 
27.874121516295 8.161295462190 
27.898340033641 8.157164471921 
27.922593229259 8.152734961238 
27.946876263134 8.147995688401 
27.971189213291 8.143001189739 
27.995534637137 8.137848317765 
28.019899456079 8.132619519572 
28.044274667493 8.127334711572 
28.068660342017 8.121954375428 
28.093051460102 8.116432094925 
28.117435929421 8.110751257002 
28.141814216081 8.104916329232 
28.166186801419 8.098937840575 
28.190554115089 8.092833216150 
28.214916500932 8.086656774100 
28.239274310601 8.080482169479 
28.263628394434 8.074339859609 
28.287979443238 8.068215191181 
28.312328515016 8.062102096812 
28.336674869804 8.056035658065 
28.361017050934 8.050072801684 
28.385356111408 8.044238236375 
28.409693612634 8.038500343094 
28.434030364134 8.032818897267 
28.458367292854 8.027206099616 
28.482705652335 8.021712312246 
28.507046755972 8.016363122250 
28.531391794701 8.011126197555 
28.555742143546 8.005920285331 
28.580082127164 8.000663696793 
28.604407037690 7.995309828050 
28.628716284417 7.989865340600 
28.652999023411 7.984375035286 
28.677238984103 7.978880658460 
28.701431265554 7.973370960267 
28.725586380959 7.967784256143 
28.749705305074 7.962074311610 
28.773800268430 7.956245381012 
28.797884925291 7.950349123300 
28.821944649371 7.944452166188 
28.846001241364 7.938588200326 
28.870036551218 7.932775852469 
28.894072593052 7.926994030548 
28.918102680048 7.921205459050 
28.942138841439 7.915361465200 
28.966162102211 7.909434033419 
28.990178198263 7.903401327095 
29.014172540574 7.897262349349 
29.038164783698 7.891015987587 
29.062148009537 7.884668293891 
29.086125585862 7.878201869993 
29.110094061413 7.871579947226 
29.134054390985 7.864755015565 
29.158009686956 7.857688005408 
29.181974780997 7.850364176660 
29.205951632406 7.842807872277 
29.229949031424 7.835044568909 
29.253967194671 7.827064626790 
29.278006190994 7.818816631749 
29.302053494582 7.810271135816 
29.326112688358 7.801459155859 
29.350181348273 7.792454569306 
29.374257059156 7.783307919864 
29.398336590928 7.774029006994 
29.422419636099 7.764618835155 
29.446513898450 7.755080415006 
29.470622821515 7.745402786155 
29.494744873539 7.735559435568 
29.518880232630 7.725535680042 
29.543032839401 7.715347336833 
29.567195162703 7.705025024536 
29.591382632227 7.694568285882 
29.615596467015 7.683982336129 
29.639830653274 7.673285105235 
29.664092882272 7.662477096856 
29.688368350945 7.651572628422 
29.712655012640 7.640610268611 
29.736949958000 7.629647172892 
29.761256568553 7.618711736072 
29.785576008423 7.607797435224 
29.809905290348 7.596895929295 
29.834243476171 7.586005652948 
29.858583821048 7.575123596604 
29.882898646250 7.564262029906 
29.907186877155 7.553433619203 
29.931453879338 7.542653658047 
29.955705052118 7.531927251507 
29.979944264565 7.521251334524 
30.004176979368 7.510623016185 
30.028407982734 7.500037667357 
30.052642320065 7.489484382318 
30.076883626753 7.478957537232 
30.101136241327 7.468470489340 
30.125403671276 7.458060185054 
30.149689234137 7.447765594793 
30.173995483218 7.437597051053 
30.198303360031 7.427543235572 
30.222602591437 7.417579060259 
30.246902414886 7.407682208730 
30.271192524278 7.397860857978 
30.295457282605 7.388135027682 
30.319677502056 7.378524730199 
30.343886146088 7.369017179127 
30.368093532413 7.359600711122 
30.392291428227 7.350258166291 
30.416507074614 7.340956633091 
30.440676714814 7.331749072275 
30.464830882773 7.322647602404 
30.488991205739 7.313616560796 
30.513095122729 7.304632494036 
30.537169769178 7.295649170349 
30.561243480502 7.286655527456 
30.585297658684 7.277693702202 
30.609341707203 7.268783771938 
30.633359387370 7.259942103680 
30.657326320106 7.251187783023 
30.681264637199 7.242498334461 
30.705144948623 7.233846704509 
30.728966415085 7.225187245199 
30.752746263740 7.216492108785 
30.776485807121 7.207781758430 
30.800178715380 7.199100528324 
30.823811521223 7.190484136575 
30.847367780798 7.182217010648 
30.870811938862 7.174225050744 
30.894154300267 7.166297198500 
30.917407292040 7.158340522772 
30.940585177512 7.150339741715 
30.963703256442 7.142291328893 
30.986777069573 7.134169412876 
31.009819866933 7.125921958017 
31.032846452441 7.117515213158 
31.055872437075 7.108952876548 
31.078909536212 7.100272946295 
31.101973163212 7.091507061671 
31.125073181751 7.082662440038 
31.148209657139 7.073735983709 
31.171385743692 7.064711025783 
31.194609779853 7.055578171028 
31.217890248658 7.046334250534 
31.241230183562 7.036981576796 
31.264637323081 7.027522493713 
31.288115704736 7.017957467795 
31.311671027279 7.008279896475 
31.335300501419 6.998485748816 
31.359006693964 6.988583103223 
31.382792768052 6.978594243962 
31.406659938377 6.968534382800 
31.430608338523 6.958400807720 
31.454612752937 6.948201009664 
31.478672445149 6.937946310095 
31.502787530937 6.927667806410 
31.526954182625 6.917407594392 
31.551170184256 6.907197798400 
31.575435377755 6.897055936267 
31.599747771574 6.886992688637 
31.624097455138 6.877020046051 
31.648448179567 6.867160180532 
31.672793622084 6.857416856947 
31.697135589659 6.847796571505 
31.721470291483 6.838326277573 
31.745797755356 6.829038321021 
31.770110310144 6.819957114858 
31.794404341991 6.811086548134 
31.818685817576 6.802418768524 
31.842962542792 6.793949030594 
31.867241699387 6.785668501984 
31.891516150828 6.777560290273 
31.915770051264 6.769600562986 
31.940010066254 6.761759316885 
31.964242702291 6.754024641848 
31.988473521223 6.746403121048 
32.012709344565 6.738913765632 
32.036935178537 6.731586771675 
32.061151857248 6.724429412318 
32.085365751071 6.717411415515 
32.109582483384 6.710477892204 
32.133807887702 6.703572326757 
32.158019128315 6.696679064833 
32.182212781403 6.689808876335 
32.206395879491 6.682989519456 
32.230577235337 6.676240571165 
32.254761798811 6.669570618703 
32.278957190290 6.662969254791 
32.303140297933 6.656430660138 
32.327316240768 6.649938411511 
32.351492418733 6.643475718561 
32.375675607966 6.637028000562 
32.399874874744 6.630588607881 
32.424078737917 6.624174889105 
32.448291448265 6.617810146542 
32.472520580980 6.611506241619 
32.496772773257 6.605254893937 
32.521054684337 6.599037063246 
32.545344256532 6.592848413319 
32.569644657133 6.586683813093 
32.593936218007 6.580550871110 
32.618212314329 6.574457179229 
32.642466589613 6.568411887202 
32.666639910107 6.562446105639 
32.690734457113 6.556570383914 
32.714770906759 6.550782430223 
32.738751434803 6.545076713482 
32.762694231798 6.539436584198 
32.786610949156 6.533841122110 
32.810496032869 6.528278196893 
32.834344623946 6.522747171164 
32.858158163272 6.517255568680 
32.881960497860 6.511813473894 
32.905768458531 6.506432429758 
32.929581251047 6.501127677220 
32.953403965916 6.495897988209 
32.977263787542 6.490720897470 
33.001162619608 6.485567514944 
33.025097230237 6.480412171409 
33.049072584106 6.475241522679 
33.073101747085 6.470054047422 
33.097192499889 6.464851089991 
33.121358067056 6.459623932552 
33.145573860473 6.454375711278 
33.169810465900 6.449114566646 
33.194065615677 6.443843032521 
33.218339685103 6.438564481989 
33.242612875567 6.433293087707 
33.266882907784 6.428030276009 
33.291149855028 6.422767979451 
33.315395215725 6.417508938143 
33.339613201624 6.412264885761 
33.363806650065 6.407051074755 
33.387977470791 6.401875031304 
33.412126346459 6.396730096836 
33.436256081032 6.391602089371 
33.460367180345 6.386487119555 
33.484461961645 6.381385809886 
33.508543008446 6.376303609558 
