0.000000000000000000e+00 3.579257420000114820e-02
5.000000000000000104e-03 2.229094546815297770e-02
1.324999999999999963e-02 1.249806969616251683e-05
2.699999999999999969e-02 1.044517024795155229e-05
4.212500000000000272e-02 9.007689743741665353e-06
5.876250000000000223e-02 7.948795065211022395e-06
7.706375000000000031e-02 7.139307483711512464e-06
9.719512499999999333e-02 6.493972371776109013e-06
1.193396374999999981e-01 5.964967320678849152e-06
1.430949299089999960e-01 5.531338155116575776e-06
1.668936790520000046e-01 5.190633356040278313e-06
1.907331015619999903e-01 4.917878727784959385e-06
2.146100093559999977e-01 4.695491645743128533e-06
2.385212630519999988e-01 4.508977834299641509e-06
2.624644204000000092e-01 4.350125940757680864e-06
2.864369534119999838e-01 4.213486271480194245e-06
3.104366811609999832e-01 4.094469287980969619e-06
3.344616874049999855e-01 3.990078480440027684e-06
3.585099924749999833e-01 3.897753616185270312e-06
3.825801448849999731e-01 3.815713001712327385e-06
4.066704707989999834e-01 3.742362281278140444e-06
4.307797303129999866e-01 3.676581895289681618e-06
4.549066051189999960e-01 3.617298891838023877e-06
4.790499819149999783e-01 3.563737690699044008e-06
5.032089234330000549e-01 3.515258355520334730e-06
5.273823230869999490e-01 3.471290102577499867e-06
5.515694961279999919e-01 3.431357231227421838e-06
5.757694405309999874e-01 3.395091452974545945e-06
5.999815709310000189e-01 3.362113208739805370e-06
6.242051561860000319e-01 3.332170757016286490e-06
6.484395641879999728e-01 3.304975681502575877e-06
6.726842623300000046e-01 3.280318012805053435e-06
6.969385891870000238e-01 3.257995668550560761e-06
7.212021894910000119e-01 3.237836933777704762e-06
7.454744383050000422e-01 3.219714150689013593e-06
7.697549910600000045e-01 3.203449042657305959e-06
7.940433769370000006e-01 3.188959803125988808e-06
8.183392037009999953e-01 3.176108866744416328e-06
8.426421792249999543e-01 3.164756293117234783e-06
8.669518160770000037e-01 3.154894063225866230e-06
8.912679193679999834e-01 3.146394341454824687e-06
9.155881332180000332e-01 3.139162688826130837e-06
9.399121089740000157e-01 3.133183353128400866e-06
9.642396171870000199e-01 3.128343259136601939e-06
9.885704566199999821e-01 3.124593145539592733e-06
1.012904516671000010e+00 3.121895892666900853e-06
1.037241524199000064e+00 3.120209050296969547e-06
1.061581384421000029e+00 3.119465499238355334e-06
1.085923902865999935e+00 3.119606528566634256e-06
1.110268934492999904e+00 3.120624825834578155e-06
1.134616394035000031e+00 3.122504274701767440e-06
1.158966063924000034e+00 3.125140383527711694e-06
1.183317884150999921e+00 3.128550745809046850e-06
1.207671680115000035e+00 3.132696958366351348e-06
1.232027348686000057e+00 3.137551652958550120e-06
1.256384819518000073e+00 3.143098940369609597e-06
1.280743915830999891e+00 3.149254401856490642e-06
1.305104601660999952e+00 3.156078721707202149e-06
1.329466714897000079e+00 3.163532902257072380e-06
1.353830185909999928e+00 3.171548903133397616e-06
1.378194952729999923e+00 3.180131753003215484e-06
1.402560868307999975e+00 3.189278586273281774e-06
1.426927914109999973e+00 3.198969340095960732e-06
1.451295937108000089e+00 3.209164676363737434e-06
1.475664892608000045e+00 3.219878676551803867e-06
1.500034726595000034e+00 3.231096303430081512e-06
1.524405312924000055e+00 3.242752756613344857e-06
1.548776645580000055e+00 3.254890153663491625e-06
1.573148583650999965e+00 3.267510227866355454e-06
1.597521096149000064e+00 3.280545047425890082e-06
1.621894139591000039e+00 3.294000216977334221e-06
1.646267599900000045e+00 3.307913659237167760e-06
1.670641480121000111e+00 3.322204317233037001e-06
1.695015653887999907e+00 3.336888285963098845e-06
1.719389889943000016e+00 3.351999787843056571e-06
1.743764165418000056e+00 3.367484475298953141e-06
1.768138444327999936e+00 3.383320306732477712e-06
1.792512727042000042e+00 3.399546499513248209e-06
1.816887005692999990e+00 3.416123752785230007e-06
1.841261254301000072e+00 3.433051302821377125e-06
1.865635476527000014e+00 3.450349725621454188e-06
1.890009646400000021e+00 3.467958157275283403e-06
1.914383757923000084e+00 3.485895241727121400e-06
1.938757813040000055e+00 3.504183293431966166e-06
1.963131779240999908e+00 3.522801641222501887e-06
1.987505661439999960e+00 3.541708131968982681e-06
2.011879444569999897e+00 3.560940224023008678e-06
2.036252901445000152e+00 3.580499648184377321e-06
2.060625994980000097e+00 3.600334508598382078e-06
2.084998651857000063e+00 3.620482683323098464e-06
2.109370879031000179e+00 3.640922202058599872e-06
2.133742623737000077e+00 3.661615588602314565e-06
2.158113846746000153e+00 3.682620825500149826e-06
2.182484544208000088e+00 3.703941017280718414e-06
2.206854637076999914e+00 3.725494409847215161e-06
2.231224119229000102e+00 3.747336667181133996e-06
2.255592989450000196e+00 3.769453210807365936e-06
2.279961165462999872e+00 3.791823418225777360e-06
2.304328649242000093e+00 3.814483911632348470e-06
2.328695416880000035e+00 3.837377639470202157e-06
2.353061413162000015e+00 3.860543088978802637e-06
2.377426648057999969e+00 3.883958885403913839e-06
2.401791078919000011e+00 3.907628962257391606e-06
2.426154667251000152e+00 3.931548307450424563e-06
2.450517433861000072e+00 3.955719968287547883e-06
2.474879304864999963e+00 3.980146713587045246e-06
2.499240266526999932e+00 4.004800576295204263e-06
2.523600338260000076e+00 4.029706710277481774e-06
2.547959451355000127e+00 4.054846805294587868e-06
2.572317597815000134e+00 4.080235284120443009e-06
2.596674785257000018e+00 4.105856609262583160e-06
2.621030947407999800e+00 4.131690159873275889e-06
2.645386092545999990e+00 4.157771342946966574e-06
2.669740221705000138e+00 4.184065635107396425e-06
2.694093270141999952e+00 4.210612654484572648e-06
2.718445254571999925e+00 4.237387344667051272e-06
2.742796164709000006e+00 4.264376064472197769e-06
2.767145938336000199e+00 4.291596098685063044e-06
2.791494603537000074e+00 4.319022572485627491e-06
2.815842148364000153e+00 4.346683926260252312e-06
2.840188512264000043e+00 4.374556016800445412e-06
2.864533726154999904e+00 4.402655463010460133e-06
2.888877771897000013e+00 4.430969974217567337e-06
2.913220590629999940e+00 4.459515167278401833e-06
2.937562219820000209e+00 4.488266588543515002e-06
2.961902643985999894e+00 4.517212506555586671e-06
2.986241806169000146e+00 4.546389349547744453e-06
3.010579741667000153e+00 4.575793346519944916e-06
3.034916433487000020e+00 4.605392208630402249e-06
3.059251825769000011e+00 4.635201376819418842e-06
3.083585955539000167e+00 4.665237100922581655e-06
3.107918813297999794e+00 4.695467097831659884e-06
3.132250346015999831e+00 4.725907862129962671e-06
3.156580582818000025e+00 4.756575856809146007e-06
3.180909518272000192e+00 4.787437597264883308e-06
3.205237100450000209e+00 4.818490393447705928e-06
3.229563354629000127e+00 4.849769455763135582e-06
3.253888288096999926e+00 4.881261713543826164e-06
3.278211851286000122e+00 4.912946277555370762e-06
3.302534056130999929e+00 4.944837094067692074e-06
3.326854919046999814e+00 4.976940215908982848e-06
3.351174391808999786e+00 5.009236763874283577e-06
3.375492476943000142e+00 5.041759323057525067e-06
3.399809209349000216e+00 5.074471719700283515e-06
3.424124543315000047e+00 5.107379461627718688e-06
3.448438461861000004e+00 5.140513775444017900e-06
3.472751014866000130e+00 5.173857080787156907e-06
3.497062157224000156e+00 5.207376781113769922e-06
3.521371857176000209e+00 5.241104185570060725e-06
3.545680165832000075e+00 5.275037324618786975e-06
3.569987067307000217e+00 5.309186449586936446e-06
3.594292519050999779e+00 5.343546326496248944e-06
3.618596554694999856e+00 5.378070727864566978e-06
3.642899177363000174e+00 5.412829753252844325e-06
3.667200345858999899e+00 5.447781150701656026e-06
3.691500074088999828e+00 5.482937189758694784e-06
3.715798394387999970e+00 5.518303908679608788e-06
3.740095267994000050e+00 5.553866454249174179e-06
3.764390678233000109e+00 5.589634445523718919e-06
3.788684679699999780e+00 5.625610489495550075e-06
3.812977236428999994e+00 5.661802228916767242e-06
3.837267809730999790e+00 5.698169532136564521e-06
3.861556184599999941e+00 5.734758378864487888e-06
3.885842320910999792e+00 5.771544354807547119e-06
3.910126214617000162e+00 5.808515746792274493e-06
3.934407925966000086e+00 5.845720420832635669e-06
3.958687394747999910e+00 5.883126008778005642e-06
3.982964608616999858e+00 5.920720642629692803e-06
4.007239606255000197e+00 5.958524823455515413e-06
4.031512376875999948e+00 5.996545579312427628e-06
4.055782902095000253e+00 6.034759626574468850e-06
4.080051192430000029e+00 6.073180756529030316e-06
4.104317285671999826e+00 6.111815821482098310e-06
4.128581137919000277e+00 6.150649562647748152e-06
4.152842743148999816e+00 6.189710298977879300e-06
4.177102162224000104e+00 6.228941604095112826e-06
4.201359346099000192e+00 6.268392647082416408e-06
4.225614293613999983e+00 6.308074915021243123e-06
4.249867027732999958e+00 6.347944413207146028e-06
4.274117567661000372e+00 6.388028781716937772e-06
4.298365883695000278e+00 6.428330168878045462e-06
4.322611979972999841e+00 6.468836313827334899e-06
4.346855917178999995e+00 6.509535096097066945e-06
4.371097638000000174e+00 6.550454188346519962e-06
4.395337149247000141e+00 6.591601964311131772e-06
4.419574485986999868e+00 6.632958394061156112e-06
4.443809650972999847e+00 6.674531147934625277e-06
4.468042623508000410e+00 6.716318727717198287e-06
4.492273415868999642e+00 6.758290425873512516e-06
4.516502081900999777e+00 6.800495941338818196e-06
4.540728572384000294e+00 6.842920848377669524e-06
4.564952896509000269e+00 6.885573398350989323e-06
4.589175094879999861e+00 6.928434827247475753e-06
4.613395164106999680e+00 6.971492362852071216e-06
4.637613087681000223e+00 7.014784372624785699e-06
4.661828882600000057e+00 7.058300816800731832e-06
4.686042603155000208e+00 7.102030731518534644e-06
4.710254200388000356e+00 7.145979712356416167e-06
4.734463688428999895e+00 7.190155815324366731e-06
4.758671105889000330e+00 7.234539987379521835e-06
4.782876454402000377e+00 7.279161360737004351e-06
4.807079716806000214e+00 7.324017298118624799e-06
4.831280912762999868e+00 7.369095890416734715e-06
4.855480104284000120e+00 7.414387530047587986e-06
4.879677235332000151e+00 7.459878830242571606e-06
4.903872324185999609e+00 7.505637902662612097e-06
4.928065406953000327e+00 7.551623751729724933e-06
4.952256499774000176e+00 7.597804531431342997e-06
4.976445579812000197e+00 7.644241421604861805e-06
5.000632665850000436e+00 7.690900151910881171e-06
5.024817822312999560e+00 7.737791158688935264e-06
5.049001003007999699e+00 7.784944377737689606e-06
5.073182212867999752e+00 7.832304457948227898e-06
5.097361494323999764e+00 7.879866517271720674e-06
5.121538880639000091e+00 7.927705100147696077e-06
5.145714338538000199e+00 7.975781547350188852e-06
5.169887883958000252e+00 8.024080993946133207e-06
5.194059575288999753e+00 8.072609780477744282e-06
5.218229387467999913e+00 8.121398609572558916e-06
5.242397319960000246e+00 8.170436987376871395e-06
5.266563410743000162e+00 8.219674014408251476e-06
5.290727714762000211e+00 8.269166057584027913e-06
5.314890181518999945e+00 8.318919067019699351e-06
5.339050830736000286e+00 8.368917562276950554e-06
5.363209702816000402e+00 8.419161838711418375e-06
5.387366815055999680e+00 8.469641291139691134e-06
5.411522149670999760e+00 8.520374160641708830e-06
5.435675737108000227e+00 8.571348085939102293e-06
5.459827630246000041e+00 8.622551468013257719e-06
5.483977807411999805e+00 8.674036660520524492e-06
5.508126260627999926e+00 8.725791403451192222e-06
5.532273035643999748e+00 8.777764815962671582e-06
5.556418177958000193e+00 8.829992154627446720e-06
5.580561650717999811e+00 8.882498225543702716e-06
5.604703477709000126e+00 8.935246970856895312e-06
5.628843705953999965e+00 8.988239592342728401e-06
5.652982352022999812e+00 9.041509857513302210e-06
5.677119391051999919e+00 9.095034116085423103e-06
5.701254857610999593e+00 9.148819197386694728e-06
5.725388798014999558e+00 9.202872788745494430e-06
5.749521207993000260e+00 9.257184761358923600e-06
5.773652076223999785e+00 9.311764996365426122e-06
5.797781455171000076e+00 9.366603474213432747e-06
5.821909385278000393e+00 9.421714910153589965e-06
5.846035842184000408e+00 9.477085162025031129e-06
5.870160833837999803e+00 9.532740080403279937e-06
5.894284412510000237e+00 9.588655640079254551e-06
5.918406604531999626e+00 9.644846577388221717e-06
5.942527386489000030e+00 9.701310879456501578e-06
5.966646793770999935e+00 9.758035335057603705e-06
5.990764870349000404e+00 9.815066294781117027e-06
6.014881626490000244e+00 9.872375400017513504e-06
6.038997039350999962e+00 9.929934321688143844e-06
6.063111157849999877e+00 9.987793289776908799e-06
6.087224016072999788e+00 1.004593856821152273e-05
6.111335628815999677e+00 1.010434057278871068e-05
6.135445973404999975e+00 1.016303011369412339e-05
6.159555113064000054e+00 1.022201764685930347e-05
6.183663075779000096e+00 1.028131745908728256e-05
6.207769855591999786e+00 1.034087289858818318e-05
6.231875453739999848e+00 1.040071150779631656e-05
6.255979929068000267e+00 1.046087141750030599e-05
6.280083298680000148e+00 1.052130348006734959e-05
6.304185559001999728e+00 1.058204830084406404e-05
6.328286732243999957e+00 1.064307290683667159e-05
6.352386869334000430e+00 1.070437902742737365e-05
6.376485984388000183e+00 1.076602225984623704e-05
6.400584062483999581e+00 1.082793487800230966e-05
6.424681144827999901e+00 1.089014897165482848e-05
6.448777256055000073e+00 1.095268541205221132e-05
6.472872437181999672e+00 1.101553601114373652e-05
6.496966654943999941e+00 1.107867521260605354e-05
6.521059972414000150e+00 1.114209179136461379e-05
6.545152404986000150e+00 1.120585333984037270e-05
6.569243991217000200e+00 1.126993118713858055e-05
6.593334691511000045e+00 1.133431734756060577e-05
6.617424577299000354e+00 1.139902016770935244e-05
6.641513661844999916e+00 1.146400711471622822e-05
6.665601976740999746e+00 1.152932763414267504e-05
6.689689502462999648e+00 1.159499310665711559e-05
6.713776309445999679e+00 1.166095504120985633e-05
6.737862404240999581e+00 1.172722664131213217e-05
6.761947804845999777e+00 1.179385174025901137e-05
6.786032507148999748e+00 1.186079808699214669e-05
6.810116574119000177e+00 1.192804271378462040e-05
6.834200010995999719e+00 1.199563700385998710e-05
6.858282839881000292e+00 1.206355989117225123e-05
6.882365067441999607e+00 1.213182353437884530e-05
6.906446748235000044e+00 1.220040594688422138e-05
6.930527893672000062e+00 1.226931851969412777e-05
6.954608513654999769e+00 1.233860117889927937e-05
6.978688623421000159e+00 1.240820458361598211e-05
7.002768264000000187e+00 1.247814613073933298e-05
7.026847463003999650e+00 1.254841329742278237e-05
7.050926227917999611e+00 1.261904929665080750e-05
7.075004579818999773e+00 1.269002571433567868e-05
7.099082554335000239e+00 1.276134023825500156e-05
7.123160181882999709e+00 1.283302323730775937e-05
7.147237460855000002e+00 1.290503332128868510e-05
7.171314418026000226e+00 1.297742656175728360e-05
7.195391077411000147e+00 1.305017697686837683e-05
7.219467483064000213e+00 1.312324949651698567e-05
7.243543634772000139e+00 1.319668942122337091e-05
7.267619560826999781e+00 1.327051159854837948e-05
7.291695283769000113e+00 1.334469064912189203e-05
7.315770846798000271e+00 1.341921468204506119e-05
7.339846239396999650e+00 1.349412670688852337e-05
7.363921500081000104e+00 1.356941960106707093e-05
7.387996641177999813e+00 1.364504824111131346e-05
7.412071715220999835e+00 1.372107843744210994e-05
7.436146719614000311e+00 1.379747489676829279e-05
7.460221685625000099e+00 1.387423157304551378e-05
7.484296629432999559e+00 1.395138528922140960e-05
7.508371599252999573e+00 1.402892218791762104e-05
7.532446586528999788e+00 1.410684525570550446e-05
7.556521627379000350e+00 1.418512872174718326e-05
7.580596730843000230e+00 1.426380803002943633e-05
7.604671952011999636e+00 1.434290535846669619e-05
7.628747294754999686e+00 1.442236808603822388e-05
7.652822782150000336e+00 1.450221188292888041e-05
7.676898431640999831e+00 1.458249195200263698e-05
7.700974290487000218e+00 1.466315076314750726e-05
7.725050359758999896e+00 1.474419524019306496e-05
7.749126663071000287e+00 1.482566180564406059e-05
7.773203217407999688e+00 1.490750054169555312e-05
7.797280071961999681e+00 1.498977459413353474e-05
7.821357242444999969e+00 1.507247403944231008e-05
7.845434738974000233e+00 1.515555482721770095e-05
7.869512587568999962e+00 1.523906958003060976e-05
7.893590826667000293e+00 1.532297895017564643e-05
7.917669474639000171e+00 1.540731500683419560e-05
7.941748534432999662e+00 1.549207358367825726e-05
7.965828035141999663e+00 1.557726428251192781e-05
7.989908015336999902e+00 1.566288506608421057e-05
8.013988508408999678e+00 1.574890945693758384e-05
8.038069505699999340e+00 1.583537720314065367e-05
8.062151046390999554e+00 1.592225604804948347e-05
8.086233154908999410e+00 1.600960865244093956e-05
8.110315868807999706e+00 1.609738605469709610e-05
8.134399170497999876e+00 1.618558540695783532e-05
8.158483106872999713e+00 1.627425694631317145e-05
8.182567695131000463e+00 1.636335350973856415e-05
8.206652997095000401e+00 1.645289255565018910e-05
8.230738977619999730e+00 1.654289558909469111e-05
8.254825696131000257e+00 1.663337297227035900e-05
8.278913147580000853e+00 1.672427914245849475e-05
8.303001400757999306e+00 1.681564343569542813e-05
8.327090425899999815e+00 1.690746921965233539e-05
8.351180280678999424e+00 1.699975207045460962e-05
8.375270947514000142e+00 1.709252769818031016e-05
8.399362500259000441e+00 1.718576722147522302e-05
8.423454942332000428e+00 1.727946819850669633e-05
8.447548295632000048e+00 1.737363111405925502e-05
8.471642561012000527e+00 1.746828477214314892e-05
8.495737795127000780e+00 1.756344392000468952e-05
8.519834015054000176e+00 1.765906616849491302e-05
8.543931221396999121e+00 1.775517086164355438e-05
8.568029434303999992e+00 1.785178296779025851e-05
8.592128698144000154e+00 1.794887265462607965e-05
8.616229057162000160e+00 1.804644409966353396e-05
8.640330487375999624e+00 1.814454009070098079e-05
8.664433028384999957e+00 1.824312540507387273e-05
8.688536694367000379e+00 1.834221287640305727e-05
8.712641545672999754e+00 1.844183848789310279e-05
8.736747553917000531e+00 1.854196640761878668e-05
8.760854764385999971e+00 1.864257867085355674e-05
8.784963141307999379e+00 1.874372136161928578e-05
8.809072664412999742e+00 1.884541761337024939e-05
8.833183239773999773e+00 1.894760012885203903e-05
8.857294860611000686e+00 1.905032391307035221e-05
8.881407506238000238e+00 1.915358291954785780e-05
8.905521184751000519e+00 1.925735043646879276e-05
8.929635838509000223e+00 1.936169487417425616e-05
8.953751461387000177e+00 1.946655167338984482e-05
8.977868053230000811e+00 1.957195647755377528e-05
9.001985622514000696e+00 1.967793260960930819e-05
9.026104111348999481e+00 1.978442717298683207e-05
9.050223506534999629e+00 1.989147771202965937e-05
9.074343810607999217e+00 1.999910472034354116e-05
9.098465011453999551e+00 2.010728509241142538e-05
9.122587067199999566e+00 2.021602588480356867e-05
9.146709949155999553e+00 2.032536198951518186e-05
9.170833681928000303e+00 2.043525314875522359e-05
9.194958233671000514e+00 2.054569486693374146e-05
9.219083591350999640e+00 2.065675603162874028e-05
9.243209707196999858e+00 2.076839935497981897e-05
9.267336607673000159e+00 2.088059039615179077e-05
9.291464229590999935e+00 2.099340068990023921e-05
9.315592577903000659e+00 2.110681380821890739e-05
9.339721627955999139e+00 2.122082491113339966e-05
9.363851395470000227e+00 2.133545346211070050e-05
9.387981812592000708e+00 2.145066406208691803e-05
9.412112881558000410e+00 2.156649330200947380e-05
9.436244592508000295e+00 2.168295045698964918e-05
9.460376928123000795e+00 2.180002381356602591e-05
9.484509857876000538e+00 2.191772003464349501e-05
9.508643350560999963e+00 2.203603735228573427e-05
9.532777425880000877e+00 2.215500205064327248e-05
9.556912040989999468e+00 2.227462557730751624e-05
9.581047190596999386e+00 2.239486513033179298e-05
9.605182835244999495e+00 2.251575063961000671e-05
9.629318996023000565e+00 2.263731853699908848e-05
9.653455599300000856e+00 2.275953417703055094e-05
9.677592652890000480e+00 2.288241090222360529e-05
9.701730142756000319e+00 2.300595855508960947e-05
9.725868056926000094e+00 2.313018268469548640e-05
9.750006369581999621e+00 2.325507201784972561e-05
9.774145050034000803e+00 2.338064544928730959e-05
9.798284119364000233e+00 2.350692706313448576e-05
9.822423498243999518e+00 2.363389969868424207e-05
9.846563200730999554e+00 2.376157455796717397e-05
9.870703209444000592e+00 2.388994234486174764e-05
9.894843516761000046e+00 2.401903581742588704e-05
9.918984080440999662e+00 2.414884116458191054e-05
9.943124880101999352e+00 2.427936588967523967e-05
9.967265941251000072e+00 2.441064346287208142e-05
9.991407178799999400e+00 2.454263762593010981e-05
1.001554860707899941e+01 2.467537786639216785e-05
1.003969020741499918e+01 2.480887513068745360e-05
1.006383197238299942e+01 2.494312124037307912e-05
1.008797385942700053e+01 2.507812079965330659e-05
1.011211585292699944e+01 2.521388858707213196e-05
1.013625796207599983e+01 2.535045527270727607e-05
1.016040011376800045e+01 2.548778122472529972e-05
1.018454231359799955e+01 2.562589149385654947e-05
1.020868456094700072e+01 2.576481276844407899e-05
1.023282680970300085e+01 2.590454339203083261e-05
1.025696906391000063e+01 2.604507884918180432e-05
1.028111128627100079e+01 2.618641331761594504e-05
1.030525345490499944e+01 2.632858015654437306e-05
1.032939554650499936e+01 2.647158563182463827e-05
1.035353752931199978e+01 2.661544788450856262e-05
1.037767942361899998e+01 2.676014220758941818e-05
1.040182116704500004e+01 2.690568308109105402e-05
1.042596275514599924e+01 2.705210125878789210e-05
1.045010418257399998e+01 2.719940952874556924e-05
1.047424538515999970e+01 2.734759731572211614e-05
1.049838637773400052e+01 2.749664952411213018e-05
1.052252712362199993e+01 2.764661239337395582e-05
1.054666759291099964e+01 2.779749164781309670e-05
1.057080777647500014e+01 2.794927404933852984e-05
1.059494763213299962e+01 2.810199179850905382e-05
1.061908716730600055e+01 2.825565775140008511e-05
1.064322631917799988e+01 2.841025953138399431e-05
1.066736508125000071e+01 2.856581962689973194e-05
1.069150345847599937e+01 2.872236087253828013e-05
1.071564137270899941e+01 2.887987283600530113e-05
1.073977884663299953e+01 2.903835533173376553e-05
1.076391583786199924e+01 2.919784728522398484e-05
1.078805230569500040e+01 2.935834932852692648e-05
1.081218824136499990e+01 2.951987154079816226e-05
1.083632362322799914e+01 2.968244261195119796e-05
1.086045839666999946e+01 2.984602855033410601e-05
1.088459256126900065e+01 3.001067927342495915e-05
1.090872608504500008e+01 3.017641631846548414e-05
1.093285893249199958e+01 3.034320025590173608e-05
1.095699107034799979e+01 3.051109885457257506e-05
1.098112248842400085e+01 3.068009718448793283e-05
1.100525314467500060e+01 3.085021353073459568e-05
1.102938300106800007e+01 3.102146317662891396e-05
1.105351205869400033e+01 3.119384730684654982e-05
1.107764027821299990e+01 3.136741081469102832e-05
1.110176759230400023e+01 3.154214112861257089e-05
1.112589401440500048e+01 3.171804408797197175e-05
1.115001950107300033e+01 3.189515134939550553e-05
1.117414398734499947e+01 3.207348679164479080e-05
1.119826748773900071e+01 3.225304802020683391e-05
1.122238997566699936e+01 3.243385546671523340e-05
1.124651134228400018e+01 3.261592417491614528e-05
1.127063163210499930e+01 3.279928225608321374e-05
1.129475078855599968e+01 3.298393004372740826e-05
1.131886873477900046e+01 3.316988293759325096e-05
1.134298548460400013e+01 3.335718133196340752e-05
1.136710102411399959e+01 3.354582662957610083e-05
1.139121521734199938e+01 3.373582332301059279e-05
1.141532810450300062e+01 3.392722451056689835e-05
1.143943965290199927e+01 3.412001530043648739e-05
1.146354975007599997e+01 3.431422989532534849e-05
1.148765843215999993e+01 3.450988958332137165e-05
1.151176564737200003e+01 3.470700184670822970e-05
1.153587130610899969e+01 3.490559961329998284e-05
1.155997539977400024e+01 3.510569640712291062e-05
1.158407790778599988e+01 3.530734644604806408e-05
1.160817872042300003e+01 3.551052140865732941e-05
1.163227785743799991e+01 3.572383714404342751e-05
1.165637526154899994e+01 3.594106395939133844e-05
1.168047084903800048e+01 3.615191728634392805e-05
1.170456463887500043e+01 3.636207823211687210e-05
1.172865655450799949e+01 3.657312966148929244e-05
1.175274649936899962e+01 3.678571251976592044e-05
1.177683448277799982e+01 3.700006006873628552e-05
1.180092043316800066e+01 3.721627066593120723e-05
1.182500425979599967e+01 3.743439183716515975e-05
1.184908596690000060e+01 3.765439933009357825e-05
1.187316552399100011e+01 3.787629358587442358e-05
1.189724277772699956e+01 3.810010366839431485e-05
1.192131774234099950e+01 3.832582389290428872e-05
1.194539038009200027e+01 3.855348034750077712e-05
1.196946054433399986e+01 3.878309094255058678e-05
1.199352825478199946e+01 3.901466556989343861e-05
1.201759343426899918e+01 3.924828199491737444e-05
1.204165600750200049e+01 3.948393150793857510e-05
1.206571593736899928e+01 3.972160784691040035e-05
1.208977313474800042e+01 3.996139892073078472e-05
1.211382753314699912e+01 4.020334687465484849e-05
1.213787909713700053e+01 4.044742914434179461e-05
1.216192774013600086e+01 4.069368527277962739e-05
1.218597338307199962e+01 4.094221403385608384e-05
1.221001597380399950e+01 4.119299080439940339e-05
1.223405546522299936e+01 4.144606620638515766e-05
1.225809172649199930e+01 4.170146798343847257e-05
1.228212472815600087e+01 4.195926096081925425e-05
1.230615441443499947e+01 4.221948862366014561e-05
1.233018066077199926e+01 4.248213442496476857e-05
1.235420341105499986e+01 4.274729441024505307e-05
1.237822260047900080e+01 4.301497886369409258e-05
1.240223809682199985e+01 4.328523725715067630e-05
1.242624989904200028e+01 4.355814705221016980e-05
1.245025788622800000e+01 4.383368590362373931e-05
1.247426194836000057e+01 4.411192200332112855e-05
1.249826205424500003e+01 4.439295341360149704e-05
1.252225808261900042e+01 4.467677268123561497e-05
1.254624992490500013e+01 4.496340017384901010e-05
1.257023751082300045e+01 4.525294367344999001e-05
1.259422077710300059e+01 4.554541350534379495e-05
1.261819962438999987e+01 4.584087098325532837e-05
1.264217393128999944e+01 4.613939217140554540e-05
1.266614361074299921e+01 4.644098988195435515e-05
1.269010857786100033e+01 4.674569336253202203e-05
1.271406872049199954e+01 4.705360392835664264e-05
1.273802394107299918e+01 4.736478723881279646e-05
1.276197415154000048e+01 4.767922124886076672e-05
1.278591922043399975e+01 4.799701837997030377e-05
1.280985907748300079e+01 4.831824719798840458e-05
1.283379359226499972e+01 4.864289380854835320e-05
1.285772261112400017e+01 4.897106903736655147e-05
1.288164610739399940e+01 4.930284015950369119e-05
1.290556394986800015e+01 4.963821037454921694e-05
1.292947597352299915e+01 4.997728903915919031e-05
1.295338208987599948e+01 5.032011984507588596e-05
1.297728220051300063e+01 5.066674167749301389e-05
1.300117616649600016e+01 5.101722023158469441e-05
1.302506387476399929e+01 5.137164183366132607e-05
1.304894519223699945e+01 5.173006803125933121e-05
1.307282003356499978e+01 5.209251951895009866e-05
1.309668821633700020e+01 5.245909909201886538e-05
1.312054962757100007e+01 5.282984198089424538e-05
1.314440415624500069e+01 5.320481290517404302e-05
1.316825162130099969e+01 5.358410791996580434e-05
1.319209198403400052e+01 5.396775752613625424e-05
1.321592504586799954e+01 5.435583254516023019e-05
1.323975067647399939e+01 5.474839875573930288e-05
1.326356879491799923e+01 5.514553639575826979e-05
1.328737915673499970e+01 5.554728328414763362e-05
1.331118167538999941e+01 5.595370056910936802e-05
1.333497619216799990e+01 5.636488952462623031e-05
1.335876261389599939e+01 5.678087884193537787e-05
1.338254082113800081e+01 5.720175439353145233e-05
1.340631053644499993e+01 5.762757301866285628e-05
1.343007172513100045e+01 5.805838127302211159e-05
1.345382420645800003e+01 5.849423525786706706e-05
1.347756780562900047e+01 5.893524031584371946e-05
1.350130242115399959e+01 5.938146905733087186e-05
1.352502788284099999e+01 5.983289960842689490e-05
1.354874409977499994e+01 6.028965809318899774e-05
1.357245081499999984e+01 6.075179740777188122e-05
1.359614795568800005e+01 6.121935938979187705e-05
1.361983541004899934e+01 6.169242095273227153e-05
1.364351291050400050e+01 6.217100354857999357e-05
1.366718040443000071e+01 6.265518791366768805e-05
1.369083772174499991e+01 6.314504603547742463e-05
1.371448473431999915e+01 6.364061916137914350e-05
1.373812128482900086e+01 6.414192490484494041e-05
1.376174722836199926e+01 6.464904121282943807e-05
1.378536244151399970e+01 6.516203836875982664e-05
1.380896670946300020e+01 6.568092819889133187e-05
1.383256001932200085e+01 6.620576297385678995e-05
1.385614223788200050e+01 6.673661018951144639e-05
1.387971308960899997e+01 6.727346996868478215e-05
1.390327261642999979e+01 6.781640083362111234e-05
1.392682060740500027e+01 6.836543941713409502e-05
1.395035692510199965e+01 6.892063469762424845e-05
1.397388155706300061e+01 6.948201114602000294e-05
1.399739437572899980e+01 7.004958246837258572e-05
1.402089531021299962e+01 7.062341644303678418e-05
1.404438410200400078e+01 7.120348448254998743e-05
1.406786079359999952e+01 7.178984889793369102e-05
1.409132532324499998e+01 7.238255607626297068e-05
1.411477754401500029e+01 7.298156935843988220e-05
1.413821749631999936e+01 7.358690175659594543e-05
1.416164509032200058e+01 7.419863490008427184e-05
1.418506012001899919e+01 7.481673147795311570e-05
1.420846270271900025e+01 7.544119628416550089e-05
1.423185272221700082e+01 7.607207971487962123e-05
1.425523009800899921e+01 7.670933655485769997e-05
1.427859499842399948e+01 7.735301247204413877e-05
1.430194738766500073e+01 7.800308301777650983e-05
1.432528704162900013e+01 7.865953580638506640e-05
1.434861416784499966e+01 7.932240282093909120e-05
1.437192867463200052e+01 7.999164807181322826e-05
1.439523077650100014e+01 8.066727337511333704e-05
1.441852032657000038e+01 8.134924834493993250e-05
1.444179736013700044e+01 8.203758036420900272e-05
1.446506211231699979e+01 8.273226924649148271e-05
1.448831463300400024e+01 8.343326864043602647e-05
1.451155457183200070e+01 8.414055584079487720e-05
1.453478250445400022e+01 8.485412856433705757e-05
1.455799842422599966e+01 8.557394426175647521e-05
1.458120236625899935e+01 8.630000543594957977e-05
1.460439443117200042e+01 8.704237068930127370e-05
1.462757460946099997e+01 8.778428155839924744e-05
1.465074346068699995e+01 8.852987071238342524e-05
1.467390094691100089e+01 8.929057217021301764e-05
1.469704695720099963e+01 9.003979821591020865e-05
1.472018196092400011e+01 9.079959341824071675e-05
1.474330591561099979e+01 9.157774235847155047e-05
1.476641935517499959e+01 9.235580766577564191e-05
1.478952217829800020e+01 9.313749136837426554e-05
1.481261451421699959e+01 9.392420255505384277e-05
1.483569681490899939e+01 9.471672693179225978e-05
1.485876927449800000e+01 9.551529917202566348e-05
1.488183208088200082e+01 9.631997167098608711e-05
1.490488544898600054e+01 9.713073069485619751e-05
1.492792954658800042e+01 9.794756114096350480e-05
1.495096474125999997e+01 9.877042706936933465e-05
1.497399131083400015e+01 9.959929480371355177e-05
1.499700969383200011e+01 1.004340912329925768e-04
1.502001993294200055e+01 1.012747732754049100e-04
1.504302239193100021e+01 1.021213252089112669e-04
1.506601741009900053e+01 1.029737249858405312e-04
1.508900533631599927e+01 1.038319465890060340e-04
1.511198670771799968e+01 1.046960239460643580e-04
1.513496154807899963e+01 1.055659127692820562e-04
1.515793024415100021e+01 1.064415642009804294e-04
1.518089336922299992e+01 1.073229688219238902e-04
1.520385138817600001e+01 1.082101098720295609e-04
1.522680463617500024e+01 1.091029664967762202e-04
1.524975317588599921e+01 1.100014628424140730e-04
1.527269759602999954e+01 1.109055976099680317e-04
1.529563848114699987e+01 1.118153858086692724e-04
1.531857638717499981e+01 1.127308125670485318e-04
1.534151154295000019e+01 1.136518686978993267e-04
1.536444412726100062e+01 1.145785794441599035e-04
1.538737485995400078e+01 1.155110218493596010e-04
1.541030445268700078e+01 1.164492055750123719e-04
1.543323324700799937e+01 1.173931637736394990e-04
1.545616143782899954e+01 1.183430359475766094e-04
1.547908958325800022e+01 1.192988779133844542e-04
1.550201821893799981e+01 1.202607795595091395e-04
1.552494822238299932e+01 1.212288475884652056e-04
1.554787956964799989e+01 1.222031077967930123e-04
1.557081273704799962e+01 1.231835487847431152e-04
1.559374843417399958e+01 1.241701632130543713e-04
1.561668729927299992e+01 1.251629068284584130e-04
1.563962949297200034e+01 1.261617391429931633e-04
1.566257534243599991e+01 1.271667139692870478e-04
1.568552547856299917e+01 1.281778108692106875e-04
1.570848076662499970e+01 1.291951181556075029e-04
1.573144122827899949e+01 1.302187715446978468e-04
1.575440682368500056e+01 1.312488439932539617e-04
1.577737853699500015e+01 1.322854919362960859e-04
1.580035675476099932e+01 1.333288299971818183e-04
1.582334178350700071e+01 1.343787365138775756e-04
1.584633334494800039e+01 1.354350726773291818e-04
1.586933208918999938e+01 1.364977008660745589e-04
1.589233893569299916e+01 1.375664360303418957e-04
1.591535329275800059e+01 1.386410891158202762e-04
1.593837530042999973e+01 1.397214833291117995e-04
1.596140542487700031e+01 1.408076502507328793e-04
1.598444404552999920e+01 1.418997261695576905e-04
1.600749064603600047e+01 1.429978489838110275e-04
1.603054567408599951e+01 1.441024049518497326e-04
1.605360926223800178e+01 1.452138290389944303e-04
1.607668159161600130e+01 1.463326446423389069e-04
1.609976203230500147e+01 1.474595217046178325e-04
1.612285105033999955e+01 1.485951606686589154e-04
1.614594905292300098e+01 1.497401420502957471e-04
1.616905526431400020e+01 1.508948619849805137e-04
1.619217001111400123e+01 1.520596201187002477e-04
1.621529386031900088e+01 1.532345430359432288e-04
1.623842592160600162e+01 1.544195352896305057e-04
1.626156641871899922e+01 1.556144701735359193e-04
1.628471608982799879e+01 1.568191054290605461e-04
1.630787398464499915e+01 1.580330339734027276e-04
1.633104044605800098e+01 1.592560669141389242e-04
1.635421617912500025e+01 1.604883467765237008e-04
1.637740042560499987e+01 1.617303346447201496e-04
1.640059341630999867e+01 1.629832177478076943e-04
1.642379585339600112e+01 1.642486826553573220e-04
1.644700740444099907e+01 1.655285804255905843e-04
1.647022810818900140e+01 1.668248980916484266e-04
1.649345861345599928e+01 1.681394456300503955e-04
1.651669863370999991e+01 1.694733651020169330e-04
1.653994830247100012e+01 1.708268932268666111e-04
1.656320874206100058e+01 1.721994219185177515e-04
1.658647955429600174e+01 1.735893742881392270e-04
1.660976041025400107e+01 1.749946892725213414e-04
1.663305242044900112e+01 1.764134964590385315e-04
1.665635614960699940e+01 1.778444573788491774e-04
1.667967058185400120e+01 1.792871969834624257e-04
1.670299702375600148e+01 1.807427264636216383e-04
1.672633599861200082e+01 1.822130857011432833e-04
1.674968664393000140e+01 1.837007205775626991e-04
1.677305034698800057e+01 1.852078864409962666e-04
1.679642745949000116e+01 1.867357938727917980e-04
1.681981726987899961e+01 1.882840480721096493e-04
1.684322135858799996e+01 1.898510480089546631e-04
1.686663977897000066e+01 1.914342751778118628e-04
1.689007195577299925e+01 1.930310583274946106e-04
1.691351928526200155e+01 1.946395664932182518e-04
1.693698184964599918e+01 1.962592923125305779e-04
1.696045918747800130e+01 1.978913353727230074e-04
1.698395278108899831e+01 1.995382447043235084e-04
1.700746247918300114e+01 2.012030837365303012e-04
1.703098795765199824e+01 2.028885719725967809e-04
1.705452616209799999e+01 2.045960101266351304e-04
1.707807234744100100e+01 2.063249203566663653e-04
1.710162650810899976e+01 2.080736493719871161e-04
1.712518990323999901e+01 2.098391782545372918e-04
1.714876157325300099e+01 2.116176081825300707e-04
1.717234145852599880e+01 2.134053474134247773e-04
1.719593121286400006e+01 2.151996143259745416e-04
1.721952943240599865e+01 2.169986097984885447e-04
1.724313602640599896e+01 2.188017742623546099e-04
1.726675269577900096e+01 2.206092705212344025e-04
1.729037755957000044e+01 2.224211921063312398e-04
1.731401148644900090e+01 2.242375268319844923e-04
1.733765456764599833e+01 2.260573843628898715e-04
1.736130670110399876e+01 2.278790982794721845e-04
1.738496884458200142e+01 2.297004106807258627e-04
1.740863886144000006e+01 2.315186387011508888e-04
1.743231863183600083e+01 2.333317230661430177e-04
1.745600784218600054e+01 2.351381317751748893e-04
1.747970533165599960e+01 2.369372279657178343e-04
1.750341320960399827e+01 2.387295481929109845e-04
1.752713012639599910e+01 2.405162213841756662e-04
1.755085569186099903e+01 2.422988862030198251e-04
1.757459120414799969e+01 2.440793962949154951e-04
1.759833518869299951e+01 2.458589743157451116e-04
1.762208807983099845e+01 2.476382908196783465e-04
1.764585007724900123e+01 2.494171708054817248e-04
1.766962181867999959e+01 2.511944859774855156e-04
1.769340249498599960e+01 2.529682751733059159e-04
1.771719195933799895e+01 2.547361857995031516e-04
1.774099033275300030e+01 2.564957118496772161e-04
1.776479816415099933e+01 2.582446232867513969e-04
1.778861461559899837e+01 2.599809226213092546e-04
1.781243998517900096e+01 2.617032952289458482e-04
1.783627450582600105e+01 2.634111828168992221e-04
1.786011841291099955e+01 2.651045718286045971e-04
1.788397169978999912e+01 2.667838891724045799e-04
1.790783344133900101e+01 2.684499506505213877e-04
1.793170494672200022e+01 2.701038716451902152e-04
1.795558559256399889e+01 2.717466951676357056e-04
1.797947499101099922e+01 2.733796077841116941e-04
1.800337593176299933e+01 2.750039574387332314e-04
1.802728521743399881e+01 2.766207525628536050e-04
1.805120483541699983e+01 2.782314381032973869e-04
1.807513399313300084e+01 2.798373249378541955e-04
1.809907357584700094e+01 2.814397984186159710e-04
1.812302198532799835e+01 2.830400649485666806e-04
1.814698049615099862e+01 2.846392446854555417e-04
1.817094482083900076e+01 2.862375794073877952e-04
1.819490898022399961e+01 2.878349855077277746e-04
1.821887363035800078e+01 2.894315220051542044e-04
1.824283899065200032e+01 2.910268357196228468e-04
1.826680464162300055e+01 2.926201482678006524e-04
1.829077153426100111e+01 2.942104682392345937e-04
1.831473846269500072e+01 2.957966325383188408e-04
1.833870509034600005e+01 2.973776514684166295e-04
1.836267208626500036e+01 2.989527471292999488e-04
1.838664003871900121e+01 3.005211264200325283e-04
1.841060694131099851e+01 3.020818735033085271e-04
1.843457322577900115e+01 3.036343565253670092e-04
1.845853932436200040e+01 3.051781060904303023e-04
1.848250566368000136e+01 3.067126990067931490e-04
1.850647102897200114e+01 3.082378914259628817e-04
1.853043614462600175e+01 3.097540500671092881e-04
1.855440088351100059e+01 3.112620567225978397e-04
1.857836308111399859e+01 3.127634836927430583e-04
1.860232314096800010e+01 3.142607878991959358e-04
1.862628150146300143e+01 3.157567776491313860e-04
1.865023857777600114e+01 3.172597994734329503e-04
1.867419249363700118e+01 3.187686704808605914e-04
1.869814226991499950e+01 3.202782770374413938e-04
1.872208846256900117e+01 3.217929198234277641e-04
1.874603123896899959e+01 3.233141722413430431e-04
1.876997123903700171e+01 3.248420923302640308e-04
1.879390644876200156e+01 3.263761442329683087e-04
1.881783748084799868e+01 3.279161021241363866e-04
1.884176472025599836e+01 3.294616069575692424e-04
1.886568813952300161e+01 3.310120382908966524e-04
1.888960437659899938e+01 3.325662417658517642e-04
1.891351365166099896e+01 3.341225584561014687e-04
1.893741627662500093e+01 3.356781644675966127e-04
1.896131296636299979e+01 3.372289876041076697e-04
1.898520195788099940e+01 3.387700330244190934e-04
1.900908105561800099e+01 3.402965293705935532e-04
1.903295025570799837e+01 3.418052505636480476e-04
1.905681060994200138e+01 3.432951023486263448e-04
1.908066088662300075e+01 3.447669654813648719e-04
1.910449997413699919e+01 3.462235947116406058e-04
1.912832846790700003e+01 3.476689339634094649e-04
1.915214342704399897e+01 3.491064977102892298e-04
1.917594329821200105e+01 3.505392438160013775e-04
1.919972883672799924e+01 3.519698375183292561e-04
1.922350086572599892e+01 3.534007473861262654e-04
1.924725545653700109e+01 3.548350037252968317e-04
1.927099254771299996e+01 3.562769548125356111e-04
1.929471350602100088e+01 3.577314077590180866e-04
1.931841991055900110e+01 3.592020966934398566e-04
1.934210955118599884e+01 3.606900432828696293e-04
1.936578339330300125e+01 3.621936895161754046e-04
1.938944270591199981e+01 3.637088008851083079e-04
1.941308216121500152e+01 3.652298277887351913e-04
1.943670405054499994e+01 3.667529147342440542e-04
1.946031065915499880e+01 3.682755701784781559e-04
1.948389641992099897e+01 3.697963228743467059e-04
1.950746357066800130e+01 3.713154149761494090e-04
1.953101513349099960e+01 3.728322834139110708e-04
1.955454811231300027e+01 3.743446117572266692e-04
1.957806608359300071e+01 3.758491897086836436e-04
1.960156296581000035e+01 3.773416751060017053e-04
1.962504023803300157e+01 3.788194104523878638e-04
1.964849921405599886e+01 3.802812080663861690e-04
1.967193717417600141e+01 3.817278441463966090e-04
1.969535261418999994e+01 3.831636300919995220e-04
1.971875336084400132e+01 3.845953690185759501e-04
1.974212763881200061e+01 3.860297349641167203e-04
1.976548226698000121e+01 3.874755245681770085e-04
1.978881992648999955e+01 3.889394524610370455e-04
1.981213255097199877e+01 3.904251900298113479e-04
1.983542741762699890e+01 3.919351922174977719e-04
1.985870243188799833e+01 3.934686270283763859e-04
1.988196229520699987e+01 3.950218703005000808e-04
1.990519095090699864e+01 3.965879811161189604e-04
1.992838372062200136e+01 3.981619627653128516e-04
1.995155009709799998e+01 3.997404963150278582e-04
1.997469673457599981e+01 4.013188327148919498e-04
1.999782967352999918e+01 4.028909208499202826e-04
2.002094569065700114e+01 4.044524742800171928e-04
2.004404990102100115e+01 4.060060365470169203e-04
2.006714304606800070e+01 4.075591667014395909e-04
2.009021043323199862e+01 4.091210429949187978e-04
2.011325721121799859e+01 4.106978765245380796e-04
2.013627299934699977e+01 4.122844695005318887e-04
2.015926122835200118e+01 4.138678494028157160e-04
2.018221911932599966e+01 4.154320476453556270e-04
2.020514363889000009e+01 4.169669190013512066e-04
2.022804290410899952e+01 4.184707436926613238e-04
2.025090549885199920e+01 4.199468057485983025e-04
2.027373618109200137e+01 4.214067190415785404e-04
2.029654439785799980e+01 4.228699724341985740e-04
2.031933422374000031e+01 4.243623237201533992e-04
2.034210808267199866e+01 4.259101509246984588e-04
2.036487675227100169e+01 4.275261447062725850e-04
2.038762418800000020e+01 4.291953476396293769e-04
2.041033796930599920e+01 4.308834600190962895e-04
2.043301251465399915e+01 4.325562577589250543e-04
2.045565833007900025e+01 4.341951284010183462e-04
2.047826200716200162e+01 4.357988843030429459e-04
2.050083563199800096e+01 4.373808010081723513e-04
2.052339049363099832e+01 4.389519094098455845e-04
2.054590756309499966e+01 4.405182228116763217e-04
2.056839661791699925e+01 4.420916262878788502e-04
2.059087178036899957e+01 4.436802590859632487e-04
2.061332363416000035e+01 4.452745450677820399e-04
2.063576964733000096e+01 4.468464702149685624e-04
2.065820677218799872e+01 4.483561938077934507e-04
2.068060646951100168e+01 4.497799414373577359e-04
2.070297145828699925e+01 4.511283136158722798e-04
2.072530018117199901e+01 4.524287985929720235e-04
2.074758736117999902e+01 4.537063660828217267e-04
2.076983560979800103e+01 4.549790728359293947e-04
2.079206196916900140e+01 4.562629178572952444e-04
2.081428093893600106e+01 4.575672954362742183e-04
2.083646333542699836e+01 4.588885163127514656e-04
2.085863229685299913e+01 4.602087306215170990e-04
2.088077376823899911e+01 4.614917376603717676e-04
2.090290866326100172e+01 4.627062964473238941e-04
2.092505987589600025e+01 4.638337533451461687e-04
2.094720529780000007e+01 4.648669189047262133e-04
2.096932113074100101e+01 4.658112550111071230e-04
2.099140036142900101e+01 4.666800250258085984e-04
2.101344833358999864e+01 4.674874496566305522e-04
2.103546234751300048e+01 4.682484104552101780e-04
2.105746225015699835e+01 4.689796338064290628e-04
2.107948085073200062e+01 4.696861071999454016e-04
2.110149008955599825e+01 4.703545391692487746e-04
2.112348997217100077e+01 4.709685750534046826e-04
2.114547366412600127e+01 4.715205467286375266e-04
2.116746111447000089e+01 4.720204659709299972e-04
2.118949221541199890e+01 4.724874917331150603e-04
2.121157696503799883e+01 4.729291033579394741e-04
2.123365969997799851e+01 4.733381932338401299e-04
2.125572102665000074e+01 4.737076838486086231e-04
2.127777084218200088e+01 4.740336277980422910e-04
2.129982048461999966e+01 4.743078625804990366e-04
2.132187012588699915e+01 4.745175097209192649e-04
2.134394549811599973e+01 4.746484644382834993e-04
2.136608216112599834e+01 4.746774304334405270e-04
2.138822531396499826e+01 4.745803197827564270e-04
2.141038328060900042e+01 4.743518948650253140e-04
2.143254912826100167e+01 4.740036878013498592e-04
2.145474702607300088e+01 4.735552703032306059e-04
2.147701176712400084e+01 4.730270752063071610e-04
2.149938147367199903e+01 4.724274527944349032e-04
2.152178770056000090e+01 4.717637914998163069e-04
2.154422965644700128e+01 4.710515629132745871e-04
2.156667804034499980e+01 4.703126228396891317e-04
2.158916561025399972e+01 4.695595171185856179e-04
2.161168814613100153e+01 4.687895545787998212e-04
2.163424998660000043e+01 4.679923981659314604e-04
2.165687663385200068e+01 4.671611013333820694e-04
2.167956142688100130e+01 4.662964340600895706e-04
2.170231306080000167e+01 4.654014498960056478e-04
2.172511157636199997e+01 4.644713633730992346e-04
2.174791359722599893e+01 4.635010720662862673e-04
2.177076934613199910e+01 4.624877761219447938e-04
2.179369620980299871e+01 4.614231472677906578e-04
2.181666131519899920e+01 4.603014476973302000e-04
2.183967148089800148e+01 4.591334955592054029e-04
2.186274587962699911e+01 4.579382865576446028e-04
2.188587127037000002e+01 4.567332953107947177e-04
2.190907385335700042e+01 4.555229494743977389e-04
2.193231327229700156e+01 4.543012892231685805e-04
2.195558912701200072e+01 4.530608689409297107e-04
2.197892168723399919e+01 4.517933209682057651e-04
2.200229629152699928e+01 4.504888018807652670e-04
2.202571859357000150e+01 4.491459634170720549e-04
2.204919236919300118e+01 4.477872910703759729e-04
2.207274544349499834e+01 4.464417037257381680e-04
2.209635579081299994e+01 4.451344077143388773e-04
2.212001921896899859e+01 4.438776476090108706e-04
2.214371167784500116e+01 4.426729788274279308e-04
2.216743465198900154e+01 4.415221357716468198e-04
2.219118944855100040e+01 4.404217016706633890e-04
2.221496688823300047e+01 4.393558184159865624e-04
2.223876638821300133e+01 4.382889698895699182e-04
2.226255011623700142e+01 4.371679578133536655e-04
2.228630247167300027e+01 4.359527345001882400e-04
2.231002216066899990e+01 4.346366759891029277e-04
2.233372063998900003e+01 4.332432631140856801e-04
2.235740137119099913e+01 4.318129297169200466e-04
2.238106340043700015e+01 4.303789698210222416e-04
2.240470727474999890e+01 4.290096888870923884e-04
2.242834197596700108e+01 4.277293522247160385e-04
2.245196928437999873e+01 4.263676025204779334e-04
2.247559691595699860e+01 4.248203450432638871e-04
2.249921644442899904e+01 4.231545911213853688e-04
2.252284304898000045e+01 4.214178380747367184e-04
2.254647744033299972e+01 4.196479229526311398e-04
2.257012813221500025e+01 4.178874268775776440e-04
2.259378757693000139e+01 4.161890558476996974e-04
2.261746556303500100e+01 4.145963506830356018e-04
2.264115951939299975e+01 4.131256949032329645e-04
2.266487503330800024e+01 4.117637988324689721e-04
2.268861771936800054e+01 4.104765676892437086e-04
2.271239444469900093e+01 4.092299878059017402e-04
2.273620336134800013e+01 4.080003654580315639e-04
2.276002958643200103e+01 4.067534265838251080e-04
2.278379216861199907e+01 4.054636712890038260e-04
2.280750942691399885e+01 4.041122083521390181e-04
2.283120051766000103e+01 4.026542636661552179e-04
2.285484340836600126e+01 4.010643379680998164e-04
2.287844723743500097e+01 3.993744306311358683e-04
2.290197233259199905e+01 3.976694532929734324e-04
2.292543075707099831e+01 3.960384346553097153e-04
2.294881048617600072e+01 3.945195610450011152e-04
2.297209334163600047e+01 3.931042799180774552e-04
2.299528945935999857e+01 3.917784196759876080e-04
2.301841109043299838e+01 3.905325080148217454e-04
2.304145195291500059e+01 3.893535450392576476e-04
2.306440450632500117e+01 3.882274431533239817e-04
2.308727676185300126e+01 3.871268913143453621e-04
2.311002915783799949e+01 3.860246535692296631e-04
2.313266635876599864e+01 3.849189458631379658e-04
2.315519250350800107e+01 3.838216778178494388e-04
2.317758770436200066e+01 3.827473631565807754e-04
2.319984901044599823e+01 3.817147207642965657e-04
2.322197778580400040e+01 3.807414548818962891e-04
2.324397869902799840e+01 3.798449789022650242e-04
2.326585106104599987e+01 3.790086125977775323e-04
2.328758312253900087e+01 3.782253466956594229e-04
2.330917134524399970e+01 3.776362368035041475e-04
2.333060445494500001e+01 3.773091597419353798e-04
2.335185073939799949e+01 3.771330002789990824e-04
2.337289811844700083e+01 3.770335879884050153e-04
2.339375779085100149e+01 3.769743875035729301e-04
2.341444343553299845e+01 3.769160792722600151e-04
2.343497111706599867e+01 3.768394826108691434e-04
2.345534947889899868e+01 3.767523954023376627e-04
2.347559512218699851e+01 3.766708280425182980e-04
2.349571611616499922e+01 3.766054717872523486e-04
2.351572618218400024e+01 3.765441313516729518e-04
2.353561646457999856e+01 3.764632461008766604e-04
2.355538788846499898e+01 3.763709714736271318e-04
2.357505070746800158e+01 3.763047814626029009e-04
2.359460799726700131e+01 3.762970829897875060e-04
2.361407021169900133e+01 3.763637582491164910e-04
2.363344056655000003e+01 3.764947282725319110e-04
2.365273066942100044e+01 3.766610631412396098e-04
2.367194807168300130e+01 3.768448045151903463e-04
2.369110367505900072e+01 3.770529475359737904e-04
2.371019966342100105e+01 3.773014009038719741e-04
2.372925254404799844e+01 3.775949569803872721e-04
2.374826051114299830e+01 3.779308248594973919e-04
2.376723573229699937e+01 3.782942522192673292e-04
2.378618731981899970e+01 3.786598914900045874e-04
2.380512160179199910e+01 3.790096654177982577e-04
2.382405354614499871e+01 3.793377381055418459e-04
2.384297647736600112e+01 3.796556190276335245e-04
2.386190569506599957e+01 3.799903698491917175e-04
2.388084845880199936e+01 3.803659341061252082e-04
2.389980230270399986e+01 3.807886889915200468e-04
2.391877799731599907e+01 3.812588033377851699e-04
2.393778077416699901e+01 3.817681340278481677e-04
2.395679651406500099e+01 3.823015347766556141e-04
2.397583294104000018e+01 3.828481041601793197e-04
2.399489205732700015e+01 3.834016675733518064e-04
2.401398545614900115e+01 3.839721880453681249e-04
2.403311841162500073e+01 3.845698912985827606e-04
2.405229027806199937e+01 3.852065170150608883e-04
2.407152064941000091e+01 3.858881759075953773e-04
2.409080376710599936e+01 3.865985863920872725e-04
2.411015229840500140e+01 3.873194650618466814e-04
2.412957492333699960e+01 3.880279240819864309e-04
2.414907987000799849e+01 3.887178894967988746e-04
2.416868201821199946e+01 3.894061132419510997e-04
2.418837047135000162e+01 3.901209222873476610e-04
2.420816707572799942e+01 3.908867269539952755e-04
2.422807082695199909e+01 3.916793955708340927e-04
2.424808552233099945e+01 3.924600815802067487e-04
2.426822472799199915e+01 3.932062170487636761e-04
2.428848471232199913e+01 3.939163844261642559e-04
2.430888120596100066e+01 3.946042719244220579e-04
2.432941036655699918e+01 3.952809221595070363e-04
2.435007678463099978e+01 3.959369777962026197e-04
2.437079101941800019e+01 3.965182554459040134e-04
2.439145325874800108e+01 3.970009776300607819e-04
2.441208286577199971e+01 3.974184175972141010e-04
2.443269232120000112e+01 3.978168505793576535e-04
2.445330205709300131e+01 3.982431580605181264e-04
2.447391936119899825e+01 3.987226456310318272e-04
2.449456677296399931e+01 3.992508828085189693e-04
2.451525003334799990e+01 3.998036048613194584e-04
2.453599041178700091e+01 4.003632131335455231e-04
2.455679063416799934e+01 4.009360062132194037e-04
2.457767000025100046e+01 4.015378443533852660e-04
2.459862822285699835e+01 4.021739470013606572e-04
2.461965924788099969e+01 4.028395928523204007e-04
2.464075917911599944e+01 4.035282985627649545e-04
2.466192000260300077e+01 4.042329979032062773e-04
2.468313748532499829e+01 4.049472813468275737e-04
2.470441355595400168e+01 4.056732503658566852e-04
2.472574899701200124e+01 4.064176885556201359e-04
2.474714450763099904e+01 4.071836548634127722e-04
2.476859982942900018e+01 4.079568563662609531e-04
2.479011490689899944e+01 4.087112798090347990e-04
2.481168923532199955e+01 4.094374887937557591e-04
2.483332272806200081e+01 4.098077037543204864e-04
2.485501529116600139e+01 4.101350503101324190e-04
2.487676908426799827e+01 4.108079481727245925e-04
2.489858308712999957e+01 4.115260441329697430e-04
2.492045881142299990e+01 4.122362282136960571e-04
2.494239758859500000e+01 4.129300049054806902e-04
2.496440156683900113e+01 4.136201766543114188e-04
2.498647313461399833e+01 4.143273283861150999e-04
2.500861029616299902e+01 4.150672911583245844e-04
2.503081371290100066e+01 4.158439652090604056e-04
2.505308693189000024e+01 4.166533951639301799e-04
2.507543152561200017e+01 4.174968233495071732e-04
2.509784768755000073e+01 4.183844904497884183e-04
2.512033830971800086e+01 4.193211243086662310e-04
2.514290107417900089e+01 4.203003082655553052e-04
2.516553540843599990e+01 4.213202368201076167e-04
2.518824415960899898e+01 4.223885150365599452e-04
2.521102363758399889e+01 4.235124147261951923e-04
2.523387259511299874e+01 4.246944669338931721e-04
2.525679161117799865e+01 4.259377608281510077e-04
2.527977809760700012e+01 4.272497147522969418e-04
2.530283372213699877e+01 4.286295112209452746e-04
2.532595263572899924e+01 4.300619273072958659e-04
2.534913432090899832e+01 4.315345969222866840e-04
2.537237912162899889e+01 4.330505010241172503e-04
2.539568596639499987e+01 4.346207786677151958e-04
2.541905218011899947e+01 4.362445423352755581e-04
2.544247684558800060e+01 4.378982088469560467e-04
2.546596107521800079e+01 4.395387343980421135e-04
2.548950503341999863e+01 4.411190340176828384e-04
2.551310847044199903e+01 4.426248703439807195e-04
2.553677222868800101e+01 4.441074684863998020e-04
2.556049875718100139e+01 4.456502564344118626e-04
2.558429005128699885e+01 4.472830518152354586e-04
2.560814935589599983e+01 4.489474830676596002e-04
2.563207259148600059e+01 4.505500496936007708e-04
2.565601533623900110e+01 4.520525571501907711e-04
2.567998092499000151e+01 4.534907201006933451e-04
2.570397718094000084e+01 4.548983807316307596e-04
2.572800405098400134e+01 4.562696210978103677e-04
2.575203905058599929e+01 4.575550110494048324e-04
2.577601421949999860e+01 4.587098598985358557e-04
2.579993231371900109e+01 4.597543788949234552e-04
2.582379857130599987e+01 4.607567564821906823e-04
2.584761700551500141e+01 4.617868243602702046e-04
2.587139174862500113e+01 4.628625874657177016e-04
2.589513342994600009e+01 4.639351639771900171e-04
2.591885117588400078e+01 4.649335685471512550e-04
2.594255308617499978e+01 4.658287942481176866e-04
2.596624231403299987e+01 4.666525282562033377e-04
2.598992560736200019e+01 4.674584994404334232e-04
2.601361049908700096e+01 4.682817695389775961e-04
2.603730737496400138e+01 4.691371872082137793e-04
2.606102130495199987e+01 4.700380482182696428e-04
2.608475948564199953e+01 4.709883196003392331e-04
2.610850372900599936e+01 4.719574176888920538e-04
2.613223358830800080e+01 4.729035565979302302e-04
2.615595318719699947e+01 4.738123912891122730e-04
2.617965996174200072e+01 4.747109993571218363e-04
2.620336314045299986e+01 4.756547844508524710e-04
2.622707131308499839e+01 4.766845695935553241e-04
2.625079329985799959e+01 4.777992457078681114e-04
2.627453565452000106e+01 4.789693905603756947e-04
2.629830549952700025e+01 4.801756769191764225e-04
2.632210848158199923e+01 4.814270707362117391e-04
2.634594970875100017e+01 4.827287640246193719e-04
2.636983254656000142e+01 4.840499531102563139e-04
2.639375993189700154e+01 4.853295254518734197e-04
2.641768128492400081e+01 4.865321455025292110e-04
2.644158397183100107e+01 4.876869556665442513e-04
2.646546547103499947e+01 4.888253899048345709e-04
2.648932701284400082e+01 4.899176373142437833e-04
2.651316922481699834e+01 4.908968402599795397e-04
2.653699292730500048e+01 4.917407215878376097e-04
2.656079784826199841e+01 4.925099907891837938e-04
2.658457866510099876e+01 4.932959248787703978e-04
2.660833579070200017e+01 4.941357787230179653e-04
2.663206777185899909e+01 4.950007151941654979e-04
2.665578008171599933e+01 4.958393414838904072e-04
2.667946976165299944e+01 4.966167370336826373e-04
2.670314287387499874e+01 4.973248917521352940e-04
2.672680123119199891e+01 4.979689703374580619e-04
2.675045064381799875e+01 4.985547597846713870e-04
2.677408723879300112e+01 4.990876894313714222e-04
2.679772039666899985e+01 4.995599753108960700e-04
2.682134560940799872e+01 4.999384196722376182e-04
2.684497033831599921e+01 5.001835211704236221e-04
2.686859575637900122e+01 5.002837434099143780e-04
2.689222857542500122e+01 5.002943465987054429e-04
2.691586561100099928e+01 5.003388246512910668e-04
2.693951252350300152e+01 5.005276799241568670e-04
2.696317198278299898e+01 5.008500230949508147e-04
2.698684519967400064e+01 5.011628441987935360e-04
2.701053749145799898e+01 5.013041239447041603e-04
2.703425259039200057e+01 5.012274261119990153e-04
2.705799028990799826e+01 5.010337531633822592e-04
2.708175264208599842e+01 5.008927805870081861e-04
2.710554296367800120e+01 5.009040589242862813e-04
2.712935695145700166e+01 5.010080351466706739e-04
2.715319630341599932e+01 5.010582770768392006e-04
2.717706031138099831e+01 5.009557485798432717e-04
2.720094879602699933e+01 5.006977601652855703e-04
2.722485781830799922e+01 5.003389771714129245e-04
2.724878491153700111e+01 4.999407379342328582e-04
2.727272657369699971e+01 4.995605008382178166e-04
2.729668004971399853e+01 4.992324463801379921e-04
2.732064084565200091e+01 4.989393113707979617e-04
2.734461006417399886e+01 4.986200681952702518e-04
2.736858615899300062e+01 4.982290689027336602e-04
2.739256816826100049e+01 4.978035134588280853e-04
2.741655621526000175e+01 4.974140448243396118e-04
2.744054895791699877e+01 4.970454826405577235e-04
2.746454586089399896e+01 4.965973194713452004e-04
2.748854856655700019e+01 4.960267187357194837e-04
2.751256164228200163e+01 4.954267191051630942e-04
2.753658937160900066e+01 4.949122841296567810e-04
2.756063774204600136e+01 4.944854942534252082e-04
2.758470980747799928e+01 4.940655713137526205e-04
2.760881380490700110e+01 4.935864792150756759e-04
2.763292383303100053e+01 4.930358919373412172e-04
2.765701963150999987e+01 4.924314072554151437e-04
2.768110853314799868e+01 4.917678643162706233e-04
2.770519538532300174e+01 4.910445083629533464e-04
2.772928741405599951e+01 4.903150815132441363e-04
2.775339291275000164e+01 4.896247085432835341e-04
2.777750681804399946e+01 4.889472435497099062e-04
2.780163066670899852e+01 4.882389800794769905e-04
2.782577094471900025e+01 4.875235669242467657e-04
2.784993329464899858e+01 4.868719608720988956e-04
2.787412151629499846e+01 4.862816627185322614e-04
2.789834003364099857e+01 4.856409844897930381e-04
2.792259322925900022e+01 4.848468587659086849e-04
2.794687626313400131e+01 4.839083753278700367e-04
2.797118921329100161e+01 4.829260750717595768e-04
2.799553463713699841e+01 4.820001645133277176e-04
2.801989945607899912e+01 4.811637796773981656e-04
2.804427466749299924e+01 4.803806494670573692e-04
2.806866034201700089e+01 4.795802114150081257e-04
2.809305146010200005e+01 4.787085749859248647e-04
2.811743592942099923e+01 4.777630695831594650e-04
2.814181421608099853e+01 4.767706358084929357e-04
2.816618680141899844e+01 4.757533573268017029e-04
2.819055411508900022e+01 4.747238981256767226e-04
2.821491650093199866e+01 4.737035258385876939e-04
2.823927431060100091e+01 4.727236981641054470e-04
2.826362839443400077e+01 4.717792545732452667e-04
2.828797944323800095e+01 4.708188972613930779e-04
2.831232851501599868e+01 4.698154390196212756e-04
2.833667486980399985e+01 4.688076449036677530e-04
2.836101705093399872e+01 4.678612633202121232e-04
2.838535611140800086e+01 4.669982209905385213e-04
2.840969361263400117e+01 4.661629937586965890e-04
2.843403036413399931e+01 4.652786072445992899e-04
2.845836729285399969e+01 4.643434109821302004e-04
2.848270565233499951e+01 4.634396497130663936e-04
2.850704675597199866e+01 4.626369401050885503e-04
2.853139179470100117e+01 4.619236182233359567e-04
2.855574214354599860e+01 4.612363829059503957e-04
2.858008212716400109e+01 4.605276033813960257e-04
2.860440703768999882e+01 4.597883349268919216e-04
2.862871628441699912e+01 4.590210289681189684e-04
2.865299902341099880e+01 4.582228788982859011e-04
2.867723898410299910e+01 4.573988375714177403e-04
2.870143126555399959e+01 4.565575996803539443e-04
2.872558638095900108e+01 4.556857445434889806e-04
2.874970530507399857e+01 4.547654315756491199e-04
2.877380026843000138e+01 4.538113000250504131e-04
2.879788492529100097e+01 4.528515419060300234e-04
2.882194464937100165e+01 4.519100766899220196e-04
2.884600124136400012e+01 4.510037724416386521e-04
2.887003655121799994e+01 4.501519689804176936e-04
2.889407259305200171e+01 4.493575606408534585e-04
2.891810268004800122e+01 4.485848265704868334e-04
2.894213884143900017e+01 4.477770683670641858e-04
2.896616210221100118e+01 4.468975615565222849e-04
2.899017819826299913e+01 4.459385706944436864e-04
2.901417254057399830e+01 4.449091468064046034e-04
2.903816478369800080e+01 4.438280336768519498e-04
2.906214800953700106e+01 4.427239071605566442e-04
2.908612558586199981e+01 4.416245602809077677e-04
2.911009406141300104e+01 4.405366276990086002e-04
2.913405439098499983e+01 4.394423578864831560e-04
2.915800968695599948e+01 4.383144478568504871e-04
2.918197478099699893e+01 4.371376032364953008e-04
2.920595163240599845e+01 4.359314148153420939e-04
2.922994903142399892e+01 4.347344401926940788e-04
2.925396719467099871e+01 4.335558868178106652e-04
2.927800619099399881e+01 4.323635856186678239e-04
2.930205349458200104e+01 4.311359154995179086e-04
2.932611268835799834e+01 4.298997777783242474e-04
2.935018134827300074e+01 4.286969369190279325e-04
2.937425705915600105e+01 4.275317760471599479e-04
2.939833659092800033e+01 4.263724951407695885e-04
2.942241963609900068e+01 4.251963910985154704e-04
2.944651389845000011e+01 4.240069889385617301e-04
2.947062282151500057e+01 4.228043676219452951e-04
2.949474487353899832e+01 4.215745753597812751e-04
2.951888023262999994e+01 4.203165017239075428e-04
2.954303283940100044e+01 4.190462314334148170e-04
2.956719516270300119e+01 4.177804810032672471e-04
2.959138263222699905e+01 4.165302154090381255e-04
2.961559646701499915e+01 4.153070466561967688e-04
2.963983065327400013e+01 4.141167309256282543e-04
2.966409288227200136e+01 4.129337554393884926e-04
2.968836835094500159e+01 4.117260206557635119e-04
2.971265501263999909e+01 4.105000509572364264e-04
2.973694995800000029e+01 4.092913389013739188e-04
2.976125656855300150e+01 4.081256333246420379e-04
2.978557600842299991e+01 4.070053658955701870e-04
2.980990529034799863e+01 4.059235341109575386e-04
2.983424347617100025e+01 4.048658818413899702e-04
2.985858382104800057e+01 4.037981023199478420e-04
2.988289864624999836e+01 4.026911577989559197e-04
2.990718687715499868e+01 4.015517043923275521e-04
2.993145387933800095e+01 4.004043002164633263e-04
2.995570505211799883e+01 3.992577119876837923e-04
2.997994426456499895e+01 3.981039862022134465e-04
3.000417697936800110e+01 3.969430063957907141e-04
3.002840798273399869e+01 3.957897653539978037e-04
3.005264232006500080e+01 3.946567229046241934e-04
3.007688362675299842e+01 3.935425518103339518e-04
3.010113624132700139e+01 3.924433776321873714e-04
3.012540367127600049e+01 3.913669814679060044e-04
3.014968923413699997e+01 3.903256614950314000e-04
3.017399548321800040e+01 3.893096973457506522e-04
3.019830336003100157e+01 3.882960930118067497e-04
3.022260259143699912e+01 3.872939020121804769e-04
3.024690241488600151e+01 3.863346346102691244e-04
3.027119252427799978e+01 3.854150541540430209e-04
3.029545728260499970e+01 3.844867966085388088e-04
3.031967750205599899e+01 3.835238189872716978e-04
3.034388614608799983e+01 3.825431297858047702e-04
3.036809353241299902e+01 3.815478724756680312e-04
3.039229142822700069e+01 3.805274624651622186e-04
3.041650707461399961e+01 3.794837624308309925e-04
3.044067671481399984e+01 3.784697970160868477e-04
3.046483088277300055e+01 3.775573102501954791e-04
3.048899120573900134e+01 3.767190448134394949e-04
3.051309512272899838e+01 3.758617261229544736e-04
3.053716976917799997e+01 3.749477854979982295e-04
3.056124348050200012e+01 3.740010329186639962e-04
3.058529765868399863e+01 3.730649947448955498e-04
3.060934170720300074e+01 3.721651152017840239e-04
3.063335938736999964e+01 3.712961599759072675e-04
3.065732632010600156e+01 3.704590343866945670e-04
3.068126463719899988e+01 3.696469933538705727e-04
3.070514494862300126e+01 3.688224037007244204e-04
3.072896641508500082e+01 3.679538419239808010e-04
3.075274626374000064e+01 3.670475405912057630e-04
3.077648580712099857e+01 3.661358453861187105e-04
3.080017871537999952e+01 3.652365029964543407e-04
3.082381152122299994e+01 3.644784910038142696e-04
3.084736778079799890e+01 3.636274965047774435e-04
3.087081193886200126e+01 3.625692702259124788e-04
3.089415430026700093e+01 3.615639546006233418e-04
3.091740729204000004e+01 3.606198965709583827e-04
3.094058517751199844e+01 3.597371912159997415e-04
3.096370325644199895e+01 3.589163198230235644e-04
3.098677706957300160e+01 3.581286779686818837e-04
3.100981986693300030e+01 3.573088689265202836e-04
3.103284645244099949e+01 3.564233310030265008e-04
3.105587243707499923e+01 3.555092237602979432e-04
3.107890953621199870e+01 3.546161095713144047e-04
3.110197316321200134e+01 3.537628406360765151e-04
3.112507318175099869e+01 3.529203583689934998e-04
3.114820965713899881e+01 3.520608604352626586e-04
3.117138574369199944e+01 3.511776284234395225e-04
3.119460977985299976e+01 3.502754657786623198e-04
3.121789024865800144e+01 3.493789294176211134e-04
3.124123018356199921e+01 3.485056549726318876e-04
3.126463732308100063e+01 3.476497921955798648e-04
3.128811570473600057e+01 3.467908367757900753e-04
3.131167102727900087e+01 3.459104302826334167e-04
3.133530050141899892e+01 3.450009911957662898e-04
3.135900669396400176e+01 3.440684835253969131e-04
3.138279276805199913e+01 3.431314260323044241e-04
3.140665993837700043e+01 3.422036535580287304e-04
3.143060833852300107e+01 3.412682080884824119e-04
3.145461275293699899e+01 3.402928209115342931e-04
3.147867244514900165e+01 3.392668696746614014e-04
3.150278753093699891e+01 3.382116629797702495e-04
3.152695418262500127e+01 3.371601043456438646e-04
3.155117018425600151e+01 3.361300198539072235e-04
3.157543537775499942e+01 3.351210523604934016e-04
3.159974777157399828e+01 3.341322506003303145e-04
3.162409745513799919e+01 3.331608645050290751e-04
3.164844817956700140e+01 3.321885032283029664e-04
3.167279362208400073e+01 3.311860167260365410e-04
3.169713558965899836e+01 3.301433209554915948e-04
3.172147029148300135e+01 3.290903969011990627e-04
3.174579775535600135e+01 3.280703551500408540e-04
3.177011031014399833e+01 3.270998965662604897e-04
3.179440434199100096e+01 3.261682548747701590e-04
3.181868581757600012e+01 3.252624993390137043e-04
3.184296254279200156e+01 3.243826188765694700e-04
3.186724169938700157e+01 3.235304990785116321e-04
3.189151615082800006e+01 3.226939974278427207e-04
3.191577005126400124e+01 3.218515980359376171e-04
3.194001006625400052e+01 3.209855282728981134e-04
3.196424270229099918e+01 3.200981319854738711e-04
3.198847352122299981e+01 3.192187365541852839e-04
3.201270934456500328e+01 3.183765818269600808e-04
3.203693517853700001e+01 3.175800564741106309e-04
3.206115185724799943e+01 3.168250998921973952e-04
3.208536575107100219e+01 3.161017369101943794e-04
3.210958248338400267e+01 3.153885079216357367e-04
3.213380788770199814e+01 3.146495020284124011e-04
3.215801912831499720e+01 3.138631568255252765e-04
3.218221278140300257e+01 3.130514771342479729e-04
3.220639587949099791e+01 3.122621763407916321e-04
3.223057723533700170e+01 3.115202507674867715e-04
3.225476179881100336e+01 3.108097476316370989e-04
3.227895719029000077e+01 3.101011714074076000e-04
3.230314029793299824e+01 3.093887441884982732e-04
3.232731624076799903e+01 3.086824514855654152e-04
3.235149241873300241e+01 3.079784088198096411e-04
3.237567560796600219e+01 3.072683921618393245e-04
3.239987487474400041e+01 3.065559043777280014e-04
3.242407873791700013e+01 3.058520687894871934e-04
3.244829144826500311e+01 3.051670442962337417e-04
3.247252058098000305e+01 3.045071666156998376e-04
3.249677277325699976e+01 3.038731005628203009e-04
3.252105468433700253e+01 3.032518003458011761e-04
3.254534425653199747e+01 3.026276611989964075e-04
3.256964465713299717e+01 3.019947932302575024e-04
3.259393621800700203e+01 3.013557773398876666e-04
3.261821231432899992e+01 3.007161818976145638e-04
3.264246658961300085e+01 3.000713362681342762e-04
3.266663991010700130e+01 2.994228412185121467e-04
3.269073445711300252e+01 2.987909901757997556e-04
3.271477090675900001e+01 2.981926452439233083e-04
3.273875143480299954e+01 2.976333270925836513e-04
3.276269423179800100e+01 2.971105117697523963e-04
3.278661094915599961e+01 2.966057080088924233e-04
3.281049603286899696e+01 2.960887817586185756e-04
3.283434462394600217e+01 2.955494787894365227e-04
3.285815816327200167e+01 2.950002523040559177e-04
3.288196049785999975e+01 2.944651327287796209e-04
3.290576845853099996e+01 2.939611081119888436e-04
3.292958125104699718e+01 2.935009003868853622e-04
3.295340396591600296e+01 2.930969484331515823e-04
3.297726378754200027e+01 2.927368411389576230e-04
3.300116261960800301e+01 2.923909850842109368e-04
3.302509723023700161e+01 2.920347785181956458e-04
3.304907258410599979e+01 2.916700046042073192e-04
3.307310174708499773e+01 2.913171348768494109e-04
3.309719249988899747e+01 2.909934689607156081e-04
3.312135806705600061e+01 2.906930400092604615e-04
3.314557386047300014e+01 2.903901522813058544e-04
3.316981046589999949e+01 2.900704053793175361e-04
3.319406561567699754e+01 2.897431777658831978e-04
3.321833968510299684e+01 2.894193559286716423e-04
3.324261287556699784e+01 2.890966690067942697e-04
3.326688290778400159e+01 2.887595821948966534e-04
3.329114985502800295e+01 2.883777058833574968e-04
3.331539521572499751e+01 2.879285625432633400e-04
3.333961320162399744e+01 2.874281985212266384e-04
3.336380665006500124e+01 2.869225985223550516e-04
3.338797747079100020e+01 2.864448438358588919e-04
3.341212634645899726e+01 2.859937240853208476e-04
3.343625608103199909e+01 2.855374609992200672e-04
3.346036718034500268e+01 2.850510902199106765e-04
3.348446196164500321e+01 2.845387276005819765e-04
3.350854300844599720e+01 2.842775090540206051e-04
