     time       kinetic-energy 
 0.000000000000 0.026612082798 
 0.005000000000 0.026433119927 
 0.013250000000 0.026433010548 
 0.027000000000 0.026432856116 
 0.042125000000 0.026432711214 
 0.058762500000 0.026432571828 
 0.077063750000 0.026432434992 
 0.097195125000 0.026432298743 
 0.119339637500 0.026432161612 
 0.143094929909 0.026432025712 
 0.166893679052 0.026431898591 
 0.190733101562 0.026431778452 
 0.214610009356 0.026431663937 
 0.238521263052 0.026431554070 
 0.262464420400 0.026431448168 
 0.286436953412 0.026431345635 
 0.310436681161 0.026431246041 
 0.334461687405 0.026431149002 
 0.358509992475 0.026431054227 
 0.382580144885 0.026430961450 
 0.406670470799 0.026430870462 
 0.430779730313 0.026430781071 
 0.454906605119 0.026430693119 
 0.479049981915 0.026430606464 
 0.503208923433 0.026430520983 
 0.527382323087 0.026430436564 
 0.551569496128 0.026430353110 
 0.575769440531 0.026430270531 
 0.599981570931 0.026430188747 
 0.624205156186 0.026430107685 
 0.648439564188 0.026430027277 
 0.672684262330 0.026429947463 
 0.696938589187 0.026429868185 
 0.721202189491 0.026429789392 
 0.745474438305 0.026429711034 
 0.769754991060 0.026429633066 
 0.794043376937 0.026429555446 
 0.818339203701 0.026429478133 
 0.842642179225 0.026429401091 
 0.866951816077 0.026429324286 
 0.891267919368 0.026429247682 
 0.915588133218 0.026429171257 
 0.939912108974 0.026429094980 
 0.964239617187 0.026429018823 
 0.988570456620 0.026428942760 
 1.012904516671 0.026428866765 
 1.037241524199 0.026428790814 
 1.061581384421 0.026428714883 
 1.085923902866 0.026428638951 
 1.110268934493 0.026428562997 
 1.134616394035 0.026428487000 
 1.158966063924 0.026428410940 
 1.183317884151 0.026428334801 
 1.207671680115 0.026428258562 
 1.232027348686 0.026428182209 
 1.256384819518 0.026428105722 
 1.280743915831 0.026428029088 
 1.305104601661 0.026427952291 
 1.329466714897 0.026427875315 
 1.353830185910 0.026427798146 
 1.378194952730 0.026427720771 
 1.402560868308 0.026427643176 
 1.426927914110 0.026427565348 
 1.451295937108 0.026427487274 
 1.475664892608 0.026427408943 
 1.500034726595 0.026427330341 
 1.524405312924 0.026427251458 
 1.548776645580 0.026427172283 
 1.573148583651 0.026427092804 
 1.597521096149 0.026427013010 
 1.621894139591 0.026426932892 
 1.646267599900 0.026426852439 
 1.670641480121 0.026426771640 
 1.695015653888 0.026426690488 
 1.719389889943 0.026426608972 
 1.743764165418 0.026426527083 
 1.768138444328 0.026426444812 
 1.792512727042 0.026426362151 
 1.816887005693 0.026426279089 
 1.841261254301 0.026426195620 
 1.865635476527 0.026426111733 
 1.890009646400 0.026426027421 
 1.914383757923 0.026425942676 
 1.938757813040 0.026425857490 
 1.963131779241 0.026425771854 
 1.987505661440 0.026425685761 
 2.011879444570 0.026425599204 
 2.036252901445 0.026425512175 
 2.060625994980 0.026425424667 
 2.084998651857 0.026425336674 
 2.109370879031 0.026425248187 
 2.133742623737 0.026425159201 
 2.158113846746 0.026425069709 
 2.182484544208 0.026424979703 
 2.206854637077 0.026424889176 
 2.231224119229 0.026424798124 
 2.255592989450 0.026424706537 
 2.279961165463 0.026424614412 
 2.304328649242 0.026424521740 
 2.328695416880 0.026424428516 
 2.353061413162 0.026424334734 
 2.377426648058 0.026424240387 
 2.401791078919 0.026424145470 
 2.426154667251 0.026424049976 
 2.450517433861 0.026423953900 
 2.474879304865 0.026423857235 
 2.499240266527 0.026423759976 
 2.523600338260 0.026423662117 
 2.547959451355 0.026423563652 
 2.572317597815 0.026423464576 
 2.596674785257 0.026423364882 
 2.621030947408 0.026423264566 
 2.645386092546 0.026423163622 
 2.669740221705 0.026423062044 
 2.694093270142 0.026422959828 
 2.718445254572 0.026422856966 
 2.742796164709 0.026422753455 
 2.767145938336 0.026422649288 
 2.791494603537 0.026422544461 
 2.815842148364 0.026422438968 
 2.840188512264 0.026422332804 
 2.864533726155 0.026422225964 
 2.888877771897 0.026422118442 
 2.913220590630 0.026422010234 
 2.937562219820 0.026421901333 
 2.961902643986 0.026421791736 
 2.986241806169 0.026421681437 
 3.010579741667 0.026421570431 
 3.034916433487 0.026421458712 
 3.059251825769 0.026421346277 
 3.083585955539 0.026421233119 
 3.107918813298 0.026421119234 
 3.132250346016 0.026421004617 
 3.156580582818 0.026420889263 
 3.180909518272 0.026420773166 
 3.205237100450 0.026420656323 
 3.229563354629 0.026420538728 
 3.253888288097 0.026420420376 
 3.278211851286 0.026420301262 
 3.302534056131 0.026420181382 
 3.326854919047 0.026420060730 
 3.351174391809 0.026419939302 
 3.375492476943 0.026419817093 
 3.399809209349 0.026419694097 
 3.424124543315 0.026419570311 
 3.448438461861 0.026419445729 
 3.472751014866 0.026419320346 
 3.497062157224 0.026419194157 
 3.521371857176 0.026419067159 
 3.545680165832 0.026418939345 
 3.569987067307 0.026418810712 
 3.594292519051 0.026418681253 
 3.618596554695 0.026418550965 
 3.642899177363 0.026418419843 
 3.667200345859 0.026418287881 
 3.691500074089 0.026418155076 
 3.715798394388 0.026418021421 
 3.740095267994 0.026417886913 
 3.764390678233 0.026417751546 
 3.788684679700 0.026417615316 
 3.812977236429 0.026417478217 
 3.837267809731 0.026417340248 
 3.861556184600 0.026417201406 
 3.885842320911 0.026417061685 
 3.910126214617 0.026416921082 
 3.934407925966 0.026416779591 
 3.958687394748 0.026416637207 
 3.982964608617 0.026416493926 
 4.007239606255 0.026416349743 
 4.031512376876 0.026416204653 
 4.055782902095 0.026416058651 
 4.080051192430 0.026415911733 
 4.104317285672 0.026415763893 
 4.128581137919 0.026415615127 
 4.152842743149 0.026415465430 
 4.177102162224 0.026415314796 
 4.201359346099 0.026415163223 
 4.225614293614 0.026415010703 
 4.249867027733 0.026414857233 
 4.274117567661 0.026414702807 
 4.298365883695 0.026414547421 
 4.322611979973 0.026414391069 
 4.346855917179 0.026414233747 
 4.371097638000 0.026414075450 
 4.395337149247 0.026413916173 
 4.419574485987 0.026413755910 
 4.443809650973 0.026413594657 
 4.468042623508 0.026413432408 
 4.492273415869 0.026413269159 
 4.516502081901 0.026413104905 
 4.540728572384 0.026412939640 
 4.564952896509 0.026412773360 
 4.589175094880 0.026412606058 
 4.613395164107 0.026412437731 
 4.637613087681 0.026412268373 
 4.661828882600 0.026412097979 
 4.686042603155 0.026411926543 
 4.710254200388 0.026411754061 
 4.734463688429 0.026411580527 
 4.758671105889 0.026411405936 
 4.782876454402 0.026411230283 
 4.807079716806 0.026411053562 
 4.831280912763 0.026410875768 
 4.855480104284 0.026410696895 
 4.879677235332 0.026410516939 
 4.903872324186 0.026410335895 
 4.928065406953 0.026410153755 
 4.952256499774 0.026409970516 
 4.976445579812 0.026409786172 
 5.000632665850 0.026409600717 
 5.024817822313 0.026409414146 
 5.049001003008 0.026409226453 
 5.073182212868 0.026409037632 
 5.097361494324 0.026408847679 
 5.121538880639 0.026408656588 
 5.145714338538 0.026408464352 
 5.169887883958 0.026408270967 
 5.194059575289 0.026408076426 
 5.218229387468 0.026407880725 
 5.242397319960 0.026407683856 
 5.266563410743 0.026407485815 
 5.290727714762 0.026407286596 
 5.314890181519 0.026407086193 
 5.339050830736 0.026406884600 
 5.363209702816 0.026406681811 
 5.387366815056 0.026406477820 
 5.411522149671 0.026406272622 
 5.435675737108 0.026406066210 
 5.459827630246 0.026405858579 
 5.483977807412 0.026405649723 
 5.508126260628 0.026405439635 
 5.532273035644 0.026405228309 
 5.556418177958 0.026405015740 
 5.580561650718 0.026404801921 
 5.604703477709 0.026404586846 
 5.628843705954 0.026404370509 
 5.652982352023 0.026404152904 
 5.677119391052 0.026403934024 
 5.701254857611 0.026403713864 
 5.725388798015 0.026403492416 
 5.749521207993 0.026403269675 
 5.773652076224 0.026403045634 
 5.797781455171 0.026402820287 
 5.821909385278 0.026402593627 
 5.846035842184 0.026402365648 
 5.870160833838 0.026402136344 
 5.894284412510 0.026401905707 
 5.918406604532 0.026401673732 
 5.942527386489 0.026401440411 
 5.966646793771 0.026401205739 
 5.990764870349 0.026400969708 
 6.014881626490 0.026400732311 
 6.038997039351 0.026400493542 
 6.063111157850 0.026400253395 
 6.087224016073 0.026400011861 
 6.111335628816 0.026399768935 
 6.135445973405 0.026399524610 
 6.159555113064 0.026399278879 
 6.183663075779 0.026399031734 
 6.207769855592 0.026398783168 
 6.231875453740 0.026398533176 
 6.255979929068 0.026398281749 
 6.280083298680 0.026398028880 
 6.304185559002 0.026397774563 
 6.328286732244 0.026397518789 
 6.352386869334 0.026397261553 
 6.376485984388 0.026397002846 
 6.400584062484 0.026396742661 
 6.424681144828 0.026396480992 
 6.448777256055 0.026396217830 
 6.472872437182 0.026395953168 
 6.496966654944 0.026395686998 
 6.521059972414 0.026395419314 
 6.545152404986 0.026395150108 
 6.569243991217 0.026394879371 
 6.593334691511 0.026394607097 
 6.617424577299 0.026394333277 
 6.641513661845 0.026394057904 
 6.665601976741 0.026393780971 
 6.689689502463 0.026393502469 
 6.713776309446 0.026393222390 
 6.737862404241 0.026392940727 
 6.761947804846 0.026392657472 
 6.786032507149 0.026392372616 
 6.810116574119 0.026392086152 
 6.834200010996 0.026391798072 
 6.858282839881 0.026391508367 
 6.882365067442 0.026391217030 
 6.906446748235 0.026390924051 
 6.930527893672 0.026390629424 
 6.954608513655 0.026390333139 
 6.978688623421 0.026390035188 
 7.002768264000 0.026389735563 
 7.026847463004 0.026389434255 
 7.050926227918 0.026389131257 
 7.075004579819 0.026388826558 
 7.099082554335 0.026388520152 
 7.123160181883 0.026388212028 
 7.147237460855 0.026387902179 
 7.171314418026 0.026387590596 
 7.195391077411 0.026387277269 
 7.219467483064 0.026386962190 
 7.243543634772 0.026386645351 
 7.267619560827 0.026386326742 
 7.291695283769 0.026386006354 
 7.315770846798 0.026385684178 
 7.339846239397 0.026385360206 
 7.363921500081 0.026385034427 
 7.387996641178 0.026384706833 
 7.412071715221 0.026384377415 
 7.436146719614 0.026384046162 
 7.460221685625 0.026383713067 
 7.484296629433 0.026383378119 
 7.508371599253 0.026383041309 
 7.532446586529 0.026382702627 
 7.556521627379 0.026382362064 
 7.580596730843 0.026382019611 
 7.604671952012 0.026381675257 
 7.628747294755 0.026381328992 
 7.652822782150 0.026380980808 
 7.676898431641 0.026380630694 
 7.700974290487 0.026380278639 
 7.725050359759 0.026379924635 
 7.749126663071 0.026379568671 
 7.773203217408 0.026379210737 
 7.797280071962 0.026378850824 
 7.821357242445 0.026378488919 
 7.845434738974 0.026378125014 
 7.869512587569 0.026377759098 
 7.893590826667 0.026377391160 
 7.917669474639 0.026377021191 
 7.941748534433 0.026376649179 
 7.965828035142 0.026376275115 
 7.989908015337 0.026375898986 
 8.013988508409 0.026375520783 
 8.038069505700 0.026375140495 
 8.062151046391 0.026374758111 
 8.086233154909 0.026374373621 
 8.110315868808 0.026373987011 
 8.134399170498 0.026373598274 
 8.158483106873 0.026373207396 
 8.182567695131 0.026372814367 
 8.206652997095 0.026372419175 
 8.230738977620 0.026372021810 
 8.254825696131 0.026371622259 
 8.278913147580 0.026371220511 
 8.303001400758 0.026370816555 
 8.327090425900 0.026370410379 
 8.351180280679 0.026370001972 
 8.375270947514 0.026369591322 
 8.399362500259 0.026369178416 
 8.423454942332 0.026368763243 
 8.447548295632 0.026368345791 
 8.471642561012 0.026367926049 
 8.495737795127 0.026367504003 
 8.519834015054 0.026367079641 
 8.543931221397 0.026366652952 
 8.568029434304 0.026366223923 
 8.592128698144 0.026365792541 
 8.616229057162 0.026365358794 
 8.640330487376 0.026364922670 
 8.664433028385 0.026364484155 
 8.688536694367 0.026364043238 
 8.712641545673 0.026363599904 
 8.736747553917 0.026363154141 
 8.760854764386 0.026362705936 
 8.784963141308 0.026362255278 
 8.809072664413 0.026361802153 
 8.833183239774 0.026361346550 
 8.857294860611 0.026360888458 
 8.881407506238 0.026360427862 
 8.905521184751 0.026359964751 
 8.929635838509 0.026359499112 
 8.953751461387 0.026359030931 
 8.977868053230 0.026358560197 
 9.001985622514 0.026358086894 
 9.026104111349 0.026357611011 
 9.050223506535 0.026357132535 
 9.074343810608 0.026356651452 
 9.098465011454 0.026356167748 
 9.122587067200 0.026355681411 
 9.146709949156 0.026355192427 
 9.170833681928 0.026354700781 
 9.194958233671 0.026354206461 
 9.219083591351 0.026353709453 
 9.243209707197 0.026353209742 
 9.267336607673 0.026352707315 
 9.291464229591 0.026352202159 
 9.315592577903 0.026351694258 
 9.339721627956 0.026351183599 
 9.363851395470 0.026350670166 
 9.387981812592 0.026350153946 
 9.412112881558 0.026349634925 
 9.436244592508 0.026349113087 
 9.460376928123 0.026348588418 
 9.484509857876 0.026348060903 
 9.508643350561 0.026347530528 
 9.532777425880 0.026346997277 
 9.556912040990 0.026346461135 
 9.581047190597 0.026345922086 
 9.605182835245 0.026345380117 
 9.629318996023 0.026344835210 
 9.653455599300 0.026344287351 
 9.677592652890 0.026343736524 
 9.701730142756 0.026343182713 
 9.725868056926 0.026342625902 
 9.750006369582 0.026342066075 
 9.774145050034 0.026341503217 
 9.798284119364 0.026340937310 
 9.822423498244 0.026340368339 
 9.846563200731 0.026339796287 
 9.870703209444 0.026339221137 
 9.894843516761 0.026338642873 
 9.918984080441 0.026338061477 
 9.943124880102 0.026337476934 
 9.967265941251 0.026336889224 
 9.991407178800 0.026336298332 
10.015548607079 0.026335704240 
10.039690207415 0.026335106930 
10.063831972383 0.026334506384 
10.087973859427 0.026333902585 
10.112115852927 0.026333295515 
10.136257962076 0.026332685155 
10.160400113768 0.026332071487 
10.184542313598 0.026331454494 
10.208684560947 0.026330834155 
10.232826809703 0.026330210453 
10.256969063910 0.026329583367 
10.281111286271 0.026328952880 
10.305253454905 0.026328318972 
10.329395546505 0.026327681624 
10.353537529312 0.026327040816 
10.377679423619 0.026326396527 
10.401821167045 0.026325748739 
10.425962755146 0.026325097431 
10.450104182574 0.026324442582 
10.474245385160 0.026323784172 
10.498386377734 0.026323122180 
10.522527123622 0.026322456586 
10.546667592911 0.026321787368 
10.570807776475 0.026321114505 
10.594947632133 0.026320437976 
10.619087167306 0.026319757758 
10.643226319178 0.026319073830 
10.667365081250 0.026318386170 
10.691503458476 0.026317694754 
10.715641372709 0.026316999561 
10.739778846633 0.026316300567 
10.763915837862 0.026315597750 
10.788052305695 0.026314891086 
10.812188241365 0.026314180552 
10.836323623228 0.026313466123 
10.860458396670 0.026312747776 
10.884592561269 0.026312025487 
10.908726085045 0.026311299230 
10.932858932492 0.026310568981 
10.956991070348 0.026309834716 
10.981122488424 0.026309096407 
11.005253144675 0.026308354031 
11.029383001068 0.026307607560 
11.053512058694 0.026306856969 
11.077640278213 0.026306102230 
11.101767592304 0.026305343318 
11.125894014405 0.026304580204 
11.150019501073 0.026303812862 
11.174143987345 0.026303041264 
11.198267487739 0.026302265381 
11.222389975667 0.026301485184 
11.246511342284 0.026300700647 
11.270631632105 0.026299911738 
11.294750788556 0.026299118428 
11.318868734779 0.026298320689 
11.342985484604 0.026297518489 
11.367101024114 0.026296711796 
11.391215217342 0.026295900583 
11.415328104503 0.026295084816 
11.439439652902 0.026294264462 
11.463549750076 0.026293439493 
11.487658432160 0.026292609872 
11.511765647372 0.026291775568 
11.535871306109 0.026290936548 
11.559975399774 0.026290092778 
11.584077907786 0.026289244222 
11.608178720423 0.026288390847 
11.632277857438 0.026287532617 
11.656375261549 0.026286669082 
11.680470849038 0.026285800510 
11.704564638875 0.026284926944 
11.728656554508 0.026284048378 
11.752746499369 0.026283164783 
11.776834482778 0.026282276119 
11.800920433168 0.026281382345 
11.825004259796 0.026280483420 
11.849085966900 0.026279579298 
11.873165523991 0.026278669937 
11.897242777727 0.026277755297 
11.921317742341 0.026276835333 
11.945390380092 0.026275910001 
11.969460544334 0.026274979261 
11.993528254782 0.026274043066 
12.017593434269 0.026273101373 
12.041656007502 0.026272154135 
12.065715937369 0.026271201308 
12.089773134748 0.026270242846 
12.113827533147 0.026269278702 
12.137879097137 0.026268308826 
12.161927740136 0.026267333173 
12.185973383072 0.026266351693 
12.210015973804 0.026265364335 
12.234055465223 0.026264371049 
12.258091726492 0.026263371785 
12.282124728156 0.026262366491 
12.306154414435 0.026261355111 
12.330180660772 0.026260337595 
12.354203411055 0.026259313888 
12.378222600479 0.026258283933 
12.402238096822 0.026257247678 
12.426249899042 0.026256205061 
12.450257886228 0.026255156026 
12.474261948360 0.026254100517 
12.498262054245 0.026253038471 
12.522258082619 0.026251969828 
12.546249924905 0.026250894529 
12.570237510823 0.026249812511 
12.594220777103 0.026248723708 
12.618199624390 0.026247628058 
12.642173931290 0.026246525495 
12.666143610743 0.026245415953 
12.690108577861 0.026244299364 
12.714068720492 0.026243175662 
12.738023941073 0.026242044775 
12.761974151540 0.026240906633 
12.785919220434 0.026239761167 
12.809859077483 0.026238608301 
12.833793592265 0.026237447963 
12.857722611124 0.026236280082 
12.881646107394 0.026235104576 
12.905563949868 0.026233921370 
12.929475973523 0.026232730389 
12.953382089876 0.026231531551 
12.977282200513 0.026230324776 
13.001176166496 0.026229109983 
13.025063874764 0.026227887090 
13.048945192237 0.026226656012 
13.072820033565 0.026225416663 
13.096688216337 0.026224168960 
13.120549627571 0.026222912814 
13.144404156245 0.026221648137 
13.168251621301 0.026220374841 
13.192091984034 0.026219092830 
13.215925045868 0.026217802016 
13.239750676474 0.026216502305 
13.263568794918 0.026215193600 
13.287379156735 0.026213875810 
13.311181675390 0.026212548837 
13.334976192168 0.026211212583 
13.358762613896 0.026209866946 
13.382540821138 0.026208511825 
13.406310536445 0.026207147125 
13.430071725131 0.026205772738 
13.453824206458 0.026204388562 
13.477567805629 0.026202994495 
13.501302421154 0.026201590426 
13.525027882841 0.026200176250 
13.548744099775 0.026198751857 
13.572450815000 0.026197317142 
13.596147955688 0.026195871992 
13.619835410049 0.026194416292 
13.643512910504 0.026192949938 
13.667180404430 0.026191472811 
13.690837721745 0.026189984798 
13.714484734320 0.026188485782 
13.738121284829 0.026186975648 
13.761747228362 0.026185454280 
13.785362441514 0.026183921558 
13.808966709463 0.026182377368 
13.832560019322 0.026180821583 
13.856142237882 0.026179254082 
13.879713089609 0.026177674753 
13.903272616430 0.026176083464 
13.926820607405 0.026174480097 
13.950356925102 0.026172864531 
13.973881557063 0.026171236633 
13.997394375729 0.026169596281 
14.020895310213 0.026167943346 
14.044384102004 0.026166277713 
14.067860793600 0.026164599247 
14.091325323245 0.026162907817 
14.114777544015 0.026161203300 
14.138217496320 0.026159485560 
14.161645090322 0.026157754470 
14.185060120019 0.026156009909 
14.208462702719 0.026154251737 
14.231852722217 0.026152479827 
14.255230098009 0.026150694052 
14.278594998424 0.026148894266 
14.301947387665 0.026147080337 
14.325287041629 0.026145252151 
14.348614167845 0.026143409558 
14.371928674632 0.026141552433 
14.395230776501 0.026139680627 
14.418520326570 0.026137794020 
14.441797360137 0.026135892479 
14.465062112317 0.026133975853 
14.488314633004 0.026132044008 
14.511554571832 0.026130096844 
14.534782504454 0.026128134184 
14.557998424226 0.026126155900 
14.581202366259 0.026124161862 
14.604394431172 0.026122151933 
14.627574609461 0.026120125521 
14.650743460687 0.026118083225 
14.673900946911 0.026116024265 
14.697046957201 0.026113948768 
14.720181960924 0.026111857140 
14.743305915611 0.026109748482 
14.766419355175 0.026107622832 
14.789522178298 0.026105480150 
14.812614514217 0.026103320339 
14.835696814909 0.026101143242 
14.858769274498 0.026098948719 
14.881832080882 0.026096736626 
14.904885448986 0.026094506818 
14.927929546588 0.026092259153 
14.950964741260 0.026089993471 
14.973991310834 0.026087709620 
14.997009693832 0.026085407433 
15.020019932942 0.026083086784 
15.043022391931 0.026080747514 
15.066017410099 0.026078389467 
15.089005336316 0.026076012485 
15.111986707718 0.026073616391 
15.134961548079 0.026071201058 
15.157930244151 0.026068766325 
15.180893369223 0.026066312008 
15.203851388176 0.026063837936 
15.226804636175 0.026061343949 
15.249753175886 0.026058829919 
15.272697596030 0.026056295660 
15.295638481147 0.026053740985 
15.318576387175 0.026051165708 
15.341511542950 0.026048569680 
15.364444127261 0.026045952756 
15.387374859954 0.026043314728 
15.410304452687 0.026040655384 
15.433233247008 0.026037974556 
15.456161437829 0.026035272088 
15.479089583258 0.026032547778 
15.502018218938 0.026029801425 
15.524948222383 0.026027032781 
15.547879569648 0.026024241705 
15.570812737048 0.026021427993 
15.593748434174 0.026018591413 
15.616687299273 0.026015731738 
15.639629492972 0.026012848803 
15.662575342436 0.026009942419 
15.685525478563 0.026007012357 
15.708480766625 0.026004058357 
15.731441228279 0.026001080261 
15.754406823685 0.025998077917 
15.777378536995 0.025995051036 
15.800356754761 0.025991999401 
15.823341783507 0.025988922803 
15.846333344948 0.025985821118 
15.869332089190 0.025982694095 
15.892338935693 0.025979541452 
15.915353292758 0.025976363114 
15.938375300430 0.025973158912 
15.961405424877 0.025969928633 
15.984444045530 0.025966672071 
16.007490646036 0.025963389144 
16.030545674086 0.025960079628 
16.053609262238 0.025956743331 
16.076681591616 0.025953380045 
16.099762032305 0.025949989665 
16.122851050340 0.025946571909 
16.145949052923 0.025943126487 
16.169055264314 0.025939653274 
16.192170011114 0.025936151972 
16.215293860319 0.025932622240 
16.238425921606 0.025929063959 
16.261566418719 0.025925476843 
16.284716089828 0.025921860528 
16.307873984645 0.025918214922 
16.331040446058 0.025914539739 
16.354216179125 0.025910834635 
16.377400425605 0.025907099492 
16.400593416310 0.025903334018 
16.423795853396 0.025899537804 
16.447007404441 0.025895710570 
16.470228108189 0.025891851927 
16.493458613456 0.025887961339 
16.516698633710 0.025884038386 
16.539948302471 0.025880082562 
16.563208742061 0.025876093194 
16.586479554296 0.025872069893 
16.609760410254 0.025868012305 
16.633052420449 0.025863919873 
16.656356149607 0.025859792171 
16.679670581854 0.025855629076 
16.702997023756 0.025851430042 
16.726335998612 0.025847194623 
16.749686643930 0.025842922565 
16.773050346988 0.025838613144 
16.796427459490 0.025834265777 
16.819817269879 0.025829880066 
16.843221358588 0.025825455210 
16.866639778970 0.025820990741 
16.890071955773 0.025816486378 
16.913519285262 0.025811941516 
16.936981849646 0.025807355832 
16.960459187478 0.025802729100 
16.983952781089 0.025798060665 
17.007462479183 0.025793350119 
17.030987957652 0.025788597016 
17.054526162098 0.025783801414 
17.078072347441 0.025778963724 
17.101626508109 0.025774083425 
17.125189903240 0.025769159786 
17.148761573253 0.025764192627 
17.172341458526 0.025759181672 
17.195931212864 0.025754126356 
17.219529432406 0.025749026823 
17.243136026406 0.025743882962 
17.266752695779 0.025738694271 
17.290377559570 0.025733461027 
17.314011486449 0.025728182898 
17.337654567646 0.025722859731 
17.361306701104 0.025717491449 
17.384968844582 0.025712077778 
17.408638861440 0.025706619218 
17.432318631836 0.025701115402 
17.456007842186 0.025695566515 
17.479705331656 0.025689972967 
17.503413209604 0.025684334400 
17.527130126396 0.025678651251 
17.550855691861 0.025672923698 
17.574591204148 0.025667151467 
17.598335188693 0.025661334916 
17.622088079831 0.025655473918 
17.645850077249 0.025649568394 
17.669621818680 0.025643618170 
17.693402494986 0.025637623473 
17.717191959338 0.025631584418 
17.740990332753 0.025625501113 
17.764798164151 0.025619373614 
17.788614615599 0.025613202383 
17.812439985179 0.025606987634 
17.836274505826 0.025600729617 
17.860118412911 0.025594428587 
17.883971699790 0.025588084857 
17.907833441339 0.025581698972 
17.931704946722 0.025575270853 
17.955585592564 0.025568800916 
17.979474991011 0.025562289487 
18.003375931763 0.025555735993 
18.027285217434 0.025549141472 
18.051204835417 0.025542505509 
18.075133993133 0.025535828423 
18.099073575847 0.025529110032 
18.123021985328 0.025522350822 
18.146980496151 0.025515550438 
18.170944820839 0.025508710093 
18.194908980224 0.025501831505 
18.218873630358 0.025494914504 
18.242838990652 0.025487959048 
18.266804641623 0.025480965293 
18.290771534261 0.025473933018 
18.314738462695 0.025466862661 
18.338705090346 0.025459754434 
18.362672086265 0.025452608272 
18.386640038719 0.025445424148 
18.410606941311 0.025438202837 
18.434573225779 0.025430944402 
18.458539324362 0.025423648919 
18.482505663680 0.025416316471 
18.506471028972 0.025408947658 
18.530436144626 0.025401542481 
18.554400883511 0.025394101192 
18.578363081114 0.025386624648 
18.602323140968 0.025379112863 
18.626281501463 0.025371565770 
18.650238577776 0.025363983241 
18.674192493637 0.025356365543 
18.698142269915 0.025348713051 
18.722088462569 0.025341025510 
18.746031238969 0.025333302725 
18.769971239037 0.025325544334 
18.793906448762 0.025317750849 
18.817837480848 0.025309921941 
18.841764720256 0.025302057357 
18.865688139523 0.025294156992 
18.889604376599 0.025286221866 
18.913513651661 0.025278251852 
18.937416276625 0.025270246842 
18.961312966363 0.025262206675 
18.985201957881 0.025254132137 
19.009081055618 0.025246024293 
19.032950255708 0.025237883572 
19.056810609942 0.025229710094 
19.080660886623 0.025221504761 
19.104499974137 0.025213268393 
19.128328467907 0.025205001135 
19.152143427044 0.025196704264 
19.175943298212 0.025188378510 
19.199728836728 0.025180023731 
19.223500865726 0.025171639700 
19.247255456537 0.025163227813 
19.270992547713 0.025154788014 
19.294713506021 0.025146319627 
19.318419910559 0.025137821778 
19.342109551186 0.025129294893 
19.365783393303 0.025120738265 
19.389442705912 0.025112151145 
19.413082161215 0.025103535317 
19.436704050545 0.025094889919 
19.460310659155 0.025086214151 
19.483896419921 0.025077510154 
19.507463570668 0.025068777206 
19.531015133491 0.025060014273 
19.554548112313 0.025051222597 
19.578066083593 0.025042401026 
19.601562965810 0.025033552134 
19.625040238033 0.025024675749 
19.648499214056 0.025015771799 
19.671937174176 0.025006841756 
19.695352614190 0.024997886584 
19.718753360844 0.024988903517 
19.742127638812 0.024979897164 
19.765482266980 0.024970864798 
19.788819926490 0.024961805070 
19.812132550972 0.024952720699 
19.835427417627 0.024943608358 
19.858702431888 0.024934468354 
19.881962295207 0.024925298367 
19.905190950907 0.024916104421 
19.928383720622 0.024906888244 
19.951550097098 0.024897646014 
19.974696734576 0.024888375088 
19.997829673530 0.024879073170 
20.020945690657 0.024869741830 
20.044049901021 0.024860379303 
20.067143046068 0.024850985442 
20.090210433232 0.024841566195 
20.113257211218 0.024832119199 
20.136272999347 0.024822648446 
20.159261228352 0.024813152501 
20.182219119326 0.024803632872 
20.205143638890 0.024794091529 
20.228042904109 0.024784525908 
20.250905498852 0.024774941584 
20.273736181092 0.024765337209 
20.296544397858 0.024755709078 
20.319334223740 0.024746055193 
20.342108082672 0.024736373591 
20.364876752271 0.024726658176 
20.387624188000 0.024716914301 
20.410337969306 0.024707146490 
20.433012514654 0.024697357288 
20.455658330079 0.024687542932 
20.478262007162 0.024677710247 
20.500835631998 0.024667854762 
20.523390493631 0.024657971943 
20.545907563095 0.024648070411 
20.568396617917 0.024638145969 
20.590871780369 0.024628192129 
20.613323634160 0.024618212776 
20.635769647330 0.024608200261 
20.658206772188 0.024598156918 
20.680606469511 0.024588097449 
20.702971458287 0.024578022708 
20.725300181172 0.024567934898 
20.747587361180 0.024557837242 
20.769835609798 0.024547728940 
20.792061969169 0.024537602254 
20.814280938936 0.024527450194 
20.836463335427 0.024517285689 
20.858632296853 0.024507097883 
20.880773768239 0.024496893677 
20.902908663261 0.024486664714 
20.925059875896 0.024476402197 
20.947205297800 0.024466118446 
20.969321130741 0.024455826633 
20.991400361429 0.024445531921 
21.013448333590 0.024435233375 
21.035462347513 0.024424933522 
21.057462250157 0.024414623939 
21.079480850732 0.024404289727 
21.101490089556 0.024393944681 
21.123489972171 0.024383589843 
21.145473664126 0.024373229809 
21.167461114470 0.024362856544 
21.189492215412 0.024352452131 
21.211576965038 0.024342012332 
21.233659699978 0.024331564043 
21.255721026650 0.024321117270 
21.277770842182 0.024310668260 
21.299820484620 0.024300212644 
21.321870125887 0.024289751623 
21.343945498116 0.024279274548 
21.366082161126 0.024268766443 
21.388225313965 0.024258255919 
21.410383280609 0.024247742006 
21.432549128261 0.024237230836 
21.454747026073 0.024226713440 
21.477011767124 0.024216175352 
21.499381473672 0.024205600197 
21.521787700560 0.024195021995 
21.544229656447 0.024184442473 
21.566678040345 0.024173876335 
21.589165610254 0.024163308556 
21.611688146131 0.024152741438 
21.634249986600 0.024142173502 
21.656876633852 0.024131593622 
21.679561426881 0.024121005809 
21.702313060800 0.024110406837 
21.725111576362 0.024099806746 
21.747913597226 0.024089226697 
21.770769346132 0.024078644374 
21.793696209803 0.024068052872 
21.816661315199 0.024057468799 
21.839671480898 0.024046890440 
21.862745879627 0.024036309908 
21.885871270370 0.024025733849 
21.909073853357 0.024015150473 
21.932313272297 0.024004578496 
21.955589127012 0.023994018569 
21.978921687234 0.023983462118 
22.002296291527 0.023972916638 
22.025718593570 0.023962380699 
22.049192369193 0.023951853524 
22.072745443495 0.023941322781 
22.096355790813 0.023930797882 
22.120019218969 0.023920279665 
22.143711677845 0.023909777698 
22.167434651989 0.023899290170 
22.191189448551 0.023888815247 
22.214966888233 0.023878355966 
22.238766388213 0.023867912065 
22.262550116237 0.023857500745 
22.286302471673 0.023847130776 
22.310022160669 0.023836805136 
22.333720639989 0.023826521072 
22.357401371191 0.023816278387 
22.381063400437 0.023806077829 
22.404707274750 0.023795918895 
22.428341975967 0.023785794850 
22.451969284380 0.023775703537 
22.475596915957 0.023765646875 
22.499216444429 0.023755631969 
22.522843048980 0.023745654469 
22.546477440333 0.023735715356 
22.570128132215 0.023725811411 
22.593787576930 0.023715945060 
22.617465563035 0.023706110121 
22.641159519393 0.023696304850 
22.664875033308 0.023686524081 
22.688617719368 0.023676763317 
22.712394444699 0.023667018519 
22.736203361348 0.023657289885 
22.760029586432 0.023647583385 
22.783792168612 0.023637932894 
22.807509426914 0.023628331975 
22.831200517660 0.023618774565 
22.854843408366 0.023609272672 
22.878447237435 0.023599825526 
22.901972332592 0.023590450449 
22.925430757071 0.023581141503 
22.948810486176 0.023571900616 
22.972093341636 0.023562732059 
22.995289459360 0.023553629414 
23.018411090433 0.023544585669 
23.041451952915 0.023535601362 
23.064404506325 0.023526677868 
23.087276761853 0.023517810825 
23.110029157838 0.023509015207 
23.132666358766 0.023500289194 
23.155192503508 0.023491630857 
23.177587704362 0.023483047265 
23.199849010446 0.023474538555 
23.221977785804 0.023466102784 
23.243978699028 0.023457736433 
23.265851061046 0.023449437631 
23.287583122539 0.023441209866 
23.309171345244 0.023433052694 
23.330604454945 0.023424963385 
23.351850739398 0.023416949326 
23.372898118447 0.023409013023 
23.393757790851 0.023401148947 
23.414443435533 0.023393351494 
23.434971117066 0.023385614971 
23.455349478899 0.023377936469 
23.475595122187 0.023370309768 
23.495716116165 0.023362731525 
23.515726182184 0.023355196185 
23.535616464580 0.023347707275 
23.555387888465 0.023340264999 
23.575050707468 0.023332865361 
23.594607997267 0.023325506280 
23.614070211699 0.023318182438 
23.633440566550 0.023310891118 
23.652730669421 0.023303626992 
23.671948071683 0.023296386853 
23.691103675059 0.023289166336 
23.710199663421 0.023281963991 
23.729252544048 0.023274772726 
23.748260511143 0.023267592421 
23.767235732297 0.023260417720 
23.786187319819 0.023253244936 
23.805121601792 0.023246071867 
23.824053546145 0.023238893271 
23.842976477366 0.023231712087 
23.861905695066 0.023224522488 
23.880848458802 0.023217321094 
23.899802302704 0.023210107905 
23.918777997316 0.023202877945 
23.937780774167 0.023195628265 
23.956796514065 0.023188363680 
23.975832941040 0.023181080852 
23.994892057327 0.023173778861 
24.013985456149 0.023166453095 
24.033118411625 0.023159100981 
24.052290278062 0.023151722190 
24.071520649410 0.023144308150 
24.090803767106 0.023136860253 
24.110152298405 0.023129373162 
24.129574923337 0.023121843376 
24.149079870008 0.023114268120 
24.168682018212 0.023106641682 
24.188370471350 0.023098968060 
24.208167075728 0.023091237655 
24.228070826952 0.023083449633 
24.248085522331 0.023075602334 
24.268224727992 0.023067690734 
24.288484712322 0.023059717034 
24.308881205961 0.023051675386 
24.329410366557 0.023043567506 
24.350076784631 0.023035391467 
24.370791019418 0.023027183345 
24.391453258748 0.023018984967 
24.412082865772 0.023010790456 
24.432692321200 0.023002595812 
24.453302057093 0.022994392767 
24.473919361199 0.022986177422 
24.494566772964 0.022977939575 
24.515250033348 0.022969676095 
24.535990411787 0.022961378223 
24.556790634168 0.022953044733 
24.577670000251 0.022944667329 
24.598628222857 0.022936245309 
24.619659247881 0.022927780300 
24.640759179116 0.022919273245 
24.661920002603 0.022910726847 
24.683137485325 0.022902142495 
24.704413555954 0.022893519156 
24.725748997012 0.022884856101 
24.747144507631 0.022876152496 
24.768599829429 0.022867407896 
24.790114906899 0.022858622381 
24.811689235322 0.022849796726 
24.833322728062 0.022840931437 
24.855015291166 0.022832041373 
24.876769084268 0.022823112525 
24.898583087130 0.022814143333 
24.920458811423 0.022805133020 
24.942397588595 0.022796081364 
24.964401566839 0.022786987693 
24.986473134614 0.022777850782 
25.008610296163 0.022768670761 
25.030813712901 0.022759446408 
25.053086931890 0.022750175365 
25.075431525612 0.022740856186 
25.097847687550 0.022731487830 
25.120338309718 0.022722067816 
25.142901074179 0.022712595924 
25.165535408436 0.022703071390 
25.188244159609 0.022693491887 
25.211023637584 0.022683857607 
25.233872595113 0.022674167598 
25.256791611178 0.022664420117 
25.279778097607 0.022654614625 
25.302833722137 0.022644748545 
25.325952635729 0.022634822766 
25.349134320909 0.022624836329 
25.372379121629 0.022614788037 
25.395685966395 0.022604677020 
25.419052180119 0.022594502861 
25.442476845588 0.022584264658 
25.465961075218 0.022573961441 
25.489505033420 0.022563593851 
25.513108470442 0.022553163736 
25.536772228688 0.022542672126 
25.560498757181 0.022532117262 
25.584290051287 0.022521495693 
25.608149355896 0.022510803843 
25.632072591486 0.022500043736 
25.656015336239 0.022489237793 
25.679980924990 0.022478386618 
25.703977180940 0.022467487498 
25.728004050984 0.022456540933 
25.752039050586 0.022445558316 
25.776014219500 0.022434573713 
25.799932313719 0.022423589266 
25.823798571306 0.022412604700 
25.847617005515 0.022401618270 
25.871391748625 0.022390626844 
25.895133429946 0.022379624731 
25.918851175884 0.022368608772 
25.942553086175 0.022357577756 
25.966242314033 0.022346532626 
25.989925607362 0.022335471254 
26.013610499087 0.022324389964 
26.037307374964 0.022313283226 
26.061021304952 0.022302147777 
26.084759485642 0.022290978906 
26.108503729006 0.022279784104 
26.132233588308 0.022268573165 
26.155953187197 0.022257345096 
26.179659961742 0.022246101973 
26.203363140453 0.022234839073 
26.227071313085 0.022223550532 
26.250793299858 0.022212229833 
26.274535654520 0.022200872082 
26.298305499527 0.022189472911 
26.322108481582 0.022178028727 
26.345949708751 0.022166535650 
26.369832546560 0.022154990893 
26.393759931897 0.022143393055 
26.417681284924 0.022131768495 
26.441583971831 0.022120125144 
26.465465471035 0.022108464795 
26.489327012844 0.022096787156 
26.513169224817 0.022085093905 
26.536992927305 0.022073388126 
26.560797848262 0.022061672986 
26.584578665101 0.022049951693 
26.608335790702 0.022038222732 
26.632067771859 0.022026485648 
26.655780081716 0.022014737791 
26.679469761653 0.022002981895 
26.703142873875 0.021991216648 
26.726801231192 0.021979442787 
26.750450643818 0.021967658852 
26.774087238793 0.021955868130 
26.797720396669 0.021944067102 
26.821345609408 0.021932259743 
26.844970338316 0.021920445041 
26.868595756379 0.021908625998 
26.892228575425 0.021896802513 
26.915865611001 0.021884977157 
26.939512523503 0.021873144517 
26.963171982783 0.021861299005 
26.986845199674 0.021849437940 
27.010537491458 0.021837561167 
27.034252590392 0.021825672419 
27.057990289908 0.021813776527 
27.081752642086 0.021801873295 
27.105542963678 0.021789957738 
27.129356951457 0.021778028101 
27.153196303416 0.021766083029 
27.177060311381 0.021754125938 
27.200948796027 0.021742161148 
27.224857818308 0.021730193840 
27.248784911537 0.021718226882 
27.272726573697 0.021706262305 
27.296680049714 0.021694300367 
27.320640845652 0.021682341948 
27.344610064174 0.021670386201 
27.368586158993 0.021658435455 
27.392568168261 0.021646492082 
27.416556215260 0.021634555795 
27.440548957917 0.021622625765 
27.464545860894 0.021610702760 
27.488548566557 0.021598789291 
27.512561642282 0.021586885656 
27.536589371609 0.021574988601 
27.560637742046 0.021563092213 
27.584709807478 0.021551193753 
27.608813804907 0.021539290093 
27.632923833031 0.021527395965 
27.657019631510 0.021515522882 
27.681108533148 0.021503668301 
27.705195385323 0.021491831593 
27.729287414056 0.021480010330 
27.753392912750 0.021468199628 
27.777506818044 0.021456400924 
27.801630666709 0.021444613918 
27.825770944719 0.021432836508 
27.849933294649 0.021421065264 
27.874121516295 0.021409295986 
27.898340033641 0.021397525972 
27.922593229259 0.021385756160 
27.946876263134 0.021373993360 
27.971189213291 0.021362240186 
27.995534637137 0.021350494994 
28.019899456079 0.021338761858 
28.044274667493 0.021327043065 
28.068660342017 0.021315338080 
28.093051460102 0.021303650685 
28.117435929421 0.021291988782 
28.141814216081 0.021280353635 
28.166186801419 0.021268745792 
28.190554115089 0.021257165459 
28.214916500932 0.021245612634 
28.239274310601 0.021234086526 
28.263628394434 0.021222585364 
28.287979443238 0.021211108452 
28.312328515016 0.021199656425 
28.336674869804 0.021188230586 
28.361017050934 0.021176830863 
28.385356111408 0.021165454516 
28.409693612634 0.021154098994 
28.434030364134 0.021142764380 
28.458367292854 0.021131452172 
28.482705652335 0.021120162332 
28.507046755972 0.021108892181 
28.531391794701 0.021097638327 
28.555742143546 0.021086398635 
28.580082127164 0.021075180567 
28.604407037690 0.021063987097 
28.628716284417 0.021052819137 
28.652999023411 0.021041682333 
28.677238984103 0.021030584891 
28.701431265554 0.021019529442 
28.725586380959 0.021008511488 
28.749705305074 0.020997531618 
28.773800268430 0.020986585456 
28.797884925291 0.020975667152 
28.821944649371 0.020964783175 
28.846001241364 0.020953922901 
28.870036551218 0.020943093527 
28.894072593052 0.020932283488 
28.918102680048 0.020921494644 
28.942138841439 0.020910721703 
28.966162102211 0.020899974726 
28.990178198263 0.020889253025 
29.014172540574 0.020878564998 
29.038164783698 0.020867903352 
29.062148009537 0.020857272130 
29.086125585862 0.020846669952 
29.110094061413 0.020836097966 
29.134054390985 0.020825555549 
29.158009686956 0.020815041805 
29.181974780997 0.020804551361 
29.205951632406 0.020794084592 
29.229949031424 0.020783637903 
29.253967194671 0.020773210598 
29.278006190994 0.020762802463 
29.302053494582 0.020752419843 
29.326112688358 0.020742062039 
29.350181348273 0.020731729701 
29.374257059156 0.020721422703 
29.398336590928 0.020711141809 
29.422419636099 0.020700887509 
29.446513898450 0.020690657005 
29.470622821515 0.020680449039 
29.494744873539 0.020670264754 
29.518880232630 0.020660104958 
29.543032839401 0.020649968547 
29.567195162703 0.020639858781 
29.591382632227 0.020629768979 
29.615596467015 0.020619698208 
29.639830653274 0.020609648199 
29.664092882272 0.020599615064 
29.688368350945 0.020589605361 
29.712655012640 0.020579620785 
29.736949958000 0.020569662619 
29.761256568553 0.020559728603 
29.785576008423 0.020549817096 
29.809905290348 0.020539928323 
29.834243476171 0.020530061835 
29.858583821048 0.020520220049 
29.882898646250 0.020510414942 
29.907186877155 0.020500647998 
29.931453879338 0.020490917481 
29.955705052118 0.020481221094 
29.979944264565 0.020471557307 
30.004176979368 0.020461924219 
30.028407982734 0.020452319971 
30.052642320065 0.020442742137 
30.076883626753 0.020433188740 
30.101136241327 0.020423657728 
30.125403671276 0.020414147386 
30.149689234137 0.020404655709 
30.173995483218 0.020395180776 
30.198303360031 0.020385729760 
30.222602591437 0.020376306817 
30.246902414886 0.020366907643 
30.271192524278 0.020357534834 
30.295457282605 0.020348193843 
30.319677502056 0.020338892958 
30.343886146088 0.020329620209 
30.368093532413 0.020320371737 
30.392291428227 0.020311151267 
30.416507074614 0.020301949073 
30.440676714814 0.020292789788 
30.464830882773 0.020283659956 
30.488991205739 0.020274548304 
30.513095122729 0.020265477851 
30.537169769178 0.020256439800 
30.561243480502 0.020247424730 
30.585297658684 0.020238439901 
30.609341707203 0.020229480956 
30.633359387370 0.020220552979 
30.657326320106 0.020211664410 
30.681264637199 0.020202806023 
30.705144948623 0.020193988351 
30.728966415085 0.020185212489 
30.752746263740 0.020176473227 
30.776485807121 0.020167770576 
30.800178715380 0.020159106464 
30.823811521223 0.020150485444 
30.847367780798 0.020141907017 
30.870811938862 0.020133394679 
30.894154300267 0.020124943557 
30.917407292040 0.020116547392 
30.940585177512 0.020108199590 
30.963703256442 0.020099892961 
30.986777069573 0.020091620531 
31.009819866933 0.020083377256 
31.032846452441 0.020075159518 
31.055872437075 0.020066963045 
31.078909536212 0.020058783677 
31.101973163212 0.020050615008 
31.125073181751 0.020042452725 
31.148209657139 0.020034297239 
31.171385743692 0.020026147919 
31.194609779853 0.020018002597 
31.217890248658 0.020009858583 
31.241230183562 0.020001714463 
31.264637323081 0.019993567021 
31.288115704736 0.019985414782 
31.311671027279 0.019977256230 
31.335300501419 0.019969093135 
31.359006693964 0.019960925449 
31.382792768052 0.019952752618 
31.406659938377 0.019944574199 
31.430608338523 0.019936390030 
31.454612752937 0.019928209481 
31.478672445149 0.019920034215 
31.502787530937 0.019911865433 
31.526954182625 0.019903704823 
31.551170184256 0.019895552784 
31.575435377755 0.019887408888 
31.599747771574 0.019879273459 
31.624097455138 0.019871149355 
31.648448179567 0.019863048390 
31.672793622084 0.019854973043 
31.697135589659 0.019846923797 
31.721470291483 0.019838902758 
31.745797755356 0.019830909538 
31.770110310144 0.019822945395 
31.794404341991 0.019815010311 
31.818685817576 0.019807101595 
31.842962542792 0.019799216145 
31.867241699387 0.019791350913 
31.891516150828 0.019783507568 
31.915770051264 0.019775691088 
31.940010066254 0.019767899712 
31.964242702291 0.019760132062 
31.988473521223 0.019752386649 
32.012709344565 0.019744660606 
32.036935178537 0.019736957584 
32.061151857248 0.019729276223 
32.085365751071 0.019721613561 
32.109582483384 0.019713967220 
32.133807887702 0.019706335474 
32.158019128315 0.019698726643 
32.182212781403 0.019691142947 
32.206395879491 0.019683582221 
32.230577235337 0.019676040556 
32.254761798811 0.019668515260 
32.278957190290 0.019661003602 
32.303140297933 0.019653513022 
32.327316240768 0.019646041851 
32.351492418733 0.019638587571 
32.375675607966 0.019631148215 
32.399874874744 0.019623721183 
32.424078737917 0.019616309953 
32.448291448265 0.019608912880 
32.472520580980 0.019601527110 
32.496772773257 0.019594149984 
32.521054684337 0.019586778920 
32.545344256532 0.019579420599 
32.569644657133 0.019572074257 
32.593936218007 0.019564746074 
32.618212314329 0.019557438103 
32.642466589613 0.019550152192 
32.666639910107 0.019542906317 
32.690734457113 0.019535699639 
32.714770906759 0.019528525173 
32.738751434803 0.019521381297 
32.762694231798 0.019514261574 
32.786610949156 0.019507161719 
32.810496032869 0.019500083271 
32.834344623946 0.019493028294 
32.858158163272 0.019485996734 
32.881960497860 0.019478981593 
32.905768458531 0.019471977165 
32.929581251047 0.019464982946 
32.953403965916 0.019457996105 
32.977263787542 0.019451007354 
33.001162619608 0.019444015401 
33.025097230237 0.019437021299 
33.049072584106 0.019430024040 
33.073101747085 0.019423019841 
33.097192499889 0.019416005905 
33.121358067056 0.019408977590 
33.145573860473 0.019401941795 
33.169810465900 0.019394907497 
33.194065615677 0.019387875778 
33.218339685103 0.019380846493 
33.242612875567 0.019373825261 
33.266882907784 0.019366812808 
33.291149855028 0.019359809742 
33.315395215725 0.019352822931 
33.339613201624 0.019345855747 
33.363806650065 0.019338908107 
33.387977470791 0.019331978934 
33.412126346459 0.019325067169 
33.436256081032 0.019318171546 
33.460367180345 0.019311292595 
33.484461961645 0.019304430399 
33.508543008446 0.019297584699 
