    time           T_x           T_y           T_z      
 0.0050000000 -0.0035946919 -7.0662581773 -0.0008224186 
 0.0132500000 -0.0036503125  4.3662292518 -0.0008224675 
 0.0270000000 -0.0037561428  0.0125851011 -0.0008224248 
 0.0421250000 -0.0033152494 -0.0048263047 -0.0008224736 
 0.0587625000 -0.0034259464 -0.0035948480 -0.0008225383 
 0.0770637500 -0.0033008909 -0.0032551554 -0.0008225976 
 0.0971951250 -0.0032118245 -0.0031653246 -0.0008226391 
 0.1193396375 -0.0031254946 -0.0031203006 -0.0008226605 
 0.1430949299 -0.0030391654 -0.0031130534 -0.0008226664 
 0.1668936791 -0.0029552770 -0.0031359006 -0.0008226644 
 0.1907331016 -0.0028736029 -0.0031812337 -0.0008226592 
 0.2146100094 -0.0028114418 -0.0032503757 -0.0008226385 
 0.2385212631 -0.0027229795 -0.0033294531 -0.0008226200 
 0.2624644204 -0.0026226922 -0.0033968279 -0.0008226053 
 0.2864369534 -0.0025694054 -0.0035102303 -0.0008225954 
 0.3104366812 -0.0024622107 -0.0035893961 -0.0008225887 
 0.3344616874 -0.0023972554 -0.0037058232 -0.0008225843 
 0.3585099925 -0.0022986413 -0.0038013320 -0.0008225814 
 0.3825801449 -0.0022230436 -0.0039184809 -0.0008225793 
 0.4066704708 -0.0021287385 -0.0040246405 -0.0008225779 
 0.4307797303 -0.0020451690 -0.0041422155 -0.0008225770 
 0.4549066051 -0.0019517146 -0.0042546261 -0.0008225765 
 0.4790499819 -0.0018622570 -0.0043725383 -0.0008225765 
 0.5032089234 -0.0017673711 -0.0044880928 -0.0008225768 
 0.5273823231 -0.0016731675 -0.0046059834 -0.0008225776 
 0.5515694961 -0.0015756136 -0.0047226681 -0.0008225788 
 0.5757694405 -0.0014772131 -0.0048400233 -0.0008225803 
 0.5999815709 -0.0013763896 -0.0049565378 -0.0008225822 
 0.6242051562 -0.0012740437 -0.0050728177 -0.0008225845 
 0.6484395642 -0.0011696795 -0.0051882832 -0.0008225871 
 0.6726842623 -0.0010635107 -0.0053029883 -0.0008225900 
 0.6969385892 -0.0009555022 -0.0054167741 -0.0008225933 
 0.7212021895 -0.0008455874 -0.0055294678 -0.0008225968 
 0.7454744383 -0.0007339155 -0.0056410958 -0.0008226006 
 0.7697549911 -0.0006203185 -0.0057514031 -0.0008226047 
 0.7940433769 -0.0005050105 -0.0058604945 -0.0008226090 
 0.8183392037 -0.0003877976 -0.0059680952 -0.0008226135 
 0.8426421792 -0.0002689066 -0.0060743388 -0.0008226183 
 0.8669518161 -0.0001481504 -0.0061789581 -0.0008226233 
 0.8912679194 -0.0000257464 -0.0062820911 -0.0008226285 
 0.9155881332  0.0000984771 -0.0063834707 -0.0008226340 
 0.9399121090  0.0002242910 -0.0064832511 -0.0008226396 
 0.9642396172  0.0003518486 -0.0065812039 -0.0008226455 
 0.9885704566  0.0004809838 -0.0066774358 -0.0008226516 
 1.0129045167  0.0006118003 -0.0067717643 -0.0008226578 
 1.0372415242  0.0007441558 -0.0068642798 -0.0008226643 
 1.0615813844  0.0008781318 -0.0069548216 -0.0008226709 
 1.0859239029  0.0010136027 -0.0070434696 -0.0008226778 
 1.1102689345  0.0011506339 -0.0071300788 -0.0008226848 
 1.1346163940  0.0012891118 -0.0072147223 -0.0008226921 
 1.1589660639  0.0014290891 -0.0072972676 -0.0008226995 
 1.1833178842  0.0015704622 -0.0073777811 -0.0008227071 
 1.2076716801  0.0017132712 -0.0074561443 -0.0008227150 
 1.2320273487  0.0018574239 -0.0075324133 -0.0008227230 
 1.2563848195  0.0020029473 -0.0076064857 -0.0008227312 
 1.2807439158  0.0021497607 -0.0076784063 -0.0008227397 
 1.3051046017  0.0022978786 -0.0077480870 -0.0008227483 
 1.3294667149  0.0024472296 -0.0078155647 -0.0008227571 
 1.3538301859  0.0025978196 -0.0078807608 -0.0008227662 
 1.3781949527  0.0027495825 -0.0079437089 -0.0008227754 
 1.4025608683  0.0029025195 -0.0080043355 -0.0008227849 
 1.4269279141  0.0030565674 -0.0080626725 -0.0008227945 
 1.4512959371  0.0032117228 -0.0081186527 -0.0008228044 
 1.4756648926  0.0033679266 -0.0081723037 -0.0008228145 
 1.5000347266  0.0035251696 -0.0082235674 -0.0008228248 
 1.5244053129  0.0036833986 -0.0082724634 -0.0008228353 
 1.5487766456  0.0038425976 -0.0083189446 -0.0008228461 
 1.5731485837  0.0040027181 -0.0083630245 -0.0008228571 
 1.5975210961  0.0041637398 -0.0084046622 -0.0008228682 
 1.6218941396  0.0043256166 -0.0084438704 -0.0008228797 
 1.6462675999  0.0044883266 -0.0084806096 -0.0008228913 
 1.6706414801  0.0046518240 -0.0085148939 -0.0008229032 
 1.6950156539  0.0048160855 -0.0085466863 -0.0008229153 
 1.7193898899  0.0049810664 -0.0085759964 -0.0008229276 
 1.7437641654  0.0051467385 -0.0086027993 -0.0008229402 
 1.7681384443  0.0053130619 -0.0086270985 -0.0008229530 
 1.7925127270  0.0054800079 -0.0086488706 -0.0008229660 
 1.8168870057  0.0056475370 -0.0086681205 -0.0008229793 
 1.8412612543  0.0058156190 -0.0086848274 -0.0008229928 
 1.8656354765  0.0059842151 -0.0086989957 -0.0008230066 
 1.8900096464  0.0061532941 -0.0087106077 -0.0008230206 
 1.9143837579  0.0063228182 -0.0087196663 -0.0008230348 
 1.9387578130  0.0064927550 -0.0087261581 -0.0008230493 
 1.9631317792  0.0066630677 -0.0087300831 -0.0008230640 
 1.9875056614  0.0068337226 -0.0087314329 -0.0008230790 
 2.0118794446  0.0070046839 -0.0087302057 -0.0008230943 
 2.0362529014  0.0071759164 -0.0087263931 -0.0008231098 
 2.0606259950  0.0073473828 -0.0087199986 -0.0008231255 
 2.0849986519  0.0075190491 -0.0087110159 -0.0008231415 
 2.1093708790  0.0076908797 -0.0086994431 -0.0008231577 
 2.1337426237  0.0078628396 -0.0086852794 -0.0008231743 
 2.1581138467  0.0080348938 -0.0086685208 -0.0008231910 
 2.1824845442  0.0082070067 -0.0086491721 -0.0008232080 
 2.2068546371  0.0083791438 -0.0086272250 -0.0008232253 
 2.2312241192  0.0085512690 -0.0086026897 -0.0008232429 
 2.2555929895  0.0087233487 -0.0085755572 -0.0008232607 
 2.2799611655  0.0088953468 -0.0085458370 -0.0008232787 
 2.3043286492  0.0090672290 -0.0085135232 -0.0008232971 
 2.3286954169  0.0092389601 -0.0084786273 -0.0008233156 
 2.3530614132  0.0094105058 -0.0084411398 -0.0008233345 
 2.3774266481  0.0095818309 -0.0084010787 -0.0008233536 
 2.4017910789  0.0097529013 -0.0083584312 -0.0008233730 
 2.4261546673  0.0099236821 -0.0083132180 -0.0008233927 
 2.4505174339  0.0100941393 -0.0082654277 -0.0008234126 
 2.4748793049  0.0102642385 -0.0082150804 -0.0008234328 
 2.4992402665  0.0104339450 -0.0081621658 -0.0008234533 
 2.5236003383  0.0106032259 -0.0081067084 -0.0008234740 
 2.5479594514  0.0107720457 -0.0080486921 -0.0008234950 
 2.5723175978  0.0109403722 -0.0079881482 -0.0008235163 
 2.5966747853  0.0111081702 -0.0079250595 -0.0008235378 
 2.6210309474  0.0112754077 -0.0078594568 -0.0008235596 
 2.6453860925  0.0114420492 -0.0077913251 -0.0008235817 
 2.6697402217  0.0116080644 -0.0077206977 -0.0008236041 
 2.6940932701  0.0117734164 -0.0076475554 -0.0008236268 
 2.7184452546  0.0119380766 -0.0075719385 -0.0008236497 
 2.7427961647  0.0121020076 -0.0074938245 -0.0008236729 
 2.7671459383  0.0122651813 -0.0074132549 -0.0008236964 
 2.7914946035  0.0124275604 -0.0073302100 -0.0008237201 
 2.8158421484  0.0125891185 -0.0072447316 -0.0008237442 
 2.8401885123  0.0127498161 -0.0071567969 -0.0008237685 
 2.8645337262  0.0129096298 -0.0070664554 -0.0008237931 
 2.8888777719  0.0130685187 -0.0069736794 -0.0008238179 
 2.9132205906  0.0132264605 -0.0068785209 -0.0008238431 
 2.9375622198  0.0133834144 -0.0067809544 -0.0008238685 
 2.9619026440  0.0135393596 -0.0066810317 -0.0008238943 
 2.9862418062  0.0136942530 -0.0065787250 -0.0008239203 
 3.0105797417  0.0138480777 -0.0064740936 -0.0008239466 
 3.0349164335  0.0140007883 -0.0063671042 -0.0008239731 
 3.0592518258  0.0141523696 -0.0062578190 -0.0008240000 
 3.0835859555  0.0143027759 -0.0061462066 -0.0008240271 
 3.1079188133  0.0144519942 -0.0060323294 -0.0008240546 
 3.1322503460  0.0145999758 -0.0059161533 -0.0008240823 
 3.1565805828  0.0147467122 -0.0057977480 -0.0008241103 
 3.1809095183  0.0148921522 -0.0056770743 -0.0008241386 
 3.2052371004  0.0150362892 -0.0055542045 -0.0008241672 
 3.2295633546  0.0151790713 -0.0054291011 -0.0008241960 
 3.2538882881  0.0153204951 -0.0053018372 -0.0008242252 
 3.2782118513  0.0154605046 -0.0051723718 -0.0008242547 
 3.3025340561  0.0155991017 -0.0050407850 -0.0008242844 
 3.3268549190  0.0157362276 -0.0049070323 -0.0008243144 
 3.3511743918  0.0158718865 -0.0047711950 -0.0008243448 
 3.3754924769  0.0160060182 -0.0046332295 -0.0008243754 
 3.3998092093  0.0161386312 -0.0044932202 -0.0008244063 
 3.4241245433  0.0162696604 -0.0043511183 -0.0008244375 
 3.4484384619  0.0163991195 -0.0042070145 -0.0008244690 
 3.4727510149  0.0165269416 -0.0040608588 -0.0008245008 
 3.4970621572  0.0166531425 -0.0039127412 -0.0008245329 
 3.5213718572  0.0167776523 -0.0037626122 -0.0008245653 
 3.5456801658  0.0169004935 -0.0036105670 -0.0008245980 
 3.5699870673  0.0170215903 -0.0034565499 -0.0008246310 
 3.5942925191  0.0171409699 -0.0033006602 -0.0008246642 
 3.6185965547  0.0172585550 -0.0031428436 -0.0008246978 
 3.6428991774  0.0173743763 -0.0029831991 -0.0008247317 
 3.6672003459  0.0174883516 -0.0028216701 -0.0008247659 
 3.6915000741  0.0176005188 -0.0026583614 -0.0008248004 
 3.7157983944  0.0177107911 -0.0024932134 -0.0008248352 
 3.7400952680  0.0178192102 -0.0023263314 -0.0008248703 
 3.7643906782  0.0179256864 -0.0021576570 -0.0008249056 
 3.7886846797  0.0180302681 -0.0019872984 -0.0008249413 
 3.8129772364  0.0181328585 -0.0018151927 -0.0008249773 
 3.8372678097  0.0182335054 -0.0016414497 -0.0008250136 
 3.8615561846  0.0183321176 -0.0014660201 -0.0008250503 
 3.8858423209  0.0184287509 -0.0012890118 -0.0008250872 
 3.9101262146  0.0185233008 -0.0011103616 -0.0008251244 
 3.9344079260  0.0186158334 -0.0009301834 -0.0008251619 
 3.9586873947  0.0187062381 -0.0007484123 -0.0008251997 
 3.9829646086  0.0187945883 -0.0005651659 -0.0008252379 
 4.0072396063  0.0188807711 -0.0003803802 -0.0008252763 
 4.0315123769  0.0189648619 -0.0001941699 -0.0008253151 
 4.0557829021  0.0190467447 -0.0000064730 -0.0008253542 
 4.0800511924  0.0191265018  0.0001825942 -0.0008253935 
 4.1043172857  0.0192040123  0.0003730945 -0.0008254332 
 4.1285811379  0.0192793623  0.0005649126 -0.0008254732 
 4.1528427431  0.0193524286  0.0007581083 -0.0008255135 
 4.1771021622  0.0194233041  0.0009525663 -0.0008255542 
 4.2013593461  0.0194918576  0.0011483483 -0.0008255951 
 4.2256142936  0.0195581895  0.0013453371 -0.0008256364 
 4.2498670277  0.0196221666  0.0015435923 -0.0008256779 
 4.2741175677  0.0196838915  0.0017429999 -0.0008257198 
 4.2983658837  0.0197432278  0.0019436172 -0.0008257620 
 4.3226119800  0.0198002840  0.0021453303 -0.0008258046 
 4.3468559172  0.0198549214  0.0023481945 -0.0008258474 
 4.3710976380  0.0199072492  0.0025520999 -0.0008258906 
 4.3953371492  0.0199571288  0.0027570967 -0.0008259340 
 4.4195744860  0.0200046747  0.0029630768 -0.0008259779 
 4.4438096510  0.0200497422  0.0031700904 -0.0008260220 
 4.4680426235  0.0200924510  0.0033780300 -0.0008260664 
 4.4922734159  0.0201326554  0.0035869422 -0.0008261112 
 4.5165020819  0.0201704784  0.0037967230 -0.0008261563 
 4.5407285724  0.0202057696  0.0040074167 -0.0008262017 
 4.5649528965  0.0202386577  0.0042189202 -0.0008262475 
 4.5891750949  0.0202689922  0.0044312746 -0.0008262935 
 4.6133951641  0.0202969006  0.0046443818 -0.0008263399 
 4.6376130877  0.0203222331  0.0048582780 -0.0008263867 
 4.6618288826  0.0203451208  0.0050728675 -0.0008264337 
 4.6860426032  0.0203654128  0.0052881839 -0.0008264811 
 4.7102542004  0.0203832391  0.0055041357 -0.0008265288 
 4.7344636884  0.0203984517  0.0057207508 -0.0008265769 
 4.7586711059  0.0204111830  0.0059379416 -0.0008266253 
 4.7828764544  0.0204212813  0.0061557337 -0.0008266740 
 4.8070797168  0.0204288821  0.0063740416 -0.0008267231 
 4.8312809128  0.0204338355  0.0065928867 -0.0008267724 
 4.8554801043  0.0204362771  0.0068121883 -0.0008268222 
 4.8796772353  0.0204360547  0.0070319641 -0.0008268722 
 4.9038723242  0.0204333080  0.0072521354 -0.0008269226 
 4.9280654070  0.0204278866  0.0074727165 -0.0008269734 
 4.9522564998  0.0204199268  0.0076936339 -0.0008270245 
 4.9764455798  0.0204092810  0.0079148968 -0.0008270759 
 5.0006326659  0.0203960869  0.0081364349 -0.0008271277 
 5.0248178223  0.0203801983  0.0083582543 -0.0008271798 
 5.0490010030  0.0203617494  0.0085802889 -0.0008272323 
 5.0731822129  0.0203405986  0.0088025396 -0.0008272851 
 5.0973614943  0.0203168817  0.0090249444 -0.0008273382 
 5.1215388806  0.0202904546  0.0092475014 -0.0008273917 
 5.1457143385  0.0202614536  0.0094701516 -0.0008274456 
 5.1698878840  0.0202297384  0.0096928889 -0.0008274998 
 5.1940595753  0.0201954457  0.0099156582 -0.0008275544 
 5.2182293875  0.0201584323  0.0101384505 -0.0008276093 
 5.2423973200  0.0201188383  0.0103612132 -0.0008276645 
 5.2665634107  0.0200765228  0.0105839341 -0.0008277202 
 5.2907277148  0.0200316241  0.0108065647 -0.0008277761 
 5.3148901815  0.0199840003  0.0110290889 -0.0008278325 
 5.3390508307  0.0199337945  0.0112514609 -0.0008278892 
 5.3632097028  0.0198808650  0.0114736621 -0.0008279462 
 5.3873668151  0.0198253529  0.0116956503 -0.0008280036 
 5.4115221497  0.0197671175  0.0119174028 -0.0008280614 
 5.4356757371  0.0197063041  0.0121388810 -0.0008281196 
 5.4598276302  0.0196427698  0.0123600595 -0.0008281781 
 5.4839778074  0.0195766602  0.0125809028 -0.0008282369 
 5.5081262606  0.0195078331  0.0128013814 -0.0008282962 
 5.5322730356  0.0194364395  0.0130214639 -0.0008283558 
 5.5564181780  0.0193623314  0.0132411181 -0.0008284158 
 5.5805616507  0.0192856633  0.0134603152 -0.0008284761 
 5.6047034777  0.0192062874  0.0136790194 -0.0008285369 
 5.6288437060  0.0191243629  0.0138972066 -0.0008285980 
 5.6529823520  0.0190397346  0.0141148370 -0.0008286595 
 5.6771193911  0.0189525693  0.0143318900 -0.0008287213 
 5.7012548576  0.0188627088  0.0145483219 -0.0008287835 
 5.7253887980  0.0187703256  0.0147641172 -0.0008288462 
 5.7495212080  0.0186752530  0.0149792274 -0.0008289092 
 5.7736520762  0.0185776736  0.0151936415 -0.0008289725 
 5.7977814552  0.0184774155  0.0154073068 -0.0008290363 
 5.8219093853  0.0183746673  0.0156202177 -0.0008291005 
 5.8460358422  0.0182692482  0.0158323155 -0.0008291650 
 5.8701608338  0.0181613595  0.0160436007 -0.0008292299 
 5.8942844125  0.0180508122  0.0162540093 -0.0008292953 
 5.9184066045  0.0179378146  0.0164635481 -0.0008293610 
 5.9425273865  0.0178221690  0.0166721460 -0.0008294271 
 5.9666467938  0.0177040974  0.0168798175 -0.0008294936 
 5.9907648703  0.0175833909  0.0170864847 -0.0008295605 
 6.0148816265  0.0174602808  0.0172921695 -0.0008296278 
 6.0389970394  0.0173345497  0.0174967858 -0.0008296955 
 6.0631111578  0.0172064424  0.0177003647 -0.0008297636 
 6.0872240161  0.0170757287  0.0179028119 -0.0008298321 
 6.1113356288  0.0169426644  0.0181041671 -0.0008299010 
 6.1354459734  0.0168070100  0.0183043266 -0.0008299704 
 6.1595551131  0.0166690353  0.0185033410 -0.0008300401 
 6.1836630758  0.0165284871  0.0187010968 -0.0008301102 
 6.2077698556  0.0163856467  0.0188976540 -0.0008301808 
 6.2318754537  0.0162402528  0.0190928893 -0.0008302517 
 6.2559799291  0.0160925989  0.0192868748 -0.0008303231 
 6.2800832987  0.0159424100  0.0194794752 -0.0008303949 
 6.3041855590  0.0157899926  0.0196707743 -0.0008304672 
 6.3282867322  0.0156350630  0.0198606258 -0.0008305398 
 6.3523868693  0.0154779385  0.0200491264 -0.0008306129 
 6.3764859844  0.0153183231  0.0202361166 -0.0008306864 
 6.4005840625  0.0151565469  0.0204217061 -0.0008307603 
 6.4246811448  0.0149923057  0.0206057235 -0.0008308346 
 6.4487772561  0.0148259387  0.0207882920 -0.0008309094 
 6.4728724372  0.0146571316  0.0209692266 -0.0008309846 
 6.4969666549  0.0144862345  0.0211486641 -0.0008310603 
 6.5210599724  0.0143129259  0.0213264069 -0.0008311364 
 6.5451524050  0.0141375643  0.0215026063 -0.0008312129 
 6.5692439912  0.0139598187  0.0216770498 -0.0008312899 
 6.5933346915  0.0137800580  0.0218499035 -0.0008313673 
 6.6174245773  0.0135979454  0.0220209417 -0.0008314452 
 6.6415136618  0.0134138556  0.0221903453 -0.0008315235 
 6.6656019767  0.0132274448  0.0223578731 -0.0008316022 
 6.6896895025  0.0130390965  0.0225237220 -0.0008316814 
 6.7137763094  0.0128484620  0.0226876371 -0.0008317611 
 6.7378624042  0.0126559289  0.0228498294 -0.0008318412 
 6.7619478048  0.0124611444  0.0230100291 -0.0008319218 
 6.7860325071  0.0122645025  0.0231684635 -0.0008320028 
 6.8101165741  0.0120656469  0.0233248488 -0.0008320843 
 6.8342000110  0.0118649737  0.0234794260 -0.0008321663 
 6.8582828399  0.0116621257  0.0236318977 -0.0008322488 
 6.8823650674  0.0114575018  0.0237825198 -0.0008323317 
 6.9064467482  0.0112507441  0.0239309818 -0.0008324150 
 6.9305278937  0.0110422513  0.0240775528 -0.0008324989 
 6.9546085137  0.0108316670  0.0242219092 -0.0008325832 
 6.9786886234  0.0106193904  0.0243643345 -0.0008326681 
 7.0027682640  0.0104050668  0.0245044928 -0.0008327534 
 7.0268474630  0.0101890924  0.0246426796 -0.0008328392 
 7.0509262279  0.0099711167  0.0247785476 -0.0008329254 
 7.0750045798  0.0097515335  0.0249124048 -0.0008330122 
 7.0990825543  0.0095299968  0.0250438933 -0.0008330995 
 7.1231601819  0.0093068952  0.0251733317 -0.0008331872 
 7.1472374609  0.0090818889  0.0253003522 -0.0008332755 
 7.1713144180  0.0088553620  0.0254252843 -0.0008333642 
 7.1953910774  0.0086269814  0.0255477514 -0.0008334535 
 7.2194674831  0.0083971236  0.0256680917 -0.0008335432 
 7.2435436348  0.0081654640  0.0257859208 -0.0008336335 
 7.2676195608  0.0079323721  0.0259015855 -0.0008337243 
 7.2916952838  0.0076975324  0.0260146950 -0.0008338156 
 7.3157708468  0.0074613048  0.0261256027 -0.0008339074 
 7.3398462394  0.0072233841  0.0262339116 -0.0008339998 
 7.3639215001  0.0069841218  0.0263399825 -0.0008340927 
 7.3879966412  0.0067432227  0.0264434134 -0.0008341861 
 7.4120717152  0.0065010277  0.0265445699 -0.0008342800 
 7.4361467196  0.0062572531  0.0266430463 -0.0008343745 
 7.4602216856  0.0060122294  0.0267392124 -0.0008344695 
 7.4842966294  0.0057656853  0.0268326607 -0.0008345650 
 7.5083715993  0.0055179392  0.0269237636 -0.0008346611 
 7.5324465865  0.0052687319  0.0270121112 -0.0008347577 
 7.5565216274  0.0050183710  0.0270980791 -0.0008348549 
 7.5805967308  0.0047666100  0.0271812568 -0.0008349526 
 7.6046719520  0.0045137439  0.0272620211 -0.0008350509 
 7.6287472948  0.0042595389  0.0273399609 -0.0008351498 
 7.6528227822  0.0040042783  0.0274154540 -0.0008352492 
 7.6768984316  0.0037477419  0.0274880910 -0.0008353492 
 7.7009742905  0.0034902000  0.0275582489 -0.0008354497 
 7.7250503598  0.0032314451  0.0276255193 -0.0008355509 
 7.7491266631  0.0029717360  0.0276902792 -0.0008356526 
 7.7732032174  0.0027108784  0.0277521226 -0.0008357549 
 7.7972800720  0.0024491183  0.0278114250 -0.0008358577 
 7.8213572424  0.0021862740  0.0278677827 -0.0008359612 
 7.8454347390  0.0019225798  0.0279215690 -0.0008360653 
 7.8695125876  0.0016578674  0.0279723849 -0.0008361699 
 7.8935908267  0.0013923584  0.0280206009 -0.0008362752 
 7.9176694746  0.0011258968  0.0280658207 -0.0008363810 
 7.9417485344  0.0008586931  0.0281084126 -0.0008364875 
 7.9658280351  0.0005906040  0.0281479853 -0.0008365946 
 7.9899080153  0.0003218277  0.0281849036 -0.0008367023 
 8.0139885084  0.0000522325  0.0282187798 -0.0008368106 
 8.0380695057 -0.0002179939  0.0282499755 -0.0008369195 
 8.0621510464 -0.0004889710  0.0282781089 -0.0008370291 
 8.0862331549 -0.0007605227  0.0283035377 -0.0008371393 
 8.1103158688 -0.0010327574  0.0283258837 -0.0008372501 
 8.1343991705 -0.0013055090  0.0283455016 -0.0008373616 
 8.1584831069 -0.0015788745  0.0283620192 -0.0008374737 
 8.1825676951 -0.0018526988  0.0283757869 -0.0008375865 
 8.2066529971 -0.0021270685  0.0283864369 -0.0008377000 
 8.2307389776 -0.0024018381  0.0283943154 -0.0008378141 
 8.2548256961 -0.0026770832  0.0283990613 -0.0008379288 
 8.2789131476 -0.0029526683  0.0284010168 -0.0008380442 
 8.3030014008 -0.0032286594  0.0283998247 -0.0008381603 
 8.3270904259 -0.0035049302  0.0283958237 -0.0008382771 
 8.3511802807 -0.0037815365  0.0283886624 -0.0008383946 
 8.3752709475 -0.0040583612  0.0283786757 -0.0008385127 
 8.3993625003 -0.0043354511  0.0283655169 -0.0008386316 
 8.4234549423 -0.0046126979  0.0283495174 -0.0008387511 
 8.4475482956 -0.0048901391  0.0283303342 -0.0008388714 
 8.4716425610 -0.0051676743  0.0283082974 -0.0008389923 
 8.4957377951 -0.0054453328  0.0282830683 -0.0008391140 
 8.5198340151 -0.0057230227  0.0282549724 -0.0008392364 
 8.5439312214 -0.0060007643  0.0282236756 -0.0008393595 
 8.5680294343 -0.0062784733  0.0281895018 -0.0008394834 
 8.5921286981 -0.0065561623  0.0281521214 -0.0008396079 
 8.6162290572 -0.0068337553  0.0281118534 -0.0008397333 
 8.6403304874 -0.0071112560  0.0280683728 -0.0008398593 
 8.6644330284 -0.0073885958  0.0280219974 -0.0008399861 
 8.6885366944 -0.0076657709  0.0279724066 -0.0008401137 
 8.7126415457 -0.0079427205  0.0279199132 -0.0008402421 
 8.7367475539 -0.0082194329  0.0278642018 -0.0008403712 
 8.7608547644 -0.0084958538  0.0278055825 -0.0008405011 
 8.7849631413 -0.0087719642  0.0277437453 -0.0008406317 
 8.8090726644 -0.0090477164  0.0276789948 -0.0008407632 
 8.8331832398 -0.0093230831  0.0276110287 -0.0008408954 
 8.8572948606 -0.0095980237  0.0275401477 -0.0008410285 
 8.8814075062 -0.0098725048  0.0274660553 -0.0008411623 
 8.9055211848 -0.0101464925  0.0273890451 -0.0008412970 
 8.9296358385 -0.0104199466  0.0273088282 -0.0008414324 
 8.9537514614 -0.0106928390  0.0272256940 -0.0008415687 
 8.9778680532 -0.0109651238  0.0271393610 -0.0008417059 
 9.0019856225 -0.0112367793  0.0270501109 -0.0008418438 
 9.0261041113 -0.0115077528  0.0269576696 -0.0008419826 
 9.0502235065 -0.0117780280  0.0268623151 -0.0008421223 
 9.0743438106 -0.0120475474  0.0267637807 -0.0008422628 
 9.0984650115 -0.0123163000  0.0266623359 -0.0008424042 
 9.1225870672 -0.0125842223  0.0265577230 -0.0008425464 
 9.1467099492 -0.0128513083  0.0264502061 -0.0008426895 
 9.1708336819 -0.0131174905  0.0263395360 -0.0008428335 
 9.1949582337 -0.0133827673  0.0262259674 -0.0008429784 
 9.2190835914 -0.0136470661  0.0261092611 -0.0008431242 
 9.2432097072 -0.0139103898  0.0259896654 -0.0008432709 
 9.2673366077 -0.0141726620  0.0258669502 -0.0008434185 
 9.2914642296 -0.0144338891  0.0257413545 -0.0008435670 
 9.3155925779 -0.0146939910  0.0256126588 -0.0008437165 
 9.3397216280 -0.0149529782  0.0254810950 -0.0008438669 
 9.3638513955 -0.0152107670  0.0253464513 -0.0008440182 
 9.3879818126 -0.0154673707  0.0252089521 -0.0008441705 
 9.4121128816 -0.0157227027  0.0250683966 -0.0008443237 
 9.4362445925 -0.0159767801  0.0249250009 -0.0008444779 
 9.4603769281 -0.0162295127  0.0247785719 -0.0008446331 
 9.4845098579 -0.0164809203  0.0246293192 -0.0008447892 
 9.5086433506 -0.0167309105  0.0244770599 -0.0008449464 
 9.5327774259 -0.0169795058  0.0243219954 -0.0008451045 
 9.5569120410 -0.0172266115  0.0241639511 -0.0008452637 
 9.5810471906 -0.0174722519  0.0240031211 -0.0008454239 
 9.6051828352 -0.0177163309  0.0238393416 -0.0008455851 
 9.6293189960 -0.0179588745  0.0236727974 -0.0008457473 
 9.6534555993 -0.0181997852  0.0235033344 -0.0008459106 
 9.6775926529 -0.0184390899  0.0233311301 -0.0008460749 
 9.7017301428 -0.0186766915  0.0231560411 -0.0008462403 
 9.7258680569 -0.0189126165  0.0229782337 -0.0008464068 
 9.7500063696 -0.0191467683  0.0227975768 -0.0008465744 
 9.7741450500 -0.0193791730  0.0226142277 -0.0008467430 
 9.7982841194 -0.0196097354  0.0224280664 -0.0008469128 
 9.8224234982 -0.0198384798  0.0222392395 -0.0008470836 
 9.8465632007 -0.0200653129  0.0220476395 -0.0008472556 
 9.8707032094 -0.0202902587  0.0218534044 -0.0008474287 
 9.8948435168 -0.0205132239  0.0216564344 -0.0008476030 
 9.9189840804 -0.0207342323  0.0214568613 -0.0008477784 
 9.9431248801 -0.0209531919  0.0212545950 -0.0008479549 
 9.9672659413 -0.0211701263  0.0210497598 -0.0008481327 
 9.9914071788 -0.0213849430  0.0208422726 -0.0008483116 
10.0155486071 -0.0215976659  0.0206322533 -0.0008484918 
10.0396902074 -0.0218082049  0.0204196269 -0.0008486731 
10.0638319724 -0.0220165807  0.0202045044 -0.0008488557 
10.0879738594 -0.0222227064  0.0199868213 -0.0008490395 
10.1121158529 -0.0224266008  0.0197666817 -0.0008492245 
10.1362579621 -0.0226281800  0.0195440296 -0.0008494108 
10.1604001138 -0.0228274590  0.0193189608 -0.0008495984 
10.1845423136 -0.0230243582  0.0190914302 -0.0008497873 
10.2086845609 -0.0232188909  0.0188615264 -0.0008499774 
10.2328268097 -0.0234109781  0.0186292099 -0.0008501689 
10.2569690639 -0.0236006330  0.0183945666 -0.0008503617 
10.2811112863 -0.0237877787  0.0181575627 -0.0008505558 
10.3052534549 -0.0239724257  0.0179182790 -0.0008507513 
10.3293955465 -0.0241545008  0.0176766893 -0.0008509481 
10.3535375293 -0.0243340116  0.0174328689 -0.0008511463 
10.3776794236 -0.0245108889  0.0171867983 -0.0008513459 
10.4018211670 -0.0246851367  0.0169385473 -0.0008515470 
10.4259627551 -0.0248566894  0.0166881039 -0.0008517494 
10.4501041826 -0.0250255498  0.0164355339 -0.0008519533 
10.4742453852 -0.0251916529  0.0161808291 -0.0008521586 
10.4983863777 -0.0253550019  0.0159240543 -0.0008523654 
10.5225271236 -0.0255155335  0.0156652047 -0.0008525737 
10.5466675929 -0.0256732481  0.0154043420 -0.0008527835 
10.5708077765 -0.0258280871  0.0151414676 -0.0008529948 
10.5949476321 -0.0259800473  0.0148766389 -0.0008532076 
10.6190871673 -0.0261290741  0.0146098626 -0.0008534220 
10.6432263192 -0.0262751615  0.0143411931 -0.0008536380 
10.6673650812 -0.0264182580  0.0140706420 -0.0008538556 
10.6915034585 -0.0265583572  0.0137982616 -0.0008540747 
10.7156413727 -0.0266954071  0.0135240656 -0.0008542955 
10.7397788466 -0.0268294028  0.0132481071 -0.0008545180 
10.7639158379 -0.0269602939  0.0129704017 -0.0008547421 
10.7880523057 -0.0270880726  0.0126910009 -0.0008549679 
10.8121882414 -0.0272126935  0.0124099252 -0.0008551953 
10.8363236232 -0.0273341458  0.0121272232 -0.0008554246 
10.8604583967 -0.0274523859  0.0118429189 -0.0008556555 
10.8845925613 -0.0275674039  0.0115570607 -0.0008558883 
10.9087260850 -0.0276791572  0.0112696744 -0.0008561228 
10.9328589325 -0.0277876342  0.0109808080 -0.0008563591 
10.9569910703 -0.0278927959  0.0106904905 -0.0008565973 
10.9811224884 -0.0279946295  0.0103987688 -0.0008568373 
11.0052531447 -0.0280930973  0.0101056741 -0.0008570793 
11.0293830011 -0.0281881861  0.0098112536 -0.0008573231 
11.0535120587 -0.0282798612  0.0095155408 -0.0008575689 
11.0776402782 -0.0283681073  0.0092185819 -0.0008578166 
11.1017675923 -0.0284528915  0.0089204132 -0.0008580663 
11.1258940144 -0.0285342005  0.0086210817 -0.0008583180 
11.1500195011 -0.0286120009  0.0083206241 -0.0008585718 
11.1741439873 -0.0286862785  0.0080190884 -0.0008588276 
11.1982674877 -0.0287570049  0.0077165139 -0.0008590855 
11.2223899757 -0.0288241631  0.0074129472 -0.0008593455 
11.2465113423 -0.0288877250  0.0071084304 -0.0008596077 
11.2706316321 -0.0289476785  0.0068030118 -0.0008598721 
11.2947507886 -0.0290039934  0.0064967329 -0.0008601387 
11.3188687348 -0.0290566563  0.0061896435 -0.0008604075 
11.3429854846 -0.0291056436  0.0058817879 -0.0008606787 
11.3671010241 -0.0291509387  0.0055732145 -0.0008609521 
11.3912152173 -0.0291925176  0.0052639702 -0.0008612279 
11.4153281045 -0.0292303695  0.0049541055 -0.0008615061 
11.4394396529 -0.0292644690  0.0046436665 -0.0008617867 
11.4635497501 -0.0292948025  0.0043327054 -0.0008620697 
11.4876584322 -0.0293213527  0.0040212711 -0.0008623553 
11.5117656474 -0.0293441024  0.0037094145 -0.0008626434 
11.5358713061 -0.0293630343  0.0033971872 -0.0008629340 
11.5599753998 -0.0293781368  0.0030846421 -0.0008632273 
11.5840779078 -0.0293893911  0.0027718303 -0.0008635232 
11.6081787204 -0.0293967845  0.0024588065 -0.0008638219 
11.6322778574 -0.0294003041  0.0021456241 -0.0008641232 
11.6563752615 -0.0293070712  0.0018106173 -0.0008644354 
11.6804708490 -0.0294336985  0.0015250169 -0.0008647525 
11.7045646389 -0.0293815988  0.0012025649 -0.0008650723 
11.7286565545 -0.0293748553  0.0008905834 -0.0008653937 
11.7527464994 -0.0293572536  0.0005772191 -0.0008657165 
11.7768344828 -0.0293374377  0.0002644180 -0.0008660407 
11.8009204332 -0.0293134098 -0.0000482033 -0.0008663667 
11.8250042598 -0.0292853848 -0.0003605275 -0.0008666949 
11.8490859669 -0.0292534657 -0.0006724853 -0.0008670255 
11.8731655240 -0.0292175738 -0.0009840259 -0.0008673588 
11.8972427777 -0.0291777188 -0.0012950856 -0.0008676951 
11.9213177423 -0.0291338879 -0.0016056042 -0.0008680345 
11.9453903801 -0.0290860746 -0.0019155198 -0.0008683771 
11.9694605443 -0.0290342745 -0.0022247677 -0.0008687232 
11.9935282548 -0.0289784840 -0.0025332847 -0.0008690726 
12.0175934343 -0.0289187001 -0.0028410059 -0.0008694257 
12.0416560075 -0.0288549215 -0.0031478651 -0.0008697824 
12.0657159374 -0.0287871479 -0.0034537962 -0.0008701429 
12.0897731347 -0.0287153801 -0.0037587316 -0.0008705072 
12.1138275331 -0.0286396202 -0.0040626031 -0.0008708755 
12.1378790971 -0.0285598714 -0.0043653422 -0.0008712478 
12.1619277401 -0.0284761378 -0.0046668791 -0.0008716241 
12.1859733831 -0.0283884249 -0.0049671432 -0.0008720047 
12.2100159738 -0.0282967395 -0.0052660637 -0.0008723896 
12.2340554652 -0.0282010893 -0.0055635690 -0.0008727788 
12.2580917265 -0.0281014836 -0.0058595855 -0.0008731725 
12.2821247282 -0.0279979330 -0.0061540404 -0.0008735708 
12.3061544144 -0.0278904491 -0.0064468598 -0.0008739737 
12.3301806608 -0.0277790450 -0.0067379680 -0.0008743815 
12.3542034111 -0.0276637357 -0.0070272898 -0.0008747940 
12.3782226005 -0.0275445371 -0.0073147487 -0.0008752116 
12.4022380968 -0.0274214667 -0.0076002670 -0.0008756343 
12.4262498990 -0.0272945437 -0.0078837678 -0.0008760622 
12.4502578862 -0.0271637885 -0.0081651719 -0.0008764954 
12.4742619484 -0.0270292238 -0.0084443999 -0.0008769340 
12.4982620542 -0.0268908734 -0.0087213722 -0.0008773782 
12.5222580826 -0.0267487631 -0.0089960078 -0.0008778281 
12.5462499249 -0.0266029204 -0.0092682251 -0.0008782839 
12.5702375108 -0.0264533748 -0.0095379425 -0.0008787456 
12.5942207771 -0.0263001572 -0.0098050775 -0.0008792133 
12.6181996244 -0.0261433005 -0.0100695471 -0.0008796874 
12.6421739313 -0.0259828402 -0.0103312670 -0.0008801678 
12.6661436107 -0.0258188132 -0.0105901532 -0.0008806548 
12.6901085779 -0.0256512587 -0.0108461210 -0.0008811485 
12.7140687205 -0.0254802179 -0.0110990849 -0.0008816490 
12.7380239411 -0.0253057343 -0.0113489595 -0.0008821565 
12.7619741515 -0.0251278535 -0.0115956586 -0.0008826713 
12.7859192204 -0.0249466235 -0.0118390957 -0.0008831934 
12.8098590775 -0.0247620943 -0.0120791843 -0.0008837231 
12.8337935923 -0.0245743187 -0.0123158372 -0.0008842605 
12.8577226111 -0.0243833520 -0.0125489669 -0.0008848059 
12.8816461074 -0.0241892512 -0.0127784868 -0.0008853594 
12.9055639499 -0.0239920760 -0.0130043093 -0.0008859212 
12.9294759735 -0.0237918896 -0.0132263464 -0.0008864916 
12.9533820899 -0.0235887569 -0.0134445112 -0.0008870708 
12.9772822005 -0.0233827452 -0.0136587165 -0.0008876589 
13.0011761665 -0.0231739252 -0.0138688749 -0.0008882563 
13.0250638748 -0.0229623697 -0.0140748998 -0.0008888631 
13.0489451922 -0.0227481547 -0.0142767047 -0.0008894796 
13.0728200336 -0.0225313583 -0.0144742037 -0.0008901060 
13.0966882163 -0.0223120621 -0.0146673109 -0.0008907427 
13.1205496276 -0.0220903503 -0.0148559416 -0.0008913899 
13.1444041562 -0.0218663095 -0.0150400117 -0.0008920478 
13.1682516213 -0.0216400296 -0.0152194373 -0.0008927167 
13.1920919840 -0.0214116026 -0.0153941368 -0.0008933970 
13.2159250459 -0.0211811240 -0.0155640281 -0.0008940889 
13.2397506765 -0.0209486922 -0.0157290310 -0.0008947927 
13.2635687949 -0.0207144075 -0.0158890668 -0.0008955087 
13.2873791567 -0.0204783745 -0.0160440567 -0.0008962374 
13.3111816754 -0.0202406994 -0.0161939251 -0.0008969789 
13.3349761922 -0.0200014916 -0.0163385969 -0.0008977337 
13.3587626139 -0.0197608625 -0.0164779994 -0.0008985021 
13.3825408211 -0.0195189265 -0.0166120615 -0.0008992845 
13.4063105364 -0.0192758022 -0.0167407130 -0.0009000812 
13.4300717251 -0.0190316084 -0.0168638875 -0.0009008927 
13.4538242065 -0.0187864678 -0.0169815195 -0.0009017193 
13.4775678056 -0.0185405054 -0.0170935461 -0.0009025614 
13.5013024212 -0.0182938480 -0.0171999073 -0.0009034195 
13.5250278828 -0.0180466252 -0.0173005449 -0.0009042939 
13.5487440998 -0.0177989682 -0.0173954042 -0.0009051852 
13.5724508150 -0.0175510118 -0.0174844321 -0.0009060938 
13.5961479557 -0.0173028910 -0.0175675797 -0.0009070201 
13.6198354100 -0.0170547431 -0.0176448003 -0.0009079646 
13.6435129105 -0.0168067087 -0.0177160502 -0.0009089279 
13.6671804044 -0.0165589281 -0.0177812896 -0.0009099104 
13.6908377217 -0.0163115440 -0.0178404813 -0.0009109125 
13.7144847343 -0.0160647003 -0.0178935921 -0.0009119350 
13.7381212848 -0.0158185424 -0.0179405919 -0.0009129783 
13.7617472284 -0.0155732165 -0.0179814543 -0.0009140429 
13.7853624415 -0.0153288700 -0.0180161566 -0.0009151295 
13.8089667095 -0.0150856515 -0.0180446796 -0.0009162386 
13.8325600193 -0.0148437087 -0.0180670087 -0.0009173708 
13.8561422379 -0.0146031906 -0.0180831321 -0.0009185268 
13.8797130896 -0.0143642482 -0.0180930424 -0.0009197072 
13.9032726164 -0.0141270295 -0.0180967367 -0.0009209125 
13.9268206074 -0.0138916849 -0.0180942151 -0.0009221436 
13.9503569251 -0.0136583638 -0.0180854825 -0.0009234009 
13.9738815571 -0.0134272144 -0.0180705476 -0.0009246854 
13.9973943757 -0.0131983851 -0.0180494231 -0.0009259976 
14.0208953102 -0.0129720233 -0.0180221257 -0.0009273383 
14.0443841020 -0.0127482773 -0.0179886766 -0.0009287082 
14.0678607936 -0.0125272913 -0.0179491008 -0.0009301081 
14.0913253232 -0.0123092095 -0.0179034272 -0.0009315388 
14.1147775440 -0.0120941755 -0.0178516890 -0.0009330010 
14.1382174963 -0.0118823294 -0.0177939233 -0.0009344956 
14.1616450903 -0.0116738112 -0.0177301710 -0.0009360234 
14.1850601200 -0.0114687597 -0.0176604777 -0.0009375853 
14.2084627027 -0.0112673087 -0.0175848921 -0.0009391820 
14.2318527222 -0.0110695922 -0.0175034669 -0.0009408145 
14.2552300980 -0.0108757412 -0.0174162590 -0.0009424837 
14.2785949984 -0.0106858822 -0.0173233281 -0.0009441905 
14.3019473877 -0.0105001411 -0.0172247381 -0.0009459359 
14.3252870416 -0.0103186419 -0.0171205573 -0.0009477207 
14.3486141678 -0.0101415023 -0.0170108562 -0.0009495460 
14.3719286746 -0.0099688398 -0.0168957094 -0.0009514127 
14.3952307765 -0.0098007656 -0.0167751940 -0.0009533220 
14.4185203266 -0.0096373907 -0.0166493918 -0.0009552747 
14.4417973601 -0.0094788208 -0.0165183873 -0.0009572719 
14.4650621123 -0.0093251569 -0.0163822670 -0.0009593148 
14.4883146330 -0.0091764976 -0.0162411210 -0.0009614044 
14.5115545718 -0.0090329396 -0.0160950455 -0.0009635417 
14.5347825045 -0.0088945696 -0.0159441338 -0.0009657280 
14.5579984242 -0.0087614749 -0.0157884852 -0.0009679643 
14.5812023663 -0.0086337368 -0.0156282019 -0.0009702518 
14.6043944312 -0.0085114327 -0.0154633883 -0.0009725917 
14.6275746095 -0.0083958269 -0.0152933245 -0.0009749975 
14.6507434607 -0.0082821908 -0.0151214429 -0.0009774523 
14.6739009469 -0.0081789191 -0.0149424478 -0.0009799704 
14.6970469572 -0.0080776296 -0.0147613210 -0.0009825482 
14.7201819609 -0.0079826522 -0.0145755851 -0.0009851723 
14.7433059156 -0.0078968186 -0.0143850660 -0.0009878616 
14.7664193552 -0.0078125214 -0.0141923527 -0.0009906142 
14.7895221783 -0.0077361584 -0.0139952241 -0.0009934296 
14.8126145142 -0.0076653982 -0.0137946758 -0.0009963079 
14.8356968149 -0.0076005907 -0.0135907868 -0.0009992499 
14.8587692745 -0.0075417047 -0.0133836776 -0.0010022569 
14.8818320809 -0.0074887819 -0.0131734641 -0.0010053304 
14.9048854490 -0.0074418199 -0.0129602835 -0.0010084719 
14.9279295466 -0.0074008190 -0.0127442681 -0.0010116830 
14.9509647413 -0.0073657726 -0.0125255512 -0.0010149653 
14.9739913108 -0.0073366665 -0.0123042689 -0.0010183204 
14.9970096938 -0.0073134800 -0.0120805571 -0.0010217498 
15.0200199329 -0.0072961856 -0.0118545569 -0.0010252550 
15.0430223919 -0.0072847486 -0.0116264078 -0.0010288375 
15.0660174101 -0.0072791269 -0.0113962504 -0.0010324987 
15.0890053363 -0.0072792712 -0.0111642265 -0.0010362402 
15.1119867077 -0.0072851247 -0.0109304772 -0.0010400635 
15.1349615481 -0.0072966228 -0.0106951493 -0.0010439699 
15.1579302442 -0.0073136934 -0.0104583870 -0.0010479610 
15.1808933692 -0.0073362571 -0.0102203326 -0.0010520381 
15.2038513882 -0.0073642271 -0.0099811304 -0.0010562028 
15.2268046362 -0.0073975090 -0.0097409261 -0.0010604563 
15.2497531759 -0.0074360001 -0.0094998684 -0.0010648002 
15.2726975960 -0.0074795906 -0.0092581005 -0.0010692357 
15.2956384811 -0.0075281637 -0.0090157653 -0.0010737643 
15.3185763872 -0.0075815955 -0.0087730055 -0.0010783874 
15.3415115429 -0.0076397540 -0.0085299671 -0.0010831061 
15.3644441273 -0.0077024996 -0.0082867952 -0.0010879219 
15.3873748600 -0.0077696870 -0.0080436281 -0.0010928358 
15.4103044527 -0.0078411642 -0.0078006027 -0.0010978493 
15.4332332470 -0.0079167724 -0.0075578585 -0.0011029635 
15.4561614378 -0.0079963461 -0.0073155351 -0.0011081795 
15.4790895833 -0.0080797150 -0.0070737662 -0.0011134984 
15.5020182189 -0.0081667030 -0.0068326839 -0.0011189213 
15.5249482224 -0.0082571295 -0.0065924137 -0.0011244492 
15.5478795696 -0.0083508056 -0.0063530879 -0.0011300832 
15.5708127370 -0.0084475402 -0.0061148314 -0.0011358240 
15.5937484342 -0.0085471396 -0.0058777640 -0.0011416725 
15.6166872993 -0.0086494061 -0.0056420024 -0.0011476297 
15.6396294930 -0.0087541364 -0.0054076641 -0.0011536961 
15.6625753424 -0.0088611246 -0.0051748602 -0.0011598724 
15.6855254786 -0.0089701643 -0.0049436949 -0.0011661593 
15.7084807666 -0.0090810492 -0.0047142665 -0.0011725573 
15.7314412283 -0.0091935677 -0.0044866777 -0.0011790669 
15.7544068237 -0.0093075069 -0.0042610263 -0.0011856884 
15.7773785370 -0.0094226576 -0.0040373942 -0.0011924221 
15.8003567548 -0.0095388083 -0.0038158640 -0.0011992683 
15.8233417835 -0.0096557486 -0.0035965159 -0.0012062272 
15.8463333449 -0.0097732667 -0.0033794313 -0.0012132987 
15.8693320892 -0.0098911579 -0.0031646771 -0.0012204827 
15.8923389357 -0.0100092206 -0.0029523100 -0.0012277795 
15.9153532928 -0.0101272490 -0.0027423947 -0.0012351885 
15.9383753004 -0.0102450447 -0.0025349850 -0.0012427094 
15.9614054249 -0.0103624154 -0.0023301268 -0.0012503419 
15.9844440455 -0.0104791732 -0.0021278612 -0.0012580856 
16.0074906460 -0.0105951303 -0.0019282293 -0.0012659396 
16.0305456741 -0.0107101094 -0.0017312576 -0.0012739034 
16.0536092622 -0.0108239377 -0.0015369685 -0.0012819763 
16.0766815916 -0.0109364491 -0.0013453816 -0.0012901572 
16.0997620323 -0.0110474804 -0.0011565176 -0.0012984451 
16.1228510503 -0.0111568812 -0.0009703827 -0.0013068390 
16.1459490529 -0.0112645084 -0.0007869764 -0.0013153378 
16.1690552643 -0.0113702215 -0.0006063039 -0.0013239400 
16.1921700111 -0.0114738938 -0.0004283599 -0.0013326442 
16.2152938603 -0.0115754078 -0.0002531327 -0.0013414493 
16.2384259216 -0.0116746486 -0.0000806177 -0.0013503533 
16.2615664187 -0.0117715151  0.0000892010 -0.0013593547 
16.2847160898 -0.0118659168  0.0002563478 -0.0013684521 
16.3078739846 -0.0119577653  0.0004208353 -0.0013776433 
16.3310404461 -0.0120469872  0.0005826839 -0.0013869266 
16.3542161791 -0.0121335182  0.0007419204 -0.0013963004 
16.3774004256 -0.0122172975  0.0008985626 -0.0014057624 
16.4005934163 -0.0122982765  0.0010526347 -0.0014153107 
16.4237958534 -0.0123764161  0.0012041671 -0.0014249437 
16.4470074044 -0.0124516818  0.0013531799 -0.0014346591 
16.4702281082 -0.0125240489  0.0014996908 -0.0014444548 
16.4934586135 -0.0125935016  0.0016437218 -0.0014543291 
16.5166986337 -0.0126600276  0.0017852876 -0.0014642798 
16.5399483025 -0.0127236229  0.0019244020 -0.0014743048 
16.5632087421 -0.0127842921  0.0020610845 -0.0014844027 
16.5864795543 -0.0128420405  0.0021953391 -0.0014945714 
16.6097604103 -0.0128968792  0.0023271592 -0.0015048085 
16.6330524204 -0.0129488259  0.0024565460 -0.0015151129 
16.6563561496 -0.0129978994  0.0025834968 -0.0015254828 
16.6796705819 -0.0130441185  0.0027079936 -0.0015359160 
16.7029970238 -0.0130875105  0.0028300229 -0.0015464116 
16.7263359986 -0.0131281017  0.0029495668 -0.0015569680 
16.7496866439 -0.0131659179  0.0030665892 -0.0015675833 
16.7730503470 -0.0132009900  0.0031810602 -0.0015782567 
16.7964274595 -0.0132333465  0.0032929480 -0.0015889871 
16.8198172699 -0.0132630154  0.0034022034 -0.0015997729 
16.8432213586 -0.0132900281  0.0035087812 -0.0016106135 
16.8666397790 -0.0133144105  0.0036126334 -0.0016215081 
16.8900719558 -0.0133361870  0.0037136972 -0.0016324555 
16.9135192853 -0.0133553790  0.0038119132 -0.0016434553 
16.9369818496 -0.0133720020  0.0039072210 -0.0016545068 
16.9604591875 -0.0133860698  0.0039995495 -0.0016656093 
16.9839527811 -0.0133975935  0.0040888331 -0.0016767629 
17.0074624792 -0.0134065774  0.0041750051 -0.0016879670 
17.0309879577 -0.0134130244  0.0042579914 -0.0016992212 
17.0545261621 -0.0134169319  0.0043377125 -0.0017105237 
17.0780723474 -0.0134182983  0.0044140816 -0.0017218719 
17.1016265081 -0.0134171246  0.0044870260 -0.0017332657 
17.1251899032 -0.0134134042  0.0045564872 -0.0017447056 
17.1487615733 -0.0134071284  0.0046223980 -0.0017561910 
17.1723414585 -0.0133982913  0.0046846906 -0.0017677220 
17.1959312129 -0.0133868828  0.0047433064 -0.0017792993 
17.2195294324 -0.0133728888  0.0047981861 -0.0017909225 
17.2431360264 -0.0133562997  0.0048492673 -0.0018025915 
17.2667526958 -0.0133370996  0.0048965011 -0.0018143074 
17.2903775596 -0.0133152708  0.0049398407 -0.0018260694 
17.3140114864 -0.0132908018  0.0049792353 -0.0018378780 
17.3376545676 -0.0132636717  0.0050146534 -0.0018497336 
17.3613067011 -0.0132338615  0.0050460597 -0.0018616363 
17.3849688446 -0.0132013484  0.0050734266 -0.0018735866 
17.4086388614 -0.0131661084  0.0050967374 -0.0018855836 
17.4323186318 -0.0131281194  0.0051159725 -0.0018976284 
17.4560078422 -0.0130873472  0.0051311379 -0.0019097210 
17.4797053317 -0.0130437665  0.0051422333 -0.0019218609 
17.5034132096 -0.0129973444  0.0051492684 -0.0019340490 
17.5271301264 -0.0129480449  0.0051522767 -0.0019462847 
17.5508556919 -0.0128958417  0.0051512835 -0.0019585677 
17.5745912041 -0.0128407011  0.0051463338 -0.0019708986 
17.5983351887 -0.0127825935  0.0051374870 -0.0019832764 
17.6220880798 -0.0127214963  0.0051247974 -0.0019957011 
17.6458500772 -0.0126573841  0.0051083426 -0.0020081726 
17.6696218187 -0.0125902397  0.0050882017 -0.0020206908 
17.6934024950 -0.0125200519  0.0050644679 -0.0020332550 
17.7171919593 -0.0124468183  0.0050372333 -0.0020458646 
17.7409903328 -0.0123705401  0.0050066021 -0.0020585191 
17.7647981642 -0.0122912264  0.0049726816 -0.0020712182 
17.7886146156 -0.0122088972  0.0049355890 -0.0020839611 
17.8124399852 -0.0121235802  0.0048954352 -0.0020967470 
17.8362745058 -0.0120353046  0.0048523408 -0.0021095756 
17.8601184129 -0.0119441077  0.0048064258 -0.0021224461 
17.8839716998 -0.0118500315  0.0047578126 -0.0021353579 
17.9078334413 -0.0117531236  0.0047066258 -0.0021483097 
17.9317049467 -0.0116534283  0.0046529781 -0.0021613013 
17.9555855926 -0.0115509916  0.0045970000 -0.0021743317 
17.9794749910 -0.0114458676  0.0045388088 -0.0021873998 
18.0033759318 -0.0113380947  0.0044785135 -0.0022005064 
18.0272852174 -0.0112277280  0.0044162553 -0.0022136490 
18.0512048354 -0.0111148228  0.0043521221 -0.0022268279 
18.0751339931 -0.0109994272  0.0042862488 -0.0022400418 
18.0990735758 -0.0108815988  0.0042187325 -0.0022532907 
18.1230219853 -0.0107613983  0.0041496922 -0.0022665730 
18.1469804962 -0.0106388832  0.0040792161 -0.0022798887 
18.1709448208 -0.0105141309  0.0040074295 -0.0022932350 
18.1949089802 -0.0103872469  0.0039344324 -0.0023066080 
18.2188736304 -0.0102583050  0.0038602977 -0.0023200075 
18.2428389907 -0.0101273688  0.0037851173 -0.0023334333 
18.2668046416 -0.0099945201  0.0037089571 -0.0023468847 
18.2907715343 -0.0098598397  0.0036318691 -0.0023603619 
18.3147384627 -0.0097234130  0.0035539143 -0.0023738639 
18.3387050903 -0.0095853262  0.0034751259 -0.0023873902 
18.3626720863 -0.0094456496  0.0033955311 -0.0024009409 
18.3866400387 -0.0093044503  0.0033151458 -0.0024145160 
18.4106069413 -0.0091618035  0.0032339887 -0.0024281140 
18.4345732258 -0.0090177644  0.0031520540 -0.0024417349 
18.4585393244 -0.0088723645  0.0030693437 -0.0024553787 
18.4825056637 -0.0087256265  0.0029858477 -0.0024690451 
18.5064710290 -0.0085775760  0.0029015585 -0.0024827333 
18.5304361446 -0.0084282234  0.0028164505 -0.0024964434 
18.5544008835 -0.0082775651  0.0027305096 -0.0025101751 
18.5783630811 -0.0081256024  0.0026437178 -0.0025239269 
18.6023231410 -0.0079723121  0.0025560383 -0.0025376991 
18.6262815015 -0.0078176561  0.0024674411 -0.0025514919 
18.6502385778 -0.0076615879  0.0023778905 -0.0025653055 
18.6741924936 -0.0075041686  0.0022872700 -0.0025791403 
18.6981422699 -0.0073447597  0.0021958949 -0.0025929948 
18.7220884626 -0.0071841683  0.0021033200 -0.0026068694 
18.7460312390 -0.0070217726  0.0020097686 -0.0026207646 
18.7699712390 -0.0068575801  0.0019151938 -0.0026346813 
18.7939064488 -0.0066915257  0.0018196130 -0.0026486189 
18.8178374808 -0.0065235401  0.0017230214 -0.0026625782 
18.8417647203 -0.0063535570  0.0016254284 -0.0026765596 
18.8656881395 -0.0061815247  0.0015268342 -0.0026905636 
18.8896043766 -0.0060074097  0.0014272582 -0.0027045883 
18.9135136517 -0.0058311520  0.0013266936 -0.0027186338 
18.9374162766 -0.0056526657  0.0012251584 -0.0027327004 
18.9613129664 -0.0054718628  0.0011226685 -0.0027467881 
18.9852019579 -0.0052886689  0.0010192697 -0.0027608957 
19.0090810556 -0.0051030228  0.0009150107 -0.0027750214 
19.0329502557 -0.0049148555  0.0008099378 -0.0027891645 
19.0568106099 -0.0047241006  0.0007040974 -0.0028033251 
19.0806608866 -0.0045307243  0.0005975454 -0.0028175017 
19.1044999741 -0.0043347071  0.0004903311 -0.0028316926 
19.1283284679 -0.0041360100  0.0003825101 -0.0028458975 
19.1521434270 -0.0039346103  0.0002741814 -0.0028601138 
19.1759432982 -0.0037304843  0.0001654443 -0.0028743395 
19.1997288367 -0.0035235824  0.0000564168 -0.0028885744 
19.2235008657 -0.0033138625 -0.0000527640 -0.0029028183 
19.2472554565 -0.0031013417 -0.0001619277 -0.0029170682 
19.2709925477 -0.0028860371 -0.0002709371 -0.0029313236 
19.2947135060 -0.0026679537 -0.0003796521 -0.0029455849 
19.3184199106 -0.0024471068 -0.0004879463 -0.0029598529 
19.3421095512 -0.0022235471 -0.0005956749 -0.0029741262 
19.3657833933 -0.0019973117 -0.0007027277 -0.0029884057 
19.3894427059 -0.0017684291 -0.0008089892 -0.0030026923 
19.4130821612 -0.0015370066 -0.0009143338 -0.0030169834 
19.4367040505 -0.0013031102 -0.0010187253 -0.0030312812 
19.4603106592 -0.0010667799 -0.0011221181 -0.0030455880 
19.4838964199 -0.0008281425 -0.0012244658 -0.0030599016 
19.5074635707 -0.0005872721 -0.0013258104 -0.0030742247 
19.5310151335 -0.0003442081 -0.0014261683 -0.0030885608 
19.5545481123 -0.0000990707 -0.0015255269 -0.0031029099 
19.5780660836  0.0001480398 -0.0016238968 -0.0031172762 
19.6015629658  0.0003969423 -0.0017211479 -0.0031316582 
19.6250402380  0.0006474752 -0.0018171873 -0.0031460592 
19.6484992141  0.0008995166 -0.0019118388 -0.0031604827 
19.6719371742  0.0011528939 -0.0020049260 -0.0031749297 
19.6953526142  0.0014074316 -0.0020963273 -0.0031894024 
19.7187533608  0.0016630478 -0.0021860012 -0.0032039085 
19.7421276388  0.0019194566 -0.0022738514 -0.0032184443 
19.7654822670  0.0021764832 -0.0023599818 -0.0032330173 
19.7888199265  0.0024339825 -0.0024444235 -0.0032476329 
19.8121325510  0.0026916694 -0.0025272204 -0.0032622899 
19.8354274176  0.0029494427 -0.0026084998 -0.0032769968 
19.8587024319  0.0032071738 -0.0026883303 -0.0032917567 
19.8819622952  0.0034647988 -0.0027668998 -0.0033065768 
19.9051909509  0.0037220579 -0.0028443151 -0.0033214517 
19.9283837206  0.0039787693 -0.0029208035 -0.0033363830 
19.9515500971  0.0042349127 -0.0029965817 -0.0033513817 
19.9746967346  0.0044904197 -0.0030717739 -0.0033664572 
19.9978296735  0.0047451720 -0.0031464420 -0.0033816186 
20.0209456907  0.0049989385 -0.0032205374 -0.0033968695 
20.0440499010  0.0052515676 -0.0032940798 -0.0034122188 
20.0671430461  0.0055029052 -0.0033671104 -0.0034276726 
20.0902104332  0.0057526608 -0.0034397418 -0.0034432269 
20.1132572112  0.0060007448 -0.0035123111 -0.0034588904 
20.1362729993  0.0062469638 -0.0035850592 -0.0034746616 
20.1592612284  0.0064911987 -0.0036583852 -0.0034905478 
20.1822191193  0.0067333037 -0.0037325699 -0.0035065523 
20.2051436389  0.0069731182 -0.0038079477 -0.0035226776 
20.2280429041  0.0072106360 -0.0038848649 -0.0035389340 
20.2509054989  0.0074457160 -0.0039634883 -0.0035553177 
20.2737361811  0.0076783500 -0.0040440759 -0.0035718361 
20.2965443979  0.0079086115 -0.0041267405 -0.0035884997 
20.3193342237  0.0081364683 -0.0042115413 -0.0036053152 
20.3421080827  0.0083618135 -0.0042985366 -0.0036222880 
20.3648767523  0.0085846037 -0.0043878575 -0.0036394294 
20.3876241880  0.0088045887 -0.0044795554 -0.0036567307 
20.4103379693  0.0090215953 -0.0045738975 -0.0036741852 
20.4330125147  0.0092356635 -0.0046712310 -0.0036917906 
20.4556583301  0.0094471009 -0.0047720243 -0.0037095570 
20.4782620072  0.0096560347 -0.0048764345 -0.0037274757 
20.5008356320  0.0098626121 -0.0049846106 -0.0037455579 
20.5233904936  0.0100667991 -0.0050963748 -0.0037638143 
20.5459075631  0.0102681097 -0.0052113631 -0.0037822315 
20.5683966179  0.0104661982 -0.0053295668 -0.0038008192 
20.5908717804  0.0106609458 -0.0054510636 -0.0038195908 
20.6133236342  0.0108520977 -0.0055758842 -0.0038385407 
20.6357696473  0.0110395835 -0.0057042178 -0.0038576857 
20.6582067722  0.0112233121 -0.0058358932 -0.0038770258 
20.6806064695  0.0114031214 -0.0059707186 -0.0038965391 
20.7029714583  0.0115792524 -0.0061088401 -0.0039162304 
20.7253001812  0.0117518421 -0.0062501481 -0.0039361013 
20.7475873612  0.0119207439 -0.0063944611 -0.0039561503 
20.7698356098  0.0120856803 -0.0065415454 -0.0039763833 
20.7920619692  0.0122464569 -0.0066912487 -0.0039968198 
20.8142809389  0.0124029325 -0.0068434189 -0.0040174780 
20.8364633354  0.0125547209 -0.0069975841 -0.0040383360 
20.8586322969  0.0127017728 -0.0071537834 -0.0040594206 
20.8807737682  0.0128437950 -0.0073113779 -0.0040807237 
20.9029086633  0.0129808256 -0.0074703522 -0.0041022705 
20.9250598759  0.0131129842 -0.0076306252 -0.0041240886 
20.9472052978  0.0132400986 -0.0077918391 -0.0041461609 
20.9693211307  0.0133616888 -0.0079536349 -0.0041684663 
20.9914003614  0.0134771549 -0.0081156331 -0.0041909983 
21.0134483336  0.0135859264 -0.0082775383 -0.0042137619 
21.0354623475  0.0136875104 -0.0084390296 -0.0042367526 
21.0574622502  0.0137816420 -0.0086000907 -0.0042599888 
21.0794808507  0.0138682728 -0.0087607677 -0.0042835023 
21.1014900896  0.0139471823 -0.0089206080 -0.0043072595 
21.1234899722  0.0140182729 -0.0090795414 -0.0043312538 
21.1454736641  0.0140816061 -0.0092373922 -0.0043554689 
21.1674611145  0.0141373672 -0.0093943507 -0.0043799153 
21.1894922154  0.0141856731 -0.0095506919 -0.0044046240 
21.2115769650  0.0142263408 -0.0097063197 -0.0044295914 
21.2336597000  0.0142590461 -0.0098606732 -0.0044547371 
21.2557210267  0.0142836372 -0.0100135670 -0.0044800182 
21.2777708422  0.0143000307 -0.0101649414 -0.0045054237 
21.2998204846  0.0143082583 -0.0103148358 -0.0045309446 
21.3218701259  0.0143084304 -0.0104632949 -0.0045565599 
21.3439454981  0.0143005922 -0.0106105901 -0.0045822794 
21.3660821611  0.0142847299 -0.0107569752 -0.0046081256 
21.3882253140  0.0142609759 -0.0109021009 -0.0046340174 
21.4103832806  0.0142293193 -0.0110463131 -0.0046599461 
21.4325491283  0.0141899647 -0.0111896804 -0.0046858850 
21.4547470261  0.0141430404 -0.0113325205 -0.0047118411 
21.4770117671  0.0140887453 -0.0114751932 -0.0047378310 
21.4993814737  0.0140271702 -0.0116180550 -0.0047638698 
21.5217877006  0.0139587538 -0.0117606725 -0.0047898443 
21.5442296564  0.0138835135 -0.0119031260 -0.0048157127 
21.5666780403  0.0138018738 -0.0120451949 -0.0048413951 
21.5891656103  0.0137139089 -0.0121871156 -0.0048668774 
21.6116881461  0.0136200992 -0.0123288393 -0.0048920996 
21.6342499866  0.0135208709 -0.0124705684 -0.0049170093 
21.6568766339  0.0134166243 -0.0126126336 -0.0049415769 
21.6795614269  0.0133077831 -0.0127552061 -0.0049657389 
21.7023130608  0.0131946915 -0.0128984920 -0.0049894516 
21.7251115764  0.0130777867 -0.0130424577 -0.0050126464 
21.7479135972  0.0129575924 -0.0131868632 -0.0050352383 
21.7707693461  0.0128339023 -0.0133323000 -0.0050572397 
21.7936962098  0.0127069699 -0.0134788230 -0.0050786316 
21.8166613152  0.0125773393 -0.0136264597 -0.0050993532 
21.8396714809  0.0124452406 -0.0137754669 -0.0051193848 
21.8627458796  0.0123109498 -0.0139260055 -0.0051387197 
21.8858712704  0.0121749676 -0.0140779738 -0.0051573270 
21.9090738534  0.0120374850 -0.0142315910 -0.0051752101 
21.9323132723  0.0118992460 -0.0143864416 -0.0051923237 
21.9555891270  0.0117604438 -0.0145425352 -0.0052086564 
21.9789216872  0.0116213812 -0.0146997852 -0.0052242106 
22.0022962915  0.0114827513 -0.0148577998 -0.0052389656 
22.0257185936  0.0113448509 -0.0150166238 -0.0052529157 
22.0491923692  0.0112078068 -0.0151761921 -0.0052660548 
22.0727454435  0.0110713294 -0.0153370336 -0.0052783909 
22.0963557908  0.0109357215 -0.0154990057 -0.0052899076 
22.1200192190  0.0108012771 -0.0156623985 -0.0053006016 
22.1437116778  0.0106685230 -0.0158268506 -0.0053104650 
22.1674346520  0.0105377105 -0.0159924000 -0.0053195048 
22.1911894486  0.0104091832 -0.0161588827 -0.0053277295 
22.2149668882  0.0102831946 -0.0163262788 -0.0053351475 
22.2387663882  0.0101600812 -0.0164945781 -0.0053417729 
22.2625501162  0.0100401661 -0.0166633956 -0.0053476147 
22.2863024717  0.0099237827 -0.0168327188 -0.0053526927 
22.3100221607  0.0098111868 -0.0170025139 -0.0053570314 
22.3337206400  0.0097022012 -0.0171729996 -0.0053606576 
22.3574013712  0.0095966811 -0.0173441684 -0.0053635959 
22.3810634004  0.0094946444 -0.0175158874 -0.0053658718 
22.4047072748  0.0093960379 -0.0176878189 -0.0053675118 
22.4283419760  0.0092831579 -0.0178492017 -0.0053686632 
22.4519692844  0.0092124766 -0.0180317229 -0.0053692656 
22.4755969160  0.0091208928 -0.0182018778 -0.0053693054 
22.4992164444  0.0090385669 -0.0183747825 -0.0053687936 
22.5228430490  0.0089609178 -0.0185478181 -0.0053677517 
22.5464774403  0.0088885280 -0.0187206078 -0.0053662041 
22.5701281322  0.0088217756 -0.0188929968 -0.0053641734 
22.5937875769  0.0087611725 -0.0190644864 -0.0053616818 
22.6174655630  0.0087067459 -0.0192346188 -0.0053587481 
22.6411595194  0.0086582626 -0.0194027934 -0.0053553912 
22.6648750333  0.0086152279 -0.0195686744 -0.0053516282 
22.6886177194  0.0085774777 -0.0197318390 -0.0053474762 
22.7123944447  0.0085454015 -0.0198920435 -0.0053429518 
22.7362033613  0.0085194767 -0.0200490396 -0.0053380733 
22.7600295864  0.0084995163 -0.0202029664 -0.0053328635 
22.7837921686  0.0084849159 -0.0203534166 -0.0053273629 
22.8075094269  0.0084750573 -0.0205003212 -0.0053215932 
22.8312005177  0.0084703847 -0.0206429489 -0.0053155771 
22.8548434084  0.0084711857 -0.0207808194 -0.0053093487 
22.8784472374  0.0084774551 -0.0209143004 -0.0053029339 
22.9019723326  0.0084897950 -0.0210431901 -0.0052963717 
22.9254307571  0.0085082298 -0.0211673428 -0.0052896874 
22.9488104862  0.0085324719 -0.0212864384 -0.0052829133 
22.9720933416  0.0085613963 -0.0214002338 -0.0052760839 
22.9952894594  0.0085941121 -0.0215081802 -0.0052692227 
23.0184110904  0.0086305180 -0.0216096272 -0.0052623498 
23.0414519529  0.0086701569 -0.0217046335 -0.0052554883 
23.0644045063  0.0087119552 -0.0217944002 -0.0052486598 
23.0872767619  0.0087549201 -0.0218803066 -0.0052418796 
23.1100291578  0.0087990774 -0.0219624325 -0.0052351724 
23.1326663588  0.0088451352 -0.0220401545 -0.0052285432 
23.1551925035  0.0088940399 -0.0221126454 -0.0052219889 
23.1775877044  0.0089456509 -0.0221799877 -0.0052155060 
23.1998490104  0.0089992875 -0.0222426068 -0.0052090803 
23.2219777858  0.0090547598 -0.0223001785 -0.0052026930 
23.2439786990  0.0091122563 -0.0223524777 -0.0051963229 
23.2658510610  0.0091718164 -0.0223996723 -0.0051899510 
23.2875831225  0.0092507973 -0.0224525421 -0.0051834200 
23.3091713452  0.0092915911 -0.0224813216 -0.0051768281 
23.3306044549  0.0093578755 -0.0225176650 -0.0051702081 
23.3518507394  0.0094193151 -0.0225468063 -0.0051635777 
23.3728981184  0.0094812543 -0.0225716164 -0.0051569482 
23.3937577909  0.0095434191 -0.0225924177 -0.0051503307 
23.4144434355  0.0096053221 -0.0226103499 -0.0051437424 
23.4349711171  0.0096664396 -0.0226262180 -0.0051372030 
23.4553494789  0.0097270606 -0.0226394344 -0.0051307346 
23.4755951222  0.0097880204 -0.0226488756 -0.0051243553 
23.4957161162  0.0098497803 -0.0226541671 -0.0051180840 
23.5157261822  0.0099123367 -0.0226556281 -0.0051119352 
23.5356164646  0.0099755493 -0.0226535342 -0.0051059270 
23.5553878885  0.0100391343 -0.0226483513 -0.0051000692 
23.5750507075  0.0101029891 -0.0226399921 -0.0050943641 
23.5946079973  0.0101672087 -0.0226279189 -0.0050888121 
23.6140702117  0.0102315753 -0.0226120731 -0.0050834088 
23.6334405665  0.0102959649 -0.0225929981 -0.0050781507 
23.6527306694  0.0103602447 -0.0225713686 -0.0050730302 
23.6719480717  0.0104243717 -0.0225476396 -0.0050680405 
23.6911036751  0.0104882730 -0.0225217298 -0.0050631735 
23.7101996634  0.0105519683 -0.0224930486 -0.0050584244 
23.7292525440  0.0106158251 -0.0224612114 -0.0050537864 
23.7482605111  0.0106797318 -0.0224264006 -0.0050492592 
23.7672357323  0.0107434068 -0.0223890253 -0.0050448409 
23.7861873198  0.0108064276 -0.0223496382 -0.0050405313 
23.8051216018  0.0108684686 -0.0223086653 -0.0050363319 
23.8240535461  0.0109295243 -0.0222659472 -0.0050322434 
23.8429764774  0.0109895756 -0.0222212449 -0.0050282723 
23.8619056951  0.0110490152 -0.0221745626 -0.0050244217 
23.8808484588  0.0111080605 -0.0221261822 -0.0050206972 
23.8998023027  0.0111671450 -0.0220765079 -0.0050171070 
23.9187779973  0.0112261782 -0.0220257565 -0.0050136566 
23.9377807742  0.0112849039 -0.0219741356 -0.0050103531 
23.9567965141  0.0113433528 -0.0219217138 -0.0050072085 
23.9758329410  0.0114009817 -0.0218682440 -0.0050042315 
23.9948920573  0.0114579856 -0.0218137530 -0.0050014320 
24.0139854561  0.0115140056 -0.0217581769 -0.0049988192 
24.0331184116  0.0115689978 -0.0217019760 -0.0049964032 
24.0522902781  0.0116230531 -0.0216454001 -0.0049941947 
24.0715206494  0.0116759537 -0.0215886696 -0.0049922013 
24.0908037671  0.0117284628 -0.0215318589 -0.0049904336 
24.1101522984  0.0117803423 -0.0214744382 -0.0049888999 
24.1295749233  0.0118321359 -0.0214167365 -0.0049876087 
24.1490798700  0.0118839238 -0.0213585786 -0.0049865691 
24.1686820182  0.0119355932 -0.0213001507 -0.0049857889 
24.1883704714  0.0119878009 -0.0212414470 -0.0049852770 
24.2081670757  0.0120400371 -0.0211820715 -0.0049850393 
24.2280708270  0.0120929494 -0.0211223634 -0.0049850816 
24.2480855223  0.0121461145 -0.0210621838 -0.0049854072 
24.2682247280  0.0121994730 -0.0210022043 -0.0049860172 
24.2884847123  0.0122532928 -0.0209425778 -0.0049869098 
24.3088812060  0.0123068437 -0.0208829967 -0.0049880800 
24.3294103666  0.0123606422 -0.0208232356 -0.0049895193 
24.3500767846  0.0124147786 -0.0207628157 -0.0049912147 
24.3707910194  0.0124700366 -0.0207021071 -0.0049931423 
24.3914532587  0.0125257650 -0.0206413915 -0.0049952706 
24.4120828658  0.0125809891 -0.0205810113 -0.0049975731 
24.4326923212  0.0126362906 -0.0205210126 -0.0050000215 
24.4533020571  0.0126910182 -0.0204612792 -0.0050025869 
24.4739193612  0.0127453959 -0.0204021384 -0.0050052383 
24.4945667730  0.0127991058 -0.0203434082 -0.0050079459 
24.5152500333  0.0128524682 -0.0202850232 -0.0050106786 
24.5359904118  0.0129055821 -0.0202267868 -0.0050134091 
24.5567906342  0.0129586928 -0.0201686580 -0.0050161116 
24.5776700003  0.0130117466 -0.0201107095 -0.0050187672 
24.5986282229  0.0130644791 -0.0200530493 -0.0050213601 
24.6196592479  0.0131164409 -0.0199960948 -0.0050238791 
24.6407591791  0.0131676351 -0.0199398498 -0.0050263173 
24.6619200026  0.0132187178 -0.0198840418 -0.0050286695 
24.6831374853  0.0132700895 -0.0198286908 -0.0050309321 
24.7044135560  0.0133214067 -0.0197743210 -0.0050331020 
24.7257489970  0.0133723908 -0.0197211752 -0.0050351755 
24.7471445076  0.0134232109 -0.0196687159 -0.0050371482 
24.7685998294  0.0134745189 -0.0196166898 -0.0050390156 
24.7901149069  0.0135265852 -0.0195655767 -0.0050407729 
24.8116892353  0.0135790862 -0.0195159069 -0.0050424162 
24.8333227281  0.0136315630 -0.0194675649 -0.0050439423 
24.8550152912  0.0136838284 -0.0194175158 -0.0050455011 
24.8767690843  0.0137348389 -0.0193742745 -0.0050469670 
24.8985830871  0.0137870061 -0.0193288712 -0.0050483047 
24.9204588114  0.0138389073 -0.0192855494 -0.0050495091 
24.9423975886  0.0138910291 -0.0192430518 -0.0050505821 
24.9644015668  0.0139436118 -0.0192010416 -0.0050515239 
24.9864731346  0.0139965117 -0.0191596936 -0.0050523328 
25.0086102962  0.0140493343 -0.0191192586 -0.0050530060 
25.0308137129  0.0141016656 -0.0190796093 -0.0050535420 
25.0530869319  0.0141533441 -0.0190404057 -0.0050539407 
25.0754315256  0.0142045812 -0.0190013239 -0.0050542045 
25.0978476875  0.0142557521 -0.0189623664 -0.0050543383 
25.1203383097  0.0143070188 -0.0189237759 -0.0050543498 
25.1429010742  0.0143582400 -0.0188855012 -0.0050542492 
25.1655354084  0.0144089701 -0.0188473757 -0.0050540490 
25.1882441596  0.0144588518 -0.0188095319 -0.0050537630 
25.2110236376  0.0145079589 -0.0187722588 -0.0050534054 
25.2338725951  0.0145563090 -0.0187357412 -0.0050529900 
25.2567916112  0.0146036660 -0.0187000643 -0.0050525291 
25.2797780976  0.0146500362 -0.0186650408 -0.0050520333 
25.3028337221  0.0146958402 -0.0186302651 -0.0050515114 
25.3259526357  0.0147415400 -0.0185951646 -0.0050509704 
25.3491343209  0.0147870461 -0.0185592767 -0.0050504156 
25.3723791216  0.0148321581 -0.0185229380 -0.0050498512 
25.3956859664  0.0148766219 -0.0184869369 -0.0050492809 
25.4190521801  0.0149200690 -0.0184516465 -0.0050487085 
25.4424768456  0.0149619407 -0.0184170520 -0.0050481385 
25.4659610752  0.0150021012 -0.0183830634 -0.0050475766 
25.4895050334  0.0150411797 -0.0183497622 -0.0050470292 
25.5131084704  0.0150799626 -0.0183171989 -0.0050465035 
25.5367722287  0.0151183059 -0.0182850933 -0.0050460064 
25.5604987572  0.0151559144 -0.0182535831 -0.0050455447 
25.5842900513  0.0151931481 -0.0182234347 -0.0050451244 
25.6081493559  0.0152301739 -0.0181949934 -0.0050447508 
25.6320725915  0.0152671403 -0.0181678822 -0.0050444286 
25.6560153362  0.0153034793 -0.0181413848 -0.0050441614 
25.6799809250  0.0153385013 -0.0181154063 -0.0050439505 
25.7039771809  0.0153730404 -0.0180902793 -0.0050437956 
25.7280040510  0.0154071251 -0.0180662022 -0.0050436950 
25.7520390506  0.0154413009 -0.0180435914 -0.0050436451 
25.7760142195  0.0154759793 -0.0180227247 -0.0050436411 
25.7999323137  0.0155112648 -0.0180037632 -0.0050436757 
25.8237985713  0.0155480090 -0.0179867361 -0.0050437411 
25.8476170055  0.0155859863 -0.0179719490 -0.0050438287 
25.8713917486  0.0156250628 -0.0179596782 -0.0050439292 
25.8951334299  0.0156651224 -0.0179501539 -0.0050440332 
25.9188511759  0.0157055457 -0.0179435082 -0.0050441312 
25.9425530862  0.0157460759 -0.0179397228 -0.0050442143 
25.9662423140  0.0157864145 -0.0179385526 -0.0050442744 
25.9899256074  0.0158265277 -0.0179397755 -0.0050443046 
26.0136104991  0.0158668996 -0.0179433320 -0.0050442996 
26.0373073750  0.0159076825 -0.0179490359 -0.0050442558 
26.0610213050  0.0159491206 -0.0179570242 -0.0050441709 
26.0847594856  0.0159912334 -0.0179674415 -0.0050440430 
26.1085037290  0.0160345686 -0.0179800986 -0.0050438686 
26.1322335883  0.0160795119 -0.0179942682 -0.0050436398 
26.1559531872  0.0161257566 -0.0180090877 -0.0050433405 
26.1796599617  0.0161731241 -0.0180248724 -0.0050429450 
26.2033631405  0.0162211389 -0.0180425941 -0.0050424176 
26.2270713131  0.0162695941 -0.0180627681 -0.0050417169 
26.2507932999  0.0163187771 -0.0180845460 -0.0050408020 
26.2745356545  0.0163694338 -0.0181063171 -0.0050396404 
26.2983054995  0.0164224984 -0.0181267421 -0.0050382145 
26.3221084816  0.0164785496 -0.0181446711 -0.0050365254 
26.3459497088  0.0165374231 -0.0181597612 -0.0050345921 
26.3698325466  0.0165983688 -0.0181722831 -0.0050324491 
26.3937599319  0.0166608514 -0.0181829335 -0.0050301406 
26.4176812849  0.0167252292 -0.0181922519 -0.0050277215 
26.4415839718  0.0167914039 -0.0182006630 -0.0050252430 
26.4654654710  0.0168597296 -0.0182074417 -0.0050227515 
26.4893270128  0.0169297100 -0.0182106289 -0.0050202872 
26.5131692248  0.0170006651 -0.0182088942 -0.0050178847 
26.5369929273  0.0170718129 -0.0182021432 -0.0050155714 
26.5607978483  0.0171431717 -0.0181909923 -0.0050133689 
26.5845786651  0.0172145787 -0.0181754814 -0.0050112935 
26.6083357907  0.0172860916 -0.0181555201 -0.0050093577 
26.6320677719  0.0173573480 -0.0181313002 -0.0050075705 
26.6557800817  0.0174272264 -0.0181037198 -0.0050059378 
26.6794697617  0.0174951529 -0.0180735322 -0.0050044637 
26.7031428739  0.0175611655 -0.0180411218 -0.0050031493 
26.7268012312  0.0176255321 -0.0180066069 -0.0050019942 
26.7504506438  0.0176881572 -0.0179702098 -0.0050009957 
26.7740872388  0.0177490092 -0.0179324736 -0.0050001494 
26.7977203967  0.0178079927 -0.0178934890 -0.0049994488 
26.8213456094  0.0178656022 -0.0178519361 -0.0049988866 
26.8449703383  0.0179220482 -0.0178071397 -0.0049984547 
26.8685957564  0.0179774967 -0.0177595546 -0.0049981449 
26.8922285754  0.0180319363 -0.0177101964 -0.0049979497 
26.9158656110  0.0180847520 -0.0176594877 -0.0049978623 
26.9395125235  0.0181348941 -0.0176071891 -0.0049978768 
26.9631719828  0.0181822792 -0.0175529623 -0.0049979882 
26.9868451997  0.0182277530 -0.0174971421 -0.0049981926 
27.0105374915  0.0182722185 -0.0174405363 -0.0049984868 
27.0342525904  0.0183153298 -0.0173838300 -0.0049988683 
27.0579902899  0.0183561677 -0.0173270944 -0.0049993353 
27.0817526421  0.0183946491 -0.0172704040 -0.0049998864 
27.1055429637  0.0184312562 -0.0172139165 -0.0050005206 
27.1293569515  0.0184657145 -0.0171573057 -0.0050012362 
27.1531963034  0.0184977290 -0.0171006475 -0.0050020307 
27.1770603114  0.0185281045 -0.0170444527 -0.0050029007 
27.2009487960  0.0185581350 -0.0169887786 -0.0050038420 
27.2248578183  0.0185880333 -0.0169334681 -0.0050048491 
27.2487849115  0.0186166346 -0.0168783374 -0.0050059156 
27.2727265737  0.0186435436 -0.0168233782 -0.0050070337 
27.2966800497  0.0186694752 -0.0167693200 -0.0050081946 
27.3206408457  0.0186949922 -0.0167169650 -0.0050093879 
27.3446100642  0.0187200096 -0.0166661020 -0.0050106029 
27.3685861590  0.0187442875 -0.0166157715 -0.0050118292 
27.3925681683  0.0187682725 -0.0165656628 -0.0050130573 
27.4165562153  0.0187927981 -0.0165154507 -0.0050142793 
27.4405489579  0.0188177484 -0.0164650236 -0.0050154873 
27.4645458609  0.0188424033 -0.0164142317 -0.0050166731 
27.4885485666  0.0188664907 -0.0163630649 -0.0050178275 
27.5125616423  0.0188907219 -0.0163115411 -0.0050189407 
27.5365893716  0.0189156100 -0.0162592920 -0.0050200036 
27.5606377420  0.0189409902 -0.0162061134 -0.0050210086 
27.5847098075  0.0189664390 -0.0161521182 -0.0050219500 
27.6088138049  0.0189922035 -0.0160974656 -0.0050228241 
27.6329238330  0.0190190390 -0.0160419641 -0.0050236290 
27.6570196315  0.0190468411 -0.0159864660 -0.0050243667 
27.6811085331  0.0190749637 -0.0159314150 -0.0050250441 
27.7051953853  0.0191037215 -0.0158765239 -0.0050256716 
27.7292874141  0.0191340224 -0.0158219686 -0.0050262621 
27.7533929128  0.0191659740 -0.0157673710 -0.0050268289 
27.7775068180  0.0191988774 -0.0157115642 -0.0050273848 
27.8016306667  0.0192313888 -0.0156539107 -0.0050279416 
27.8257709447  0.0192630123 -0.0155944835 -0.0050285094 
27.8499332946  0.0192950887 -0.0155336641 -0.0050290964 
27.8741215163  0.0193287233 -0.0154716162 -0.0050297081 
27.8983400336  0.0193635895 -0.0154080040 -0.0050303474 
27.9225932293  0.0193991618 -0.0153422678 -0.0050310152 
27.9468762631  0.0194352577 -0.0152743745 -0.0050317102 
27.9711892133  0.0194716840 -0.0152049820 -0.0050324288 
27.9955346371  0.0195079415 -0.0151347132 -0.0050331656 
28.0198994561  0.0195436852 -0.0150632250 -0.0050339137 
28.0442746675  0.0195793297 -0.0149904671 -0.0050346669 
28.0686603420  0.0196152915 -0.0149170135 -0.0050354199 
28.0930514601  0.0196522416 -0.0148433447 -0.0050361688 
28.1174359294  0.0196905650 -0.0147691953 -0.0050369089 
28.1418142161  0.0197299977 -0.0146936631 -0.0050376355 
28.1661868014  0.0197700082 -0.0146162451 -0.0050383447 
28.1905541151  0.0198098316 -0.0145370743 -0.0050390340 
28.2149165009  0.0198497086 -0.0144575348 -0.0050397026 
28.2392743106  0.0198901638 -0.0143782773 -0.0050403523 
28.2636283944  0.0199311261 -0.0142988190 -0.0050409844 
28.2879794432  0.0199729251 -0.0142188480 -0.0050416000 
28.3123285150  0.0200155811 -0.0141379474 -0.0050421992 
28.3366748698  0.0200593381 -0.0140563690 -0.0050427805 
28.3610170509  0.0201045063 -0.0139747699 -0.0050433417 
28.3853561114  0.0201509536 -0.0138937261 -0.0050438801 
28.4096936126  0.0201980776 -0.0138131133 -0.0050443933 
28.4340303641  0.0202455417 -0.0137323874 -0.0050448804 
28.4583672929  0.0202942181 -0.0136510957 -0.0050453418 
28.4827056523  0.0203454559 -0.0135693022 -0.0050457797 
28.5070467560  0.0203993822 -0.0134871341 -0.0050461985 
28.5313917947  0.0204550013 -0.0134043790 -0.0050466047 
28.5557421435  0.0205115025 -0.0133209554 -0.0050470067 
28.5800821272  0.0205689347 -0.0132372118 -0.0050474144 
28.6044070377  0.0206277551 -0.0131535123 -0.0050478390 
28.6287162844  0.0206881443 -0.0130696275 -0.0050482933 
28.6529990234  0.0207497991 -0.0129850791 -0.0050487904 
28.6772389841  0.0208124636 -0.0128994442 -0.0050493437 
28.7014312656  0.0208760677 -0.0128128568 -0.0050499663 
28.7255863810  0.0209407163 -0.0127255286 -0.0050506709 
28.7497053051  0.0210063600 -0.0126378052 -0.0050514683 
28.7738002684  0.0210724900 -0.0125491150 -0.0050523685 
28.7978849253  0.0211385188 -0.0124591886 -0.0050533800 
28.8219446494  0.0212045484 -0.0123681494 -0.0050545088 
28.8460012414  0.0212709433 -0.0122768587 -0.0050557606 
28.8700365512  0.0213379273 -0.0121853633 -0.0050571373 
28.8940725931  0.0214044735 -0.0120933601 -0.0050586403 
28.9181026800  0.0214702246 -0.0120003262 -0.0050602668 
28.9421388414  0.0215352484 -0.0119057177 -0.0050620124 
28.9661621022  0.0216001103 -0.0118098237 -0.0050638680 
28.9901781983  0.0216645423 -0.0117124637 -0.0050658237 
29.0141725406  0.0217280142 -0.0116140137 -0.0050678668 
29.0381647837  0.0217898911 -0.0115141218 -0.0050699860 
29.0621480095  0.0218506303 -0.0114137934 -0.0050721669 
29.0861255859  0.0219106812 -0.0113131103 -0.0050743944 
29.1100940614  0.0219701816 -0.0112119415 -0.0050766505 
29.1340543910  0.0220284722 -0.0111097600 -0.0050789155 
29.1580096870  0.0220848549 -0.0110061231 -0.0050811672 
29.1819747810  0.0221394866 -0.0109012638 -0.0050833827 
29.2059516324  0.0221933014 -0.0107954940 -0.0050855366 
29.2299490314  0.0222465424 -0.0106893709 -0.0050876043 
29.2539671947  0.0222989345 -0.0105829710 -0.0050895619 
29.2780061910  0.0223499956 -0.0104766608 -0.0050913882 
29.3020534946  0.0223997225 -0.0103704053 -0.0050930654 
29.3261126884  0.0224480909 -0.0102641421 -0.0050945810 
29.3501813483  0.0224951168 -0.0101572471 -0.0050959268 
29.3742570592  0.0225403034 -0.0100497276 -0.0050970985 
29.3983365909  0.0225837501 -0.0099421346 -0.0050980949 
29.4224196361  0.0226258429 -0.0098352056 -0.0050989168 
29.4465138985  0.0226663451 -0.0097291718 -0.0050995663 
29.4706228215  0.0227049921 -0.0096238582 -0.0051000455 
29.4947448735  0.0227420851 -0.0095186468 -0.0051003561 
29.5188802326  0.0227784885 -0.0094132334 -0.0051004994 
29.5430328394  0.0228139727 -0.0093072107 -0.0051004764 
29.5671951627  0.0228479559 -0.0092000713 -0.0051002884 
29.5913826322  0.0228805754 -0.0090912735 -0.0050999369 
29.6155964670  0.0229128485 -0.0089812580 -0.0050994243 
29.6398306533  0.0229444920 -0.0088716060 -0.0050987538 
29.6640928823  0.0229746662 -0.0087634901 -0.0050979299 
29.6883683509  0.0230032558 -0.0086561301 -0.0050969590 
29.7126550126  0.0230309199 -0.0085481756 -0.0050958490 
29.7369499580  0.0230581810 -0.0084392930 -0.0050946101 
29.7612565686  0.0230846349 -0.0083306323 -0.0050932541 
29.7855760084  0.0231095423 -0.0082217855 -0.0050917945 
29.8099052903  0.0231328343 -0.0081109273 -0.0050902459 
29.8342434762  0.0231553941 -0.0079977876 -0.0050886225 
29.8585838210  0.0231778596 -0.0078839581 -0.0050869384 
29.8828986462  0.0231990869 -0.0077702703 -0.0050852081 
29.9071868772  0.0232171217 -0.0076556141 -0.0050834423 
29.9314538793  0.0232320847 -0.0075391530 -0.0050816492 
29.9557050521  0.0232456143 -0.0074218183 -0.0050798350 
29.9799442646  0.0232582053 -0.0073041176 -0.0050780041 
30.0041769794  0.0232687124 -0.0071850176 -0.0050761589 
30.0284079827  0.0232768493 -0.0070638649 -0.0050743001 
30.0526423201  0.0232844605 -0.0069418782 -0.0050724265 
30.0768836268  0.0232918274 -0.0068199940 -0.0050705349 
30.1011362413  0.0232961360 -0.0066974438 -0.0050686200 
30.1254036713  0.0232965172 -0.0065729288 -0.0050666755 
30.1496892341  0.0232959516 -0.0064464763 -0.0050646955 
30.1739954832  0.0232961274 -0.0063190850 -0.0050626749 
30.1983033600  0.0232942333 -0.0061908171 -0.0050606114 
30.2226025914  0.0232880751 -0.0060610728 -0.0050585021 
30.2469024149  0.0232798159 -0.0059299176 -0.0050563420 
30.2711925243  0.0232711476 -0.0057983622 -0.0050541277 
30.2954572826  0.0232594406 -0.0056669621 -0.0050518566 
30.3196775021  0.0232427202 -0.0055352276 -0.0050495273 
30.3438861461  0.0232229665 -0.0054034015 -0.0050471338 
30.3680935324  0.0232025320 -0.0052719276 -0.0050446723 
30.3922914282  0.0231798422 -0.0051408848 -0.0050421409 
30.4165070746  0.0231530700 -0.0050098695 -0.0050395337 
30.4406767148  0.0231237666 -0.0048788532 -0.0050368540 
30.4648308828  0.0230922723 -0.0047483646 -0.0050340945 
30.4889912057  0.0230577618 -0.0046177199 -0.0050312501 
30.5130951227  0.0230191006 -0.0044875179 -0.0050283283 
30.5371697692  0.0229766601 -0.0043587533 -0.0050253296 
30.5612434805  0.0229319866 -0.0042305523 -0.0050222559 
30.5852976587  0.0228852024 -0.0041026952 -0.0050191153 
30.6093417072  0.0228360986 -0.0039761145 -0.0050159123 
30.6333593874  0.0227851446 -0.0038511527 -0.0050126569 
30.6573263201  0.0227319181 -0.0037280578 -0.0050093648 
30.6812646372  0.0226759969 -0.0036064999 -0.0050060497 
30.7051449486  0.0226180070 -0.0034868674 -0.0050027343 
30.7289664151  0.0225576908 -0.0033700902 -0.0049994356 
30.7527462637  0.0224949566 -0.0032550002 -0.0049961643 
30.7764858071  0.0224308158 -0.0031413527 -0.0049929300 
30.8001787154  0.0223658744 -0.0030308587 -0.0049897414 
30.8238115212  0.0222992321 -0.0029238229 -0.0049866089 
30.8473677808  0.0222336112 -0.0028316205 -0.0049834386 
30.8708119389  0.0221581452 -0.0027080280 -0.0049803365 
30.8941543003  0.0220885324 -0.0026135751 -0.0049773319 
30.9174072920  0.0220181531 -0.0025167415 -0.0049744289 
30.9405851775  0.0219470386 -0.0024232070 -0.0049716219 
30.9637032564  0.0218747606 -0.0023317835 -0.0049689018 
30.9867770696  0.0218028787 -0.0022426938 -0.0049662579 
31.0098198669  0.0217315888 -0.0021560529 -0.0049636785 
31.0328464524  0.0216587070 -0.0020715233 -0.0049611531 
31.0558724371  0.0215848245 -0.0019879888 -0.0049586725 
31.0789095362  0.0215106440 -0.0019048625 -0.0049562294 
31.1019731632  0.0214365074 -0.0018229949 -0.0049538176 
31.1250731818  0.0213618647 -0.0017430763 -0.0049514317 
31.1482096571  0.0212860370 -0.0016649783 -0.0049490675 
31.1713857437  0.0212102897 -0.0015880313 -0.0049467187 
31.1946097799  0.0211353276 -0.0015121772 -0.0049443780 
31.2178902487  0.0210618993 -0.0014372651 -0.0049420378 
31.2412301836  0.0209890400 -0.0013635293 -0.0049396912 
31.2646373231  0.0209159341 -0.0012910576 -0.0049373309 
31.2881157047  0.0208429066 -0.0012196856 -0.0049349510 
31.3116710273  0.0207706372 -0.0011498562 -0.0049325453 
31.3353005014  0.0206991745 -0.0010815017 -0.0049301095 
31.3590066940  0.0206278260 -0.0010134125 -0.0049276396 
31.3827927681  0.0205565932 -0.0009446278 -0.0049251324 
31.4066599384  0.0204862407 -0.0008751289 -0.0049225862 
31.4306083385  0.0204167195 -0.0008056143 -0.0049200010 
31.4546127529  0.0203473459 -0.0007365184 -0.0049173815 
31.4786724451  0.0202779953 -0.0006674985 -0.0049147310 
31.5027875309  0.0202094767 -0.0005977294 -0.0049120540 
31.5269541826  0.0201417085 -0.0005272457 -0.0049093561 
31.5511701843  0.0200738131 -0.0004567599 -0.0049066437 
31.5754353778  0.0200056096 -0.0003870089 -0.0049039234 
31.5997477716  0.0199378035 -0.0003180845 -0.0049012027 
31.6240974551  0.0198709425 -0.0002495338 -0.0048984904 
31.6484481796  0.0198054556 -0.0001815033 -0.0048957992 
31.6727936221  0.0197412378 -0.0001148634 -0.0048931381 
31.6971355897  0.0196777994 -0.0000493988 -0.0048905149 
31.7214702915  0.0196143882  0.0000154323 -0.0048879373 
31.7457977554  0.0195504879  0.0000799536 -0.0048854118 
31.7701103101  0.0194867837  0.0001441704 -0.0048829441 
31.7944043420  0.0194242363  0.0002083039 -0.0048805383 
31.8186858176  0.0193627826  0.0002730386 -0.0048781958 
31.8429625428  0.0193014667  0.0003383879 -0.0048759168 
31.8672416994  0.0192393286  0.0004037033 -0.0048737008 
31.8915161508  0.0191760844  0.0004685280 -0.0048715476 
31.9157700513  0.0191119341  0.0005326074 -0.0048694574 
31.9400100663  0.0190470764  0.0005957175 -0.0048674275 
31.9642427023  0.0189821911  0.0006577213 -0.0048654553 
31.9884735212  0.0189181184  0.0007184579 -0.0048635379 
32.0127093446  0.0188547702  0.0007783795 -0.0048616724 
32.0369351785  0.0187912982  0.0008377125 -0.0048598578 
32.0611518572  0.0187273495  0.0008958747 -0.0048580912 
32.0853657511  0.0186635358  0.0009527976 -0.0048563695 
32.1095824834  0.0186000141  0.0010082887 -0.0048546896 
32.1338078877  0.0185366059  0.0010620999 -0.0048530482 
32.1580191283  0.0184736449  0.0011142957 -0.0048514445 
32.1822127814  0.0184114493  0.0011650684 -0.0048498759 
32.2063958795  0.0183497504  0.0012147007 -0.0048483394 
32.2305772353  0.0182882860  0.0012633784 -0.0048468320 
32.2547617988  0.0182269907  0.0013111564 -0.0048453515 
32.2789571903  0.0181661316  0.0013579392 -0.0048438958 
32.3031402979  0.0181059202  0.0014038584 -0.0048424651 
32.3273162408  0.0180459987  0.0014492733 -0.0048410576 
32.3514924187  0.0179866858  0.0014944276 -0.0048396713 
32.3756756080  0.0179280128  0.0015387840 -0.0048383039 
32.3998748747  0.0178695264  0.0015826547 -0.0048369524 
32.4240787379  0.0178106978  0.0016267100 -0.0048356148 
32.4482914483  0.0177521296  0.0016709468 -0.0048342872 
32.4725205810  0.0176946706  0.0017146272 -0.0048329650 
32.4967727733  0.0176383731  0.0017574346 -0.0048316435 
32.5210546843  0.0175825476  0.0017999032 -0.0048303171 
32.5453442565  0.0175269509  0.0018423349 -0.0048289822 
32.5696446571  0.0174715322  0.0018845105 -0.0048276332 
32.5939362180  0.0174163229  0.0019263560 -0.0048262660 
32.6182123143  0.0173607439  0.0019677642 -0.0048248765 
32.6424665896  0.0173045464  0.0020089437 -0.0048234611 
32.6666399101  0.0172481282  0.0020506234 -0.0048220209 
32.6907344571  0.0171922306  0.0020926249 -0.0048205540 
32.7147709068  0.0171371658  0.0021351136 -0.0048190579 
32.7387514348  0.0170826563  0.0021778171 -0.0048175323 
32.7626942318  0.0170284327  0.0022206102 -0.0048159759 
32.7866109492  0.0169744001  0.0022638895 -0.0048143885 
32.8104960329  0.0169211427  0.0023074967 -0.0048127713 
32.8343446239  0.0168691319  0.0023509540 -0.0048111257 
32.8581581633  0.0168182661  0.0023942866 -0.0048094525 
32.8819604979  0.0167683412  0.0024377809 -0.0048077519 
32.9057684585  0.0167196942  0.0024817482 -0.0048060244 
32.9295812510  0.0166718729  0.0025258179 -0.0048042727 
32.9534039659  0.0166244067  0.0025695664 -0.0048024979 
32.9772637875  0.0165771272  0.0026130874 -0.0048006999 
33.0011626196  0.0165302283  0.0026572420 -0.0047988809 
33.0250972302  0.0164836472  0.0027020796 -0.0047970439 
33.0490725841  0.0164368747  0.0027475488 -0.0047951910 
33.0731017471  0.0163893007  0.0027937150 -0.0047933238 
33.0971924999  0.0163408489  0.0028404807 -0.0047914442 
33.1213580671  0.0162915036  0.0028874895 -0.0047895541 
33.1455738605  0.0162416039  0.0029346075 -0.0047876585 
33.1698104659  0.0161918659  0.0029813991 -0.0047857626 
33.1940656157  0.0161425595  0.0030274312 -0.0047838689 
33.2183396851  0.0160938062  0.0030726230 -0.0047819786 
33.2426128756  0.0160455618  0.0031173237 -0.0047800944 
33.2668829078  0.0159977961  0.0031621264 -0.0047782169 
33.2911498550  0.0159509061  0.0032075384 -0.0047763463 
33.3153952157  0.0159051520  0.0032534537 -0.0047744850 
33.3396132016  0.0158605257  0.0032992759 -0.0047726345 
33.3638066501  0.0158167754  0.0033445173 -0.0047707961 
33.3879774708  0.0157734112  0.0033893147 -0.0047689711 
33.4121263465  0.0157302212  0.0034339401 -0.0047671615 
33.4362560810  0.0156870389  0.0034785324 -0.0047653686 
33.4603671803  0.0156433427  0.0035230295 -0.0047635947 
33.4844619616  0.0155988443  0.0035677624 -0.0047618420 
33.5085430084  0.0155541934  0.0036125251 -0.0047601124 
