     time       viscous_dissipation 
 0.000000000000      0.000114003490 
 0.005000000000      0.000125891029 
 0.013250000000      0.000123748737 
 0.027000000000      0.000121392103 
 0.042125000000      0.000119888152 
 0.058762500000      0.000118843411 
 0.077063750000      0.000118055493 
 0.097195125000      0.000117427350 
 0.119339637500      0.000116910342 
 0.143094929909      0.000116486203 
 0.166893679052      0.000116152770 
 0.190733101562      0.000115883399 
 0.214610009356      0.000115661100 
 0.238521263052      0.000115474316 
 0.262464420400      0.000115315459 
 0.286436953412      0.000115178765 
 0.310436681161      0.000115060033 
 0.334461687405      0.000114956071 
 0.358509992475      0.000114864382 
 0.382580144885      0.000114783042 
 0.406670470799      0.000114710496 
 0.430779730313      0.000114645524 
 0.454906605119      0.000114587120 
 0.479049981915      0.000114534475 
 0.503208923433      0.000114486915 
 0.527382323087      0.000114443881 
 0.551569496128      0.000114404901 
 0.575769440531      0.000114369578 
 0.599981570931      0.000114337570 
 0.624205156186      0.000114308583 
 0.648439564188      0.000114282362 
 0.672684262330      0.000114258685 
 0.696938589187      0.000114237356 
 0.721202189491      0.000114218201 
 0.745474438305      0.000114201068 
 0.769754991060      0.000114185818 
 0.794043376937      0.000114172330 
 0.818339203701      0.000114160492 
 0.842642179225      0.000114150205 
 0.866951816077      0.000114141378 
 0.891267919368      0.000114133928 
 0.915588133218      0.000114127781 
 0.939912108974      0.000114122868 
 0.964239617187      0.000114119126 
 0.988570456620      0.000114116497 
 1.012904516671      0.000114114927 
 1.037241524199      0.000114114367 
 1.061581384421      0.000114114772 
 1.085923902866      0.000114116100 
 1.110268934493      0.000114118312 
 1.134616394035      0.000114121371 
 1.158966063924      0.000114125244 
 1.183317884151      0.000114129900 
 1.207671680115      0.000114135309 
 1.232027348686      0.000114141445 
 1.256384819518      0.000114148281 
 1.280743915831      0.000114155793 
 1.305104601661      0.000114163960 
 1.329466714897      0.000114172761 
 1.353830185910      0.000114182175 
 1.378194952730      0.000114192184 
 1.402560868308      0.000114202772 
 1.426927914110      0.000114213920 
 1.451295937108      0.000114225614 
 1.475664892608      0.000114237839 
 1.500034726595      0.000114250582 
 1.524405312924      0.000114263829 
 1.548776645580      0.000114277568 
 1.573148583651      0.000114291787 
 1.597521096149      0.000114306475 
 1.621894139591      0.000114321622 
 1.646267599900      0.000114337217 
 1.670641480121      0.000114353251 
 1.695015653888      0.000114369715 
 1.719389889943      0.000114386600 
 1.743764165418      0.000114403899 
 1.768138444328      0.000114421602 
 1.792512727042      0.000114439704 
 1.816887005693      0.000114458196 
 1.841261254301      0.000114477072 
 1.865635476527      0.000114496326 
 1.890009646400      0.000114515951 
 1.914383757923      0.000114535942 
 1.938757813040      0.000114556293 
 1.963131779241      0.000114576999 
 1.987505661440      0.000114598054 
 2.011879444570      0.000114619454 
 2.036252901445      0.000114641193 
 2.060625994980      0.000114663268 
 2.084998651857      0.000114685673 
 2.109370879031      0.000114708406 
 2.133742623737      0.000114731461 
 2.158113846746      0.000114754835 
 2.182484544208      0.000114778524 
 2.206854637077      0.000114802525 
 2.231224119229      0.000114826834 
 2.255592989450      0.000114851449 
 2.279961165463      0.000114876366 
 2.304328649242      0.000114901582 
 2.328695416880      0.000114927094 
 2.353061413162      0.000114952900 
 2.377426648058      0.000114978997 
 2.401791078919      0.000115005382 
 2.426154667251      0.000115032053 
 2.450517433861      0.000115059008 
 2.474879304865      0.000115086244 
 2.499240266527      0.000115113760 
 2.523600338260      0.000115141553 
 2.547959451355      0.000115169622 
 2.572317597815      0.000115197963 
 2.596674785257      0.000115226577 
 2.621030947408      0.000115255461 
 2.645386092546      0.000115284613 
 2.669740221705      0.000115314032 
 2.694093270142      0.000115343716 
 2.718445254572      0.000115373663 
 2.742796164709      0.000115403874 
 2.767145938336      0.000115434345 
 2.791494603537      0.000115465076 
 2.815842148364      0.000115496066 
 2.840188512264      0.000115527314 
 2.864533726155      0.000115558818 
 2.888877771897      0.000115590577 
 2.913220590630      0.000115622591 
 2.937562219820      0.000115654859 
 2.961902643986      0.000115687379 
 2.986241806169      0.000115720151 
 3.010579741667      0.000115753174 
 3.034916433487      0.000115786447 
 3.059251825769      0.000115819970 
 3.083585955539      0.000115853742 
 3.107918813298      0.000115887762 
 3.132250346016      0.000115922030 
 3.156580582818      0.000115956545 
 3.180909518272      0.000115991307 
 3.205237100450      0.000116026315 
 3.229563354629      0.000116061569 
 3.253888288097      0.000116097068 
 3.278211851286      0.000116132812 
 3.302534056131      0.000116168802 
 3.326854919047      0.000116205036 
 3.351174391809      0.000116241514 
 3.375492476943      0.000116278236 
 3.399809209349      0.000116315202 
 3.424124543315      0.000116352411 
 3.448438461861      0.000116389864 
 3.472751014866      0.000116427561 
 3.497062157224      0.000116465501 
 3.521371857176      0.000116503684 
 3.545680165832      0.000116542111 
 3.569987067307      0.000116580781 
 3.594292519051      0.000116619694 
 3.618596554695      0.000116658851 
 3.642899177363      0.000116698251 
 3.667200345859      0.000116737895 
 3.691500074089      0.000116777783 
 3.715798394388      0.000116817914 
 3.740095267994      0.000116858290 
 3.764390678233      0.000116898910 
 3.788684679700      0.000116939775 
 3.812977236429      0.000116980884 
 3.837267809731      0.000117022237 
 3.861556184600      0.000117063835 
 3.885842320911      0.000117105677 
 3.910126214617      0.000117147763 
 3.934407925966      0.000117190095 
 3.958687394748      0.000117232672 
 3.982964608617      0.000117275494 
 4.007239606255      0.000117318563 
 4.031512376876      0.000117361878 
 4.055782902095      0.000117405440 
 4.080051192430      0.000117449249 
 4.104317285672      0.000117493306 
 4.128581137919      0.000117537612 
 4.152842743149      0.000117582166 
 4.177102162224      0.000117626970 
 4.201359346099      0.000117672023 
 4.225614293614      0.000117717327 
 4.249867027733      0.000117762883 
 4.274117567661      0.000117808689 
 4.298365883695      0.000117854748 
 4.322611979973      0.000117901060 
 4.346855917179      0.000117947625 
 4.371097638000      0.000117994445 
 4.395337149247      0.000118041519 
 4.419574485987      0.000118088849 
 4.443809650973      0.000118136435 
 4.468042623508      0.000118184278 
 4.492273415869      0.000118232379 
 4.516502081901      0.000118280738 
 4.540728572384      0.000118329357 
 4.564952896509      0.000118378235 
 4.589175094880      0.000118427375 
 4.613395164107      0.000118476776 
 4.637613087681      0.000118526439 
 4.661828882600      0.000118576365 
 4.686042603155      0.000118626556 
 4.710254200388      0.000118677012 
 4.734463688429      0.000118727734 
 4.758671105889      0.000118778722 
 4.782876454402      0.000118829978 
 4.807079716806      0.000118881503 
 4.831280912763      0.000118933297 
 4.855480104284      0.000118985362 
 4.879677235332      0.000119037698 
 4.903872324186      0.000119090307 
 4.928065406953      0.000119143189 
 4.952256499774      0.000119196346 
 4.976445579812      0.000119249778 
 5.000632665850      0.000119303487 
 5.024817822313      0.000119357473 
 5.049001003008      0.000119411738 
 5.073182212868      0.000119466283 
 5.097361494324      0.000119521108 
 5.121538880639      0.000119576216 
 5.145714338538      0.000119631606 
 5.169887883958      0.000119687280 
 5.194059575289      0.000119743240 
 5.218229387468      0.000119799486 
 5.242397319960      0.000119856019 
 5.266563410743      0.000119912842 
 5.290727714762      0.000119969954 
 5.314890181519      0.000120027357 
 5.339050830736      0.000120085053 
 5.363209702816      0.000120143042 
 5.387366815056      0.000120201326 
 5.411522149671      0.000120259906 
 5.435675737108      0.000120318783 
 5.459827630246      0.000120377959 
 5.483977807412      0.000120437434 
 5.508126260628      0.000120497211 
 5.532273035644      0.000120557290 
 5.556418177958      0.000120617673 
 5.580561650718      0.000120678361 
 5.604703477709      0.000120739355 
 5.628843705954      0.000120800657 
 5.652982352023      0.000120862269 
 5.677119391052      0.000120924191 
 5.701254857611      0.000120986424 
 5.725388798015      0.000121048972 
 5.749521207993      0.000121111833 
 5.773652076224      0.000121175011 
 5.797781455171      0.000121238507 
 5.821909385278      0.000121302322 
 5.846035842184      0.000121366457 
 5.870160833838      0.000121430914 
 5.894284412510      0.000121495695 
 5.918406604532      0.000121560801 
 5.942527386489      0.000121626233 
 5.966646793771      0.000121691993 
 5.990764870349      0.000121758083 
 6.014881626490      0.000121824504 
 6.038997039351      0.000121891258 
 6.063111157850      0.000121958346 
 6.087224016073      0.000122025770 
 6.111335628816      0.000122093531 
 6.135445973405      0.000122161632 
 6.159555113064      0.000122230073 
 6.183663075779      0.000122298856 
 6.207769855592      0.000122367984 
 6.231875453740      0.000122437457 
 6.255979929068      0.000122507277 
 6.280083298680      0.000122577447 
 6.304185559002      0.000122647967 
 6.328286732244      0.000122718840 
 6.352386869334      0.000122790067 
 6.376485984388      0.000122861650 
 6.400584062484      0.000122933590 
 6.424681144828      0.000123005890 
 6.448777256055      0.000123078551 
 6.472872437182      0.000123151576 
 6.496966654944      0.000123224965 
 6.521059972414      0.000123298720 
 6.545152404986      0.000123372845 
 6.569243991217      0.000123447339 
 6.593334691511      0.000123522206 
 6.617424577299      0.000123597447 
 6.641513661845      0.000123673064 
 6.665601976741      0.000123749059 
 6.689689502463      0.000123825434 
 6.713776309446      0.000123902190 
 6.737862404241      0.000123979330 
 6.761947804846      0.000124056856 
 6.786032507149      0.000124134770 
 6.810116574119      0.000124213073 
 6.834200010996      0.000124291768 
 6.858282839881      0.000124370856 
 6.882365067442      0.000124450341 
 6.906446748235      0.000124530223 
 6.930527893672      0.000124610505 
 6.954608513655      0.000124691189 
 6.978688623421      0.000124772277 
 7.002768264000      0.000124853771 
 7.026847463004      0.000124935673 
 7.050926227918      0.000125017986 
 7.075004579819      0.000125100712 
 7.099082554335      0.000125183852 
 7.123160181883      0.000125267410 
 7.147237460855      0.000125351386 
 7.171314418026      0.000125435784 
 7.195391077411      0.000125520606 
 7.219467483064      0.000125605854 
 7.243543634772      0.000125691530 
 7.267619560827      0.000125777637 
 7.291695283769      0.000125864177 
 7.315770846798      0.000125951152 
 7.339846239397      0.000126038564 
 7.363921500081      0.000126126417 
 7.387996641178      0.000126214712 
 7.412071715221      0.000126303452 
 7.436146719614      0.000126392639 
 7.460221685625      0.000126482276 
 7.484296629433      0.000126572365 
 7.508371599253      0.000126662909 
 7.532446586529      0.000126753910 
 7.556521627379      0.000126845371 
 7.580596730843      0.000126937294 
 7.604671952012      0.000127029682 
 7.628747294755      0.000127122538 
 7.652822782150      0.000127215864 
 7.676898431641      0.000127309662 
 7.700974290487      0.000127403936 
 7.725050359759      0.000127498688 
 7.749126663071      0.000127593922 
 7.773203217408      0.000127689638 
 7.797280071962      0.000127785841 
 7.821357242445      0.000127882533 
 7.845434738974      0.000127979717 
 7.869512587569      0.000128077396 
 7.893590826667      0.000128175573 
 7.917669474639      0.000128274250 
 7.941748534433      0.000128373431 
 7.965828035142      0.000128473117 
 7.989908015337      0.000128573314 
 8.013988508409      0.000128674022 
 8.038069505700      0.000128775246 
 8.062151046391      0.000128876989 
 8.086233154909      0.000128979253 
 8.110315868808      0.000129082041 
 8.134399170498      0.000129185357 
 8.158483106873      0.000129289204 
 8.182567695131      0.000129393585 
 8.206652997095      0.000129498504 
 8.230738977620      0.000129603963 
 8.254825696131      0.000129709965 
 8.278913147580      0.000129816515 
 8.303001400758      0.000129923615 
 8.327090425900      0.000130031269 
 8.351180280679      0.000130139481 
 8.375270947514      0.000130248253 
 8.399362500259      0.000130357589 
 8.423454942332      0.000130467493 
 8.447548295632      0.000130577968 
 8.471642561012      0.000130689018 
 8.495737795127      0.000130800646 
 8.519834015054      0.000130912857 
 8.543931221397      0.000131025653 
 8.568029434304      0.000131139039 
 8.592128698144      0.000131253018 
 8.616229057162      0.000131367595 
 8.640330487376      0.000131482772 
 8.664433028385      0.000131598555 
 8.688536694367      0.000131714946 
 8.712641545673      0.000131831950 
 8.736747553917      0.000131949571 
 8.760854764386      0.000132067813 
 8.784963141308      0.000132186680 
 8.809072664413      0.000132306176 
 8.833183239774      0.000132426304 
 8.857294860611      0.000132547068 
 8.881407506238      0.000132668473 
 8.905521184751      0.000132790523 
 8.929635838509      0.000132913222 
 8.953751461387      0.000133036574 
 8.977868053230      0.000133160584 
 9.001985622514      0.000133285255 
 9.026104111349      0.000133410593 
 9.050223506535      0.000133536601 
 9.074343810608      0.000133663285 
 9.098465011454      0.000133790648 
 9.122587067200      0.000133918696 
 9.146709949156      0.000134047433 
 9.170833681928      0.000134176864 
 9.194958233671      0.000134306993 
 9.219083591351      0.000134437825 
 9.243209707197      0.000134569366 
 9.267336607673      0.000134701620 
 9.291464229591      0.000134834593 
 9.315592577903      0.000134968288 
 9.339721627956      0.000135102712 
 9.363851395470      0.000135237870 
 9.387981812592      0.000135373767 
 9.412112881558      0.000135510409 
 9.436244592508      0.000135647800 
 9.460376928123      0.000135785947 
 9.484509857876      0.000135924854 
 9.508643350561      0.000136064528 
 9.532777425880      0.000136204975 
 9.556912040990      0.000136346199 
 9.581047190597      0.000136488208 
 9.605182835245      0.000136631007 
 9.629318996023      0.000136774601 
 9.653455599300      0.000136918999 
 9.677592652890      0.000137064204 
 9.701730142756      0.000137210225 
 9.725868056926      0.000137357066 
 9.750006369582      0.000137504736 
 9.774145050034      0.000137653240 
 9.798284119364      0.000137802586 
 9.822423498244      0.000137952779 
 9.846563200731      0.000138103827 
 9.870703209444      0.000138255738 
 9.894843516761      0.000138408517 
 9.918984080441      0.000138562174 
 9.943124880102      0.000138716713 
 9.967265941251      0.000138872145 
 9.991407178800      0.000139028475 
10.015548607079      0.000139185712 
10.039690207415      0.000139343863 
10.063831972383      0.000139502937 
10.087973859427      0.000139662942 
10.112115852927      0.000139823886 
10.136257962076      0.000139985777 
10.160400113768      0.000140148624 
10.184542313598      0.000140312435 
10.208684560947      0.000140477220 
10.232826809703      0.000140642987 
10.256969063910      0.000140809746 
10.281111286271      0.000140977506 
10.305253454905      0.000141146276 
10.329395546505      0.000141316066 
10.353537529312      0.000141486885 
10.377679423619      0.000141658745 
10.401821167045      0.000141831654 
10.425962755146      0.000142005623 
10.450104182574      0.000142180663 
10.474245385160      0.000142356784 
10.498386377734      0.000142533998 
10.522527123622      0.000142712315 
10.546667592911      0.000142891746 
10.570807776475      0.000143072304 
10.594947632133      0.000143254000 
10.619087167306      0.000143436846 
10.643226319178      0.000143620853 
10.667365081250      0.000143806035 
10.691503458476      0.000143992404 
10.715641372709      0.000144179973 
10.739778846633      0.000144368756 
10.763915837862      0.000144558765 
10.788052305695      0.000144750014 
10.812188241365      0.000144942517 
10.836323623228      0.000145136288 
10.860458396670      0.000145331342 
10.884592561269      0.000145527694 
10.908726085045      0.000145725358 
10.932858932492      0.000145924350 
10.956991070348      0.000146124686 
10.981122488424      0.000146326381 
11.005253144675      0.000146529452 
11.029383001068      0.000146733916 
11.053512058694      0.000146939789 
11.077640278213      0.000147147089 
11.101767592304      0.000147355834 
11.125894014405      0.000147566041 
11.150019501073      0.000147777729 
11.174143987345      0.000147990917 
11.198267487739      0.000148205624 
11.222389975667      0.000148421870 
11.246511342284      0.000148639674 
11.270631632105      0.000148859058 
11.294750788556      0.000149080041 
11.318868734779      0.000149302646 
11.342985484604      0.000149526894 
11.367101024114      0.000149752807 
11.391215217342      0.000149980409 
11.415328104503      0.000150209722 
11.439439652902      0.000150440770 
11.463549750076      0.000150673577 
11.487658432160      0.000150908168 
11.511765647372      0.000151144569 
11.535871306109      0.000151382805 
11.559975399774      0.000151622902 
11.584077907786      0.000151864889 
11.608178720423      0.000152108791 
11.632277857438      0.000152354639 
11.656375261549      0.000152602240 
11.680470849038      0.000152852021 
11.704564638875      0.000153103815 
11.728656554508      0.000153357687 
11.752746499369      0.000153613664 
11.776834482778      0.000153871779 
11.800920433168      0.000154132063 
11.825004259796      0.000154394547 
11.849085966900      0.000154659265 
11.873165523991      0.000154926250 
11.897242777727      0.000155195536 
11.921317742341      0.000155467161 
11.945390380092      0.000155741160 
11.969460544334      0.000156017571 
11.993528254782      0.000156296434 
12.017593434269      0.000156577788 
12.041656007502      0.000156861674 
12.065715937369      0.000157148134 
12.089773134748      0.000157437211 
12.113827533147      0.000157728947 
12.137879097137      0.000158023388 
12.161927740136      0.000158320580 
12.185973383072      0.000158620568 
12.210015973804      0.000158923401 
12.234055465223      0.000159229128 
12.258091726492      0.000159537798 
12.282124728156      0.000159849463 
12.306154414435      0.000160164175 
12.330180660772      0.000160481986 
12.354203411055      0.000160802951 
12.378222600479      0.000161127125 
12.402238096822      0.000161454566 
12.426249899042      0.000161785331 
12.450257886228      0.000162119481 
12.474261948360      0.000162457073 
12.498262054245      0.000162798172 
12.522258082619      0.000163142840 
12.546249924905      0.000163491140 
12.570237510823      0.000163843139 
12.594220777103      0.000164198904 
12.618199624390      0.000164558503 
12.642173931290      0.000164922006 
12.666143610743      0.000165289484 
12.690108577861      0.000165661010 
12.714068720492      0.000166036657 
12.738023941073      0.000166416501 
12.761974151540      0.000166800620 
12.785919220434      0.000167189090 
12.809859077483      0.000167581993 
12.833793592265      0.000167979410 
12.857722611124      0.000168381422 
12.881646107394      0.000168788116 
12.905563949868      0.000169199576 
12.929475973523      0.000169615889 
12.953382089876      0.000170037145 
12.977282200513      0.000170463435 
13.001176166496      0.000170894849 
13.025063874764      0.000171331482 
13.048945192237      0.000171773428 
13.072820033565      0.000172220785 
13.096688216337      0.000172673648 
13.120549627571      0.000173132118 
13.144404156245      0.000173596296 
13.168251621301      0.000174066284 
13.192091984034      0.000174542186 
13.215925045868      0.000175024108 
13.239750676474      0.000175512154 
13.263568794918      0.000176006435 
13.287379156735      0.000176507058 
13.311181675390      0.000177014133 
13.334976192168      0.000177527773 
13.358762613896      0.000178048092 
13.382540821138      0.000178575204 
13.406310536445      0.000179109221 
13.430071725131      0.000179650264 
13.453824206458      0.000180198447 
13.477567805629      0.000180753891 
13.501302421154      0.000181316714 
13.525027882841      0.000181887037 
13.548744099775      0.000182464982 
13.572450815000      0.000183050670 
13.596147955688      0.000183644224 
13.619835410049      0.000184245769 
13.643512910504      0.000184855426 
13.667180404430      0.000185473323 
13.690837721745      0.000186099583 
13.714484734320      0.000186734334 
13.738121284829      0.000187377700 
13.761747228362      0.000188029808 
13.785362441514      0.000188690785 
13.808966709463      0.000189360756 
13.832560019322      0.000190039851 
13.856142237882      0.000190728197 
13.879713089609      0.000191425917 
13.903272616430      0.000192133144 
13.926820607405      0.000192850002 
13.950356925102      0.000193576617 
13.973881557063      0.000194313119 
13.997394375729      0.000195059635 
14.020895310213      0.000195816292 
14.044384102004      0.000196583213 
14.067860793600      0.000197360526 
14.091325323245      0.000198148361 
14.114777544015      0.000198946839 
14.138217496320      0.000199756092 
14.161645090322      0.000200576244 
14.185060120019      0.000201407416 
14.208462702719      0.000202249739 
14.231852722217      0.000203103336 
14.255230098009      0.000203968331 
14.278594998424      0.000204844858 
14.301947387665      0.000205733040 
14.325287041629      0.000206632996 
14.348614167845      0.000207544860 
14.371928674632      0.000208468754 
14.395230776501      0.000209404812 
14.418520326570      0.000210353156 
14.441797360137      0.000211313912 
14.465062112317      0.000212287218 
14.488314633004      0.000213273202 
14.511554571832      0.000214271976 
14.534782504454      0.000215283694 
14.557998424226      0.000216308482 
14.581202366259      0.000217346472 
14.604394431172      0.000218397795 
14.627574609461      0.000219462275 
14.650743460687      0.000220540717 
14.673900946911      0.000221632572 
14.697046957201      0.000222738356 
14.720181960924      0.000223858494 
14.743305915611      0.000224992452 
14.766419355175      0.000226140797 
14.789522178298      0.000227303599 
14.812614514217      0.000228481024 
14.835696814909      0.000229673236 
14.858769274498      0.000230880391 
14.881832080882      0.000232102643 
14.904885448986      0.000233340148 
14.927929546588      0.000234593060 
14.950964741260      0.000235861543 
14.973991310834      0.000237145757 
14.997009693832      0.000238445871 
15.020019932942      0.000239762033 
15.043022391931      0.000241094411 
15.066017410099      0.000242443172 
15.089005336316      0.000243808488 
15.111986707718      0.000245190538 
15.134961548079      0.000246589474 
15.157930244151      0.000248005465 
15.180893369223      0.000249438692 
15.203851388176      0.000250889324 
15.226804636175      0.000252357522 
15.249753175886      0.000253843427 
15.272697596030      0.000255347212 
15.295638481147      0.000256869050 
15.318576387175      0.000258409109 
15.341511542950      0.000259967539 
15.364444127261      0.000261544481 
15.387374859954      0.000263140114 
15.410304452687      0.000264754618 
15.433233247008      0.000266388149 
15.456161437829      0.000268040850 
15.479089583258      0.000269712892 
15.502018218938      0.000271404439 
15.524948222383      0.000273115677 
15.547879569648      0.000274846714 
15.570812737048      0.000276597686 
15.593748434174      0.000278368735 
15.616687299273      0.000280159989 
15.639629492972      0.000281971531 
15.662575342436      0.000283803452 
15.685525478563      0.000285655865 
15.708480766625      0.000287528904 
15.731441228279      0.000289422639 
15.754406823685      0.000291337129 
15.777378536995      0.000293272519 
15.800356754761      0.000295228889 
15.823341783507      0.000297206299 
15.846333344948      0.000299204735 
15.869332089190      0.000301224246 
15.892338935693      0.000303264897 
15.915353292758      0.000305326619 
15.938375300430      0.000307409417 
15.961405424877      0.000309513344 
15.984444045530      0.000311638469 
16.007490646036      0.000313784808 
16.030545674086      0.000315952501 
16.053609262238      0.000318141695 
16.076681591616      0.000320352573 
16.099762032305      0.000322585262 
16.122851050340      0.000324839998 
16.145949052923      0.000327116992 
16.169055264314      0.000329416307 
16.192170011114      0.000331738066 
16.215293860319      0.000334082368 
16.238425921606      0.000336449114 
16.261566418719      0.000338838270 
16.284716089828      0.000341249822 
16.307873984645      0.000343683570 
16.331040446058      0.000346139474 
16.354216179125      0.000348617599 
16.377400425605      0.000351117960 
16.400593416310      0.000353640803 
16.423795853396      0.000356186552 
16.447007404441      0.000358755613 
16.470228108189      0.000361348474 
16.493458613456      0.000363965662 
16.516698633710      0.000366607501 
16.539948302471      0.000369274205 
16.563208742061      0.000371965908 
16.586479554296      0.000374682382 
16.609760410254      0.000377423263 
16.633052420449      0.000380188297 
16.656356149607      0.000382977219 
16.679670581854      0.000385789720 
16.702997023756      0.000388625976 
16.726335998612      0.000391486265 
16.749686643930      0.000394370814 
16.773050346988      0.000397280118 
16.796427459490      0.000400214409 
16.819817269879      0.000403173531 
16.843221358588      0.000406157330 
16.866639778970      0.000409165200 
16.890071955773      0.000412196307 
16.913519285262      0.000415250064 
16.936981849646      0.000418325862 
16.960459187478      0.000421423262 
16.983952781089      0.000424542350 
17.007462479183      0.000427683189 
17.030987957652      0.000430845878 
17.054526162098      0.000434030042 
17.078072347441      0.000437234809 
17.101626508109      0.000440459602 
17.125189903240      0.000443703665 
17.148761573253      0.000446965659 
17.172341458526      0.000450244213 
17.195931212864      0.000453538180 
17.219529432406      0.000456846097 
17.243136026406      0.000460166846 
17.266752695779      0.000463499722 
17.290377559570      0.000466843625 
17.314011486449      0.000470197856 
17.337654567646      0.000473561541 
17.361306701104      0.000476933668 
17.384968844582      0.000480313252 
17.408638861440      0.000483698796 
17.432318631836      0.000487089367 
17.456007842186      0.000490483799 
17.479705331656      0.000493880965 
17.503413209604      0.000497280396 
17.527130126396      0.000500681340 
17.550855691861      0.000504083350 
17.574591204148      0.000507486326 
17.598335188693      0.000510889810 
17.622088079831      0.000514293583 
17.645850077249      0.000517697309 
17.669621818680      0.000521100613 
17.693402494986      0.000524502814 
17.717191959338      0.000527903250 
17.740990332753      0.000531301257 
17.764798164151      0.000534696236 
17.788614615599      0.000538087431 
17.812439985179      0.000541474320 
17.836274505826      0.000544856468 
17.860118412911      0.000548233548 
17.883971699790      0.000551605330 
17.907833441339      0.000554971581 
17.931704946722      0.000558332527 
17.955585592564      0.000561688261 
17.979474991011      0.000565039049 
18.003375931763      0.000568385728 
18.027285217434      0.000571728391 
18.051204835417      0.000575067923 
18.075133993133      0.000578404837 
18.099073575847      0.000581739859 
18.123021985328      0.000585073316 
18.146980496151      0.000588405837 
18.170944820839      0.000591737212 
18.194908980224      0.000595066910 
18.218873630358      0.000598395276 
18.242838990652      0.000601722543 
18.266804641623      0.000605048846 
18.290771534261      0.000608374510 
18.314738462695      0.000611699560 
18.338705090346      0.000615024127 
18.362672086265      0.000618348402 
18.386640038719      0.000621672483 
18.410606941311      0.000624995998 
18.434573225779      0.000628318823 
18.458539324362      0.000631640779 
18.482505663680      0.000634961667 
18.506471028972      0.000638281147 
18.530436144626      0.000641599292 
18.554400883511      0.000644916277 
18.578363081114      0.000648232217 
18.602323140968      0.000651547763 
18.626281501463      0.000654863681 
18.650238577776      0.000658180730 
18.674192493637      0.000661499274 
18.698142269915      0.000664819481 
18.722088462569      0.000668141757 
18.746031238969      0.000671466135 
18.769971239037      0.000674792608 
18.793906448762      0.000678120806 
18.817837480848      0.000681450761 
18.841764720256      0.000684782525 
18.865688139523      0.000688116132 
18.889604376599      0.000691451107 
18.913513651661      0.000694787272 
18.937416276625      0.000698124154 
18.961312966363      0.000701460994 
18.985201957881      0.000704796413 
19.009081055618      0.000708128863 
19.032950255708      0.000711457209 
19.056810609942      0.000714780745 
19.080660886623      0.000718098807 
19.104499974137      0.000721411103 
19.128328467907      0.000724717852 
19.152143427044      0.000728018964 
19.175943298212      0.000731314732 
19.199728836728      0.000734606102 
19.223500865726      0.000737894538 
19.247255456537      0.000741181381 
19.270992547713      0.000744468815 
19.294713506021      0.000747759130 
19.318419910559      0.000751054038 
19.342109551186      0.000754353773 
19.365783393303      0.000757658095 
19.389442705912      0.000760966300 
19.413082161215      0.000764276885 
19.436704050545      0.000767589945 
19.460310659155      0.000770906164 
19.483896419921      0.000774225424 
19.507463570668      0.000777548434 
19.531015133491      0.000780875287 
19.554548112313      0.000784204386 
19.578066083593      0.000787534505 
19.601562965810      0.000790863087 
19.625040238033      0.000794189311 
19.648499214056      0.000797513418 
19.671937174176      0.000800836179 
19.695352614190      0.000804159282 
19.718753360844      0.000807485971 
19.742127638812      0.000810816686 
19.765482266980      0.000814154410 
19.788819926490      0.000817501577 
19.812132550972      0.000820859274 
19.835427417627      0.000824230941 
19.858702431888      0.000827618587 
19.881962295207      0.000831024638 
19.905190950907      0.000834447459 
19.928383720622      0.000837885746 
19.951550097098      0.000841339222 
19.974696734576      0.000844806971 
19.997829673530      0.000848288801 
20.020945690657      0.000851784612 
20.044049901021      0.000855296779 
20.067143046068      0.000858827240 
20.090210433232      0.000862374800 
20.113257211218      0.000865940233 
20.136272999347      0.000869521549 
20.159261228352      0.000873119190 
20.182219119326      0.000876732785 
20.205143638890      0.000880361118 
20.228042904109      0.000884003403 
20.250905498852      0.000887655668 
20.273736181092      0.000891318664 
20.296544397858      0.000894997358 
20.319334223740      0.000898698304 
20.342108082672      0.000902427489 
20.364876752271      0.000906189634 
20.387624188000      0.000909982187 
20.410337969306      0.000913801524 
20.433012514654      0.000917644437 
20.455658330079      0.000921509449 
20.478262007162      0.000925389880 
20.500835631998      0.000929283390 
20.523390493631      0.000933189792 
20.545907563095      0.000937106933 
20.568396617917      0.000941038420 
20.590871780369      0.000944985473 
20.613323634160      0.000948940735 
20.635769647330      0.000952899608 
20.658206772188      0.000956855870 
20.680606469511      0.000960802172 
20.702971458287      0.000964738005 
20.725300181172      0.000968661980 
20.747587361180      0.000972573144 
20.769835609798      0.000976474677 
20.792061969169      0.000980373979 
20.814280938936      0.000984276184 
20.836463335427      0.000988174596 
20.858632296853      0.000992067958 
20.880773768239      0.000995948161 
20.902908663261      0.000999815034 
20.925059875896      0.001003670172 
20.947205297800      0.001007507447 
20.969321130741      0.001011319948 
20.991400361429      0.001015103753 
21.013448333590      0.001018857817 
21.035462347513      0.001022580251 
21.057462250157      0.001026272205 
21.079480850732      0.001029935804 
21.101490089556      0.001033563667 
21.123489972171      0.001037155379 
21.145473664126      0.001040711523 
21.167461114470      0.001044237126 
21.189492215412      0.001047738104 
21.211576965038      0.001051213065 
21.233659699978      0.001054649403 
21.255721026650      0.001058040316 
21.277770842182      0.001061383092 
21.299820484620      0.001064673962 
21.321870125887      0.001067906185 
21.343945498116      0.001071075648 
21.366082161126      0.001074179232 
21.388225313965      0.001077202233 
21.410383280609      0.001080139931 
21.432549128261      0.001082985528 
21.454747026073      0.001085736564 
21.477011767124      0.001088392602 
21.499381473672      0.001090955865 
21.521787700560      0.001093419986 
21.544229656447      0.001095788859 
21.566678040345      0.001098062575 
21.589165610254      0.001100245495 
21.611688146131      0.001102336152 
21.634249986600      0.001104333644 
21.656876633852      0.001106239314 
21.679561426881      0.001108051554 
21.702313060800      0.001109768537 
21.725111576362      0.001111383588 
21.747913597226      0.001112886832 
21.770769346132      0.001114273561 
21.793696209803      0.001115538787 
21.816661315199      0.001116678944 
21.839671480898      0.001117697438 
21.862745879627      0.001118598527 
21.885871270370      0.001119383787 
21.909073853357      0.001120053059 
21.932313272297      0.001120603319 
21.955589127012      0.001121033146 
21.978921687234      0.001121344083 
22.002296291527      0.001121538792 
22.025718593570      0.001121622023 
22.049192369193      0.001121598670 
22.072745443495      0.001121472405 
22.096355790813      0.001121246747 
22.120019218969      0.001120925182 
22.143711677845      0.001120511790 
22.167434651989      0.001120010224 
22.191189448551      0.001119422080 
22.214966888233      0.001118745578 
22.238766388213      0.001117974437 
22.262550116237      0.001117100691 
22.286302471673      0.001116118747 
22.310022160669      0.001115027212 
22.333720639989      0.001113830071 
22.357401371191      0.001112534423 
22.381063400437      0.001111146165 
22.404707274750      0.001109667680 
22.428341975967      0.001108024327 
22.451969284380      0.001106268612 
22.475596915957      0.001104427544 
22.499216444429      0.001102513827 
22.522843048980      0.001100531093 
22.546477440333      0.001098482196 
22.570128132215      0.001096370556 
22.593787576930      0.001094205532 
22.617465563035      0.001091999417 
22.641159519393      0.001089767390 
22.664875033308      0.001087520887 
22.688617719368      0.001085264486 
22.712394444699      0.001082999278 
22.736203361348      0.001080726868 
22.760029586432      0.001078450336 
22.783792168612      0.001076181362 
22.807509426914      0.001073918768 
22.831200517660      0.001071657937 
22.854843408366      0.001069398919 
22.878447237435      0.001067141444 
22.901972332592      0.001064895691 
22.925430757071      0.001062670369 
22.948810486176      0.001060477408 
22.972093341636      0.001058327168 
22.995289459360      0.001056222816 
23.018411090433      0.001054163713 
23.041451952915      0.001052151749 
23.064404506325      0.001050192099 
23.087276761853      0.001048289989 
23.110029157838      0.001046453062 
23.132666358766      0.001044681694 
23.155192503508      0.001042974782 
23.177587704362      0.001041335550 
23.199849010446      0.001039766386 
23.221977785804      0.001038266229 
23.243978699028      0.001036831252 
23.265851061046      0.001035457693 
23.287583122539      0.001034199916 
23.309171345244      0.001033033663 
23.330604454945      0.001031935908 
23.351850739398      0.001030901717 
23.372898118447      0.001029930141 
23.393757790851      0.001029013508 
23.414443435533      0.001028139669 
23.434971117066      0.001027299558 
23.455349478899      0.001026489376 
23.475595122187      0.001025709938 
23.495716116165      0.001024963621 
23.515726182184      0.001024249483 
23.535616464580      0.001023565388 
23.555387888465      0.001022911025 
23.575050707468      0.001022287602 
23.594607997267      0.001021697726 
23.614070211699      0.001021143399 
23.633440566550      0.001020623110 
23.652730669421      0.001020133072 
23.671948071683      0.001019669804 
23.691103675059      0.001019232624 
23.710199663421      0.001018823440 
23.729252544048      0.001018444883 
23.748260511143      0.001018098397 
23.767235732297      0.001017781363 
23.786187319819      0.001017489334 
23.805121601792      0.001017217687 
23.824053546145      0.001016965638 
23.842976477366      0.001016737198 
23.861905695066      0.001016539801 
23.880848458802      0.001016379279 
23.899802302704      0.001016258269 
23.918777997316      0.001016177645 
23.937780774167      0.001016134839 
23.956796514065      0.001016128282 
23.975832941040      0.001016156256 
23.994892057327      0.001016218547 
24.013985456149      0.001016316224 
24.033118411625      0.001016449296 
24.052290278062      0.001016620041 
24.071520649410      0.001016827806 
24.090803767106      0.001017071253 
24.110152298405      0.001017348516 
24.129574923337      0.001017654890 
24.149079870008      0.001017989125 
24.168682018212      0.001018350049 
24.188370471350      0.001018739596 
24.208167075728      0.001019160004 
24.228070826952      0.001019609068 
24.248085522331      0.001020086191 
24.268224727992      0.001020588287 
24.288484712322      0.001021113916 
24.308881205961      0.001021662665 
24.329410366557      0.001022233388 
24.350076784631      0.001022826393 
24.370791019418      0.001023438234 
24.391453258748      0.001024067699 
24.412082865772      0.001024714144 
24.432692321200      0.001025375508 
24.453302057093      0.001026049945 
24.473919361199      0.001026735039 
24.494566772964      0.001027430232 
24.515250033348      0.001028134054 
24.535990411787      0.001028846927 
24.556790634168      0.001029568409 
24.577670000251      0.001030297534 
24.598628222857      0.001031031540 
24.619659247881      0.001031765979 
24.640759179116      0.001032498316 
24.661920002603      0.001033228610 
24.683137485325      0.001033959262 
24.704413555954      0.001034692548 
24.725748997012      0.001035428787 
24.747144507631      0.001036168823 
24.768599829429      0.001036911385 
24.790114906899      0.001037654619 
24.811689235322      0.001038393952 
24.833322728062      0.001039125447 
24.855015291166      0.001039806632 
24.876769084268      0.001040456361 
24.898583087130      0.001041099306 
24.920458811423      0.001041740013 
24.942397588595      0.001042377305 
24.964401566839      0.001043010976 
24.986473134614      0.001043643408 
25.008610296163      0.001044278570 
25.030813712901      0.001044920640 
25.053086931890      0.001045574167 
25.075431525612      0.001046243262 
25.097847687550      0.001046930605 
25.120338309718      0.001047636700 
25.142901074179      0.001048361622 
25.165535408436      0.001049108185 
25.188244159609      0.001049882740 
25.211023637584      0.001050692317 
25.233872595113      0.001051541288 
25.256791611178      0.001052431900 
25.279778097607      0.001053365681 
25.302833722137      0.001054342757 
25.325952635729      0.001055361267 
25.349134320909      0.001056418851 
25.372379121629      0.001057514564 
25.395685966395      0.001058647156 
25.419052180119      0.001059812523 
25.442476845588      0.001061005373 
25.465961075218      0.001062220179 
25.489505033420      0.001063449968 
25.513108470442      0.001064688055 
25.536772228688      0.001065930947 
25.560498757181      0.001067175765 
25.584290051287      0.001068413912 
25.608149355896      0.001069630903 
25.632072591486      0.001070815103 
25.656015336239      0.001071962137 
25.679980924990      0.001073073843 
25.703977180940      0.001074150183 
25.728004050984      0.001075186792 
25.752039050586      0.001076177591 
25.776014219500      0.001077118917 
25.799932313719      0.001078014849 
25.823798571306      0.001078873354 
25.847617005515      0.001079701628 
25.871391748625      0.001080503276 
25.895133429946      0.001081278441 
25.918851175884      0.001082025891 
25.942553086175      0.001082747454 
25.966242314033      0.001083448853 
25.989925607362      0.001084136588 
26.013610499087      0.001084818199 
26.037307374964      0.001085503827 
26.061021304952      0.001086204924 
26.084759485642      0.001086929130 
26.108503729006      0.001087675946 
26.132233588308      0.001088440346 
26.155953187197      0.001089219036 
26.179659961742      0.001090013578 
26.203363140453      0.001090827628 
26.227071313085      0.001091661079 
26.250793299858      0.001092508356 
26.274535654520      0.001093360781 
26.298305499527      0.001094211577 
26.322108481582      0.001095057100 
26.345949708751      0.001095896145 
26.369832546560      0.001096728845 
26.393759931897      0.001097555038 
26.417681284924      0.001098372939 
26.441583971831      0.001099180592 
26.465465471035      0.001099975205 
26.489327012844      0.001100751037 
26.513169224817      0.001101500560 
26.536992927305      0.001102219951 
26.560797848262      0.001102913261 
26.584578665101      0.001103589046 
26.608335790702      0.001104252072 
26.632067771859      0.001104898003 
26.655780081716      0.001105516403 
26.679469761653      0.001106099037 
26.703142873875      0.001106643693 
26.726801231192      0.001107152516 
26.750450643818      0.001107629844 
26.774087238793      0.001108077729 
26.797720396669      0.001108493999 
26.821345609408      0.001108876178 
26.844970338316      0.001109222173 
26.868595756379      0.001109527993 
26.892228575425      0.001109794039 
26.915865611001      0.001110032686 
26.939512523503      0.001110258656 
26.963171982783      0.001110472456 
26.986845199674      0.001110661587 
27.010537491458      0.001110815822 
27.034252590392      0.001110933882 
27.057990289908      0.001111020250 
27.081752642086      0.001111083006 
27.105542963678      0.001111127910 
27.129356951457      0.001111155002 
27.153196303416      0.001111163371 
27.177060311381      0.001111153622 
27.200948796027      0.001111130296 
27.224857818308      0.001111098650 
27.248784911537      0.001111059553 
27.272726573697      0.001111011605 
27.296680049714      0.001110953897 
27.320640845652      0.001110891656 
27.344610064174      0.001110831483 
27.368586158993      0.001110774501 
27.392568168261      0.001110719911 
27.416556215260      0.001110665846 
27.440548957917      0.001110605925 
27.464545860894      0.001110530262 
27.488548566557      0.001110433808 
27.512561642282      0.001110320243 
27.536589371609      0.001110192239 
27.560637742046      0.001110045867 
27.584709807478      0.001109873043 
27.608813804907      0.001109667561 
27.632923833031      0.001109429722 
27.657019631510      0.001109161642 
27.681108533148      0.001108866095 
27.705195385323      0.001108548614 
27.729287414056      0.001108213768 
27.753392912750      0.001107861209 
27.777506818044      0.001107484730 
27.801630666709      0.001107077785 
27.825770944719      0.001106640134 
27.849933294649      0.001106176896 
27.874121516295      0.001105690126 
27.898340033641      0.001105172540 
27.922593229259      0.001104615611 
27.946876263134      0.001104021256 
27.971189213291      0.001103398094 
27.995534637137      0.001102754265 
28.019899456079      0.001102097315 
28.044274667493      0.001101430339 
28.068660342017      0.001100749200 
28.093051460102      0.001100048833 
28.117435929421      0.001099328957 
28.141814216081      0.001098592336 
28.166186801419      0.001097840837 
28.190554115089      0.001097074827 
28.214916500932      0.001096298339 
28.239274310601      0.001095520046 
28.263628394434      0.001094745311 
28.287979443238      0.001093972718 
28.312328515016      0.001093201818 
28.336674869804      0.001092438481 
28.361017050934      0.001091690337 
28.385356111408      0.001090959357 
28.409693612634      0.001090240787 
28.434030364134      0.001089529821 
28.458367292854      0.001088827510 
28.482705652335      0.001088138577 
28.507046755972      0.001087465438 
28.531391794701      0.001086804691 
28.555742143546      0.001086147813 
28.580082127164      0.001085486941 
28.604407037690      0.001084817913 
28.628716284417      0.001084140973 
28.652999023411      0.001083458937 
28.677238984103      0.001082774369 
28.701431265554      0.001082085091 
28.725586380959      0.001081384704 
28.749705305074      0.001080670526 
28.773800268430      0.001079945499 
28.797884925291      0.001079215652 
28.821944649371      0.001078486833 
28.846001241364      0.001077762056 
28.870036551218      0.001077042809 
28.894072593052      0.001076325239 
28.918102680048      0.001075603952 
28.942138841439      0.001074874006 
28.966162102211      0.001074133886 
28.990178198263      0.001073381700 
29.014172540574      0.001072616792 
29.038164783698      0.001071838179 
29.062148009537      0.001071045663 
29.086125585862      0.001070236516 
29.110094061413      0.001069406338 
29.134054390985      0.001068549510 
29.158009686956      0.001067661612 
29.181974780997      0.001066742019 
29.205951632406      0.001065794440 
29.229949031424      0.001064821584 
29.253967194671      0.001063821531 
29.278006190994      0.001062788893 
29.302053494582      0.001061721028 
29.326112688358      0.001060620971 
29.350181348273      0.001059495235 
29.374257059156      0.001058349288 
29.398336590928      0.001057185652 
29.422419636099      0.001056006212 
29.446513898450      0.001054812119 
29.470622821515      0.001053602034 
29.494744873539      0.001052372529 
29.518880232630      0.001051120915 
29.543032839401      0.001049847705 
29.567195162703      0.001048555618 
29.591382632227      0.001047245165 
29.615596467015      0.001045918864 
29.639830653274      0.001044579521 
29.664092882272      0.001043226750 
29.688368350945      0.001041863205 
29.712655012640      0.001040494314 
29.736949958000      0.001039125649 
29.761256568553      0.001037759174 
29.785576008423      0.001036394252 
29.809905290348      0.001035030855 
29.834243476171      0.001033669312 
29.858583821048      0.001032309399 
29.882898646250      0.001030952426 
29.907186877155      0.001029599411 
29.931453879338      0.001028252277 
29.955705052118      0.001026912460 
29.979944264565      0.001025579840 
30.004176979368      0.001024253186 
30.028407982734      0.001022930999 
30.052642320065      0.001021611670 
30.076883626753      0.001020294958 
30.101136241327      0.001018983245 
30.125403671276      0.001017681365 
30.149689234137      0.001016393932 
30.173995483218      0.001015122373 
30.198303360031      0.001013865620 
30.222602591437      0.001012620543 
30.246902414886      0.001011384306 
30.271192524278      0.001010157529 
30.295457282605      0.001008941979 
30.319677502056      0.001007739899 
30.343886146088      0.001006550179 
30.368093532413      0.001005372210 
30.392291428227      0.001004204383 
30.416507074614      0.001003042120 
30.440676714814      0.001001890926 
30.464830882773      0.001000751622 
30.488991205739      0.000999620103 
30.513095122729      0.000998494746 
30.537169769178      0.000997370957 
30.561243480502      0.000996246720 
30.585297658684      0.000995125875 
30.609341707203      0.000994010055 
30.633359387370      0.000992901145 
30.657326320106      0.000991801848 
30.681264637199      0.000990709680 
30.705144948623      0.000989622257 
30.728966415085      0.000988535504 
30.752746263740      0.000987446609 
30.776485807121      0.000986357595 
30.800178715380      0.000985272736 
30.823811521223      0.000984194408 
30.847367780798      0.000983159114 
30.870811938862      0.000982156406 
30.894154300267      0.000981159107 
30.917407292040      0.000980156182 
30.940585177512      0.000979146472 
30.963703256442      0.000978130101 
30.986777069573      0.000977104789 
31.009819866933      0.000976065196 
31.032846452441      0.000975008153 
31.055872437075      0.000973934026 
31.078909536212      0.000972845732 
31.101973163212      0.000971745032 
31.125073181751      0.000970631655 
31.148209657139      0.000969506052 
31.171385743692      0.000968367883 
31.194609779853      0.000967217071 
31.217890248658      0.000966053406 
31.241230183562      0.000964876711 
31.264637323081      0.000963686691 
31.288115704736      0.000962483063 
31.311671027279      0.000961265411 
31.335300501419      0.000960034268 
31.359006693964      0.000958791162 
31.382792768052      0.000957538158 
31.406659938377      0.000956276002 
31.430608338523      0.000955003740 
31.454612752937      0.000953721676 
31.478672445149      0.000952430521 
31.502787530937      0.000951134338 
31.526954182625      0.000949839480 
31.551170184256      0.000948551421 
31.575435377755      0.000947273217 
31.599747771574      0.000946006059 
31.624097455138      0.000944751164 
31.648448179567      0.000943510978 
31.672793622084      0.000942285107 
31.697135589659      0.000941073482 
31.721470291483      0.000939879290 
31.745797755356      0.000938707005 
31.770110310144      0.000937560690 
31.794404341991      0.000936441928 
31.818685817576      0.000935349895 
31.842962542792      0.000934283207 
31.867241699387      0.000933240104 
31.891516150828      0.000932218787 
31.915770051264      0.000931217035 
31.940010066254      0.000930231350 
31.964242702291      0.000929260258 
31.988473521223      0.000928304383 
32.012709344565      0.000927365526 
32.036935178537      0.000926446768 
32.061151857248      0.000925548640 
32.085365751071      0.000924667051 
32.109582483384      0.000923795834 
32.133807887702      0.000922929026 
32.158019128315      0.000922065227 
32.182212781403      0.000921205249 
32.206395879491      0.000920352340 
32.230577235337      0.000919507914 
32.254761798811      0.000918672261 
32.278957190290      0.000917843847 
32.303140297933      0.000917022832 
32.327316240768      0.000916207854 
32.351492418733      0.000915397531 
32.375675607966      0.000914590260 
32.399874874744      0.000913785295 
32.424078737917      0.000912984647 
32.448291448265      0.000912190852 
32.472520580980      0.000911404839 
32.496772773257      0.000910625087 
32.521054684337      0.000909849001 
32.545344256532      0.000909076172 
32.569644657133      0.000908305932 
32.593936218007      0.000907539135 
32.618212314329      0.000906776652 
32.642466589613      0.000906019534 
32.666639910107      0.000905271867 
32.690734457113      0.000904535284 
32.714770906759      0.000903809677 
32.738751434803      0.000903094157 
32.762694231798      0.000902386823 
32.786610949156      0.000901685432 
32.810496032869      0.000900988711 
32.834344623946      0.000900296280 
32.858158163272      0.000899609043 
32.881960497860      0.000898928452 
32.905768458531      0.000898256122 
32.929581251047      0.000897593540 
32.953403965916      0.000896939597 
32.977263787542      0.000896291152 
33.001162619608      0.000895645312 
33.025097230237      0.000894999786 
33.049072584106      0.000894353139 
33.073101747085      0.000893705030 
33.097192499889      0.000893055624 
33.121358067056      0.000892403604 
33.145573860473      0.000891748769 
33.169810465900      0.000891091457 
33.194065615677      0.000890432337 
33.218339685103      0.000889772493 
33.242612875567      0.000889113879 
33.266882907784      0.000888456444 
33.291149855028      0.000887799190 
33.315395215725      0.000887143010 
33.339613201624      0.000886489506 
33.363806650065      0.000885839929 
33.387977470791      0.000885194613 
33.412126346459      0.000884552832 
33.436256081032      0.000883913339 
33.460367180345      0.000883275812 
33.484461961645      0.000882640408 
33.508543008446      0.000882007969 
