    time           T_x           T_y           T_z      
 0.0050000000 -0.0027031529 -7.0098025276 -0.0008100185 
 0.0132500000 -0.0039544820  4.1749414182 -0.0008100389 
 0.0270000000 -0.0027897450  0.1226202219 -0.0008100795 
 0.0421250000 -0.0036187514 -0.0162290773 -0.0008101284 
 0.0587625000 -0.0032944023 -0.0023421771 -0.0008101877 
 0.0770637500 -0.0032761015 -0.0015891251 -0.0008102587 
 0.0971951250 -0.0032393178 -0.0017020610 -0.0008103414 
 0.1193396375 -0.0031851726 -0.0018847374 -0.0008104363 
 0.1436986013 -0.0031230388 -0.0020519337 -0.0008105438 
 0.1704934614 -0.0030531370 -0.0022091536 -0.0008106640 
 0.1999678075 -0.0029720807 -0.0023850297 -0.0008107973 
 0.2323895883 -0.0028774263 -0.0025866757 -0.0008109433 
 0.2680535471 -0.0027675614 -0.0028087375 -0.0008111018 
 0.3072839018 -0.0026378251 -0.0031012345 -0.0008112745 
 0.3504372920 -0.0024986272 -0.0033054352 -0.0008114595 
 0.3979060212 -0.0023284186 -0.0035945084 -0.0008116554 
 0.4468109273 -0.0021550205 -0.0038850688 -0.0008118510 
 0.4957262924 -0.0019674608 -0.0041612761 -0.0008120408 
 0.5446517838 -0.0017669287 -0.0044299925 -0.0008122235 
 0.5935864640 -0.0015600564 -0.0046929911 -0.0008123980 
 0.6425299611 -0.0013461640 -0.0049488301 -0.0008125638 
 0.6914815060 -0.0011248546 -0.0051971895 -0.0008127205 
 0.7404406749 -0.0008964085 -0.0054379774 -0.0008128683 
 0.7894068641 -0.0006610430 -0.0056710301 -0.0008130075 
 0.8383795897 -0.0004189311 -0.0058961842 -0.0008131383 
 0.8873584089 -0.0001702550 -0.0061132926 -0.0008132613 
 0.9363427711  0.0000847982 -0.0063222133 -0.0008133767 
 0.9853323910  0.0003460421 -0.0065228062 -0.0008134851 
 1.0343266462  0.0006132816 -0.0067149351 -0.0008135870 
 1.0833254047  0.0008863247 -0.0068984648 -0.0008136827 
 1.1323279519  0.0011649654 -0.0070732661 -0.0008137727 
 1.1813342021  0.0014490036 -0.0072392081 -0.0008138575 
 1.2303435697  0.0017382236 -0.0073961691 -0.0008139375 
 1.2793559017  0.0020324140 -0.0075440251 -0.0008140132 
 1.3283707788  0.0023313515 -0.0076826611 -0.0008140848 
 1.3773879423  0.0026348122 -0.0078119624 -0.0008141527 
 1.4264071378  0.0029425658 -0.0079318212 -0.0008142174 
 1.4754279967  0.0032543762 -0.0080421337 -0.0008142792 
 1.5244504296  0.0035700066 -0.0081428006 -0.0008143384 
 1.5734739509  0.0038892096 -0.0082337304 -0.0008143952 
 1.6224985399  0.0042117417 -0.0083148329 -0.0008144500 
 1.6715237367  0.0045373471 -0.0083860297 -0.0008145031 
 1.7205494879  0.0048657744 -0.0084472423 -0.0008145546 
 1.7695755170  0.0051967630 -0.0084984044 -0.0008146049 
 1.8186016268  0.0055300522 -0.0085394522 -0.0008146541 
 1.8676277314  0.0058653791 -0.0085703301 -0.0008147025 
 1.9166534799  0.0062024749 -0.0085909908 -0.0008147503 
 1.9656788986  0.0065410741 -0.0086013898 -0.0008147976 
 2.0147035838  0.0068809025 -0.0086014961 -0.0008148446 
 2.0637275359  0.0072216912 -0.0085912785 -0.0008148914 
 2.1127505809  0.0075631657 -0.0085707199 -0.0008149383 
 2.1617725286  0.0079050513 -0.0085398064 -0.0008149853 
 2.2107934404  0.0082470756 -0.0084985317 -0.0008150326 
 2.2598128781  0.0085889592 -0.0084469012 -0.0008150803 
 2.3088309257  0.0089304306 -0.0083849194 -0.0008151285 
 2.3578474010  0.0092712124 -0.0083126074 -0.0008151772 
 2.4068621790  0.0096110302 -0.0082299876 -0.0008152267 
 2.4558753580  0.0099496120 -0.0081370907 -0.0008152769 
 2.5048865037  0.0102866807 -0.0080339597 -0.0008153279 
 2.5538957271  0.0106219678 -0.0079206351 -0.0008153799 
 2.6029029439  0.0109552019 -0.0077971745 -0.0008154328 
 2.6519079821  0.0112861132 -0.0076636377 -0.0008154867 
 2.7009109178  0.0116144370 -0.0075200901 -0.0008155417 
 2.7499114992  0.0119399064 -0.0073666099 -0.0008155978 
 2.7989097316  0.0122622602 -0.0072032753 -0.0008156551 
 2.8479057416  0.0125812400 -0.0070301745 -0.0008157136 
 2.8968991186  0.0128965851 -0.0068474070 -0.0008157733 
 2.9458900032  0.0132080444 -0.0066550674 -0.0008158342 
 2.9948784279  0.0135153669 -0.0064532672 -0.0008158964 
 3.0438641263  0.0138183028 -0.0062421221 -0.0008159599 
 3.0928472115  0.0141166098 -0.0060217477 -0.0008160248 
 3.1418276541  0.0144100472 -0.0057922735 -0.0008160909 
 3.1908052871  0.0146983768 -0.0055538319 -0.0008161584 
 3.2397802076  0.0149813673 -0.0053065580 -0.0008162273 
 3.2887523535  0.0152587893 -0.0050505978 -0.0008162975 
 3.3377216142  0.0155304175 -0.0047861000 -0.0008163690 
 3.3866880811  0.0157960326 -0.0045132169 -0.0008164420 
 3.4356516927  0.0160554185 -0.0042321102 -0.0008165162 
 3.4846123491  0.0163083630 -0.0039429441 -0.0008165919 
 3.5335701481  0.0165546605 -0.0036458858 -0.0008166689 
 3.5825250588  0.0167941087 -0.0033411116 -0.0008167473 
 3.6314769480  0.0170265099 -0.0030288005 -0.0008168271 
 3.6804259311  0.0172516726 -0.0027091329 -0.0008169082 
 3.7293720421  0.0174694099 -0.0023822977 -0.0008169906 
 3.7783150677  0.0176795385 -0.0020484887 -0.0008170744 
 3.8272551531  0.0178818823 -0.0017078968 -0.0008171595 
 3.8761924280  0.0180762703 -0.0013607226 -0.0008172460 
 3.9251265547  0.0182625345 -0.0010071740 -0.0008173337 
 3.9740577194  0.0184405142 -0.0006474502 -0.0008174228 
 4.0229861210  0.0186100552 -0.0002817629 -0.0008175132 
 4.0719113733  0.0187710056  0.0000896686 -0.0008176049 
 4.1208336542  0.0189232205  0.0004666362 -0.0008176979 
 4.1697531150  0.0190665621  0.0008489184 -0.0008177921 
 4.2186695723  0.0192008958  0.0012362897 -0.0008178876 
 4.2675830528  0.0193260932  0.0016285293 -0.0008179844 
 4.3164936613  0.0194420325  0.0020254100 -0.0008180824 
 4.3654014578  0.0195485969  0.0024267016 -0.0008181817 
 4.4143062162  0.0196456749  0.0028321697 -0.0008182822 
 4.4632081159  0.0197331606  0.0032415854 -0.0008183840 
 4.5121073857  0.0198109553  0.0036547126 -0.0008184869 
 4.5610036042  0.0198789648  0.0040713064 -0.0008185911 
 4.6098969858  0.0199370992  0.0044911363 -0.0008186965 
 4.6587876785  0.0199852777  0.0049139587 -0.0008188031 
 4.7076687985  0.0200234277  0.0053394363 -0.0008189108 
 4.7565392742  0.0200514586  0.0057673827 -0.0008190198 
 4.8053996759  0.0200693247  0.0061975341 -0.0008191299 
 4.8542508558  0.0200769714  0.0066296360 -0.0008192412 
 4.9030911620  0.0200743528  0.0070634190 -0.0008193537 
 4.9519215577  0.0200614148  0.0074986706 -0.0008194673 
 5.0007426747  0.0200381277  0.0079351327 -0.0008195821 
 5.0495540475  0.0200044597  0.0083725459 -0.0008196980 
 5.0983555153  0.0199603809  0.0088106699 -0.0008198151 
 5.1471476651  0.0199058699  0.0092492624 -0.0008199333 
 5.1959314913  0.0198409113  0.0096880799 -0.0008200526 
 5.2447051700  0.0197655048  0.0101268423 -0.0008201731 
 5.2934697525  0.0196796299  0.0105653383 -0.0008202948 
 5.3422258187  0.0195832980  0.0110033087 -0.0008204175 
 5.3909732394  0.0194765155  0.0114405001 -0.0008205415 
 5.4397114980  0.0193592944  0.0118766652 -0.0008206665 
 5.4884413166  0.0192316471  0.0123115704 -0.0008207927 
 5.5371636257  0.0190935978  0.0127449718 -0.0008209201 
 5.5858770403  0.0189451854  0.0131766003 -0.0008210486 
 5.6345822910  0.0187864279  0.0136062390 -0.0008211783 
 5.6832797905  0.0186173719  0.0140336374 -0.0008213092 
 5.7319701609  0.0184380580  0.0144585584 -0.0008214412 
 5.7806521211  0.0182485460  0.0148807427 -0.0008215744 
 5.8293266342  0.0180488740  0.0152999764 -0.0008217088 
 5.8779944184  0.0178391082  0.0157160168 -0.0008218444 
 5.9266549996  0.0176193185  0.0161286168 -0.0008219813 
 5.9753081924  0.0173895695  0.0165375480 -0.0008221193 
 6.0239546832  0.0171499322  0.0169425844 -0.0008222586 
 6.0725954820  0.0169004843  0.0173434990 -0.0008223991 
 6.1212290927  0.0166413271  0.0177400381 -0.0008225408 
 6.1698563550  0.0163725286  0.0181320003 -0.0008226838 
 6.2184776967  0.0160941920  0.0185191527 -0.0008228282 
 6.2670938727  0.0158064103  0.0189012769 -0.0008229738 
 6.3157034641  0.0155093038  0.0192781328 -0.0008231207 
 6.3643075180  0.0152029582  0.0196495257 -0.0008232689 
 6.4129067077  0.0148874942  0.0200152329 -0.0008234185 
 6.4615008938  0.0145630331  0.0203750347 -0.0008235695 
 6.5100895665  0.0142296976  0.0207287186 -0.0008237218 
 6.5586735435  0.0138876035  0.0210760860 -0.0008238755 
 6.6072537361  0.0135368818  0.0214169310 -0.0008240307 
 6.6558291423  0.0131776832  0.0217510346 -0.0008241872 
 6.7044001266  0.0128101316  0.0220782094 -0.0008243453 
 6.7529672847  0.0124343724  0.0223982570 -0.0008245048 
 6.8015317545  0.0120505457  0.0227109876 -0.0008246658 
 6.8500917391  0.0116588317  0.0230161867 -0.0008248284 
 6.8986483636  0.0112593542  0.0233136897 -0.0008249925 
 6.9472021166  0.0108522862  0.0236033024 -0.0008251582 
 6.9957536476  0.0104377858  0.0238848446 -0.0008253255 
 7.0443016938  0.0100160396  0.0241581248 -0.0008254944 
 7.0928473075  0.0095871947  0.0244229835 -0.0008256650 
 7.1413911807  0.0091514339  0.0246792433 -0.0008258373 
 7.1899332448  0.0087089417  0.0249267311 -0.0008260113 
 7.2384729756  0.0082599044  0.0251652799 -0.0008261870 
 7.2870112351  0.0078044952  0.0253947357 -0.0008263645 
 7.3355488981  0.0073429049  0.0256149391 -0.0008265438 
 7.3840852143  0.0068753433  0.0258257265 -0.0008267250 
 7.4326203638  0.0064019957  0.0260269541 -0.0008269080 
 7.4811550247  0.0059230604  0.0262184759 -0.0008270930 
 7.5296902407  0.0054387351  0.0264001505 -0.0008272799 
 7.5782246561  0.0049492540  0.0265718271 -0.0008274688 
 7.6267590810  0.0044548009  0.0267333832 -0.0008276597 
 7.6752940271  0.0039555975  0.0268846837 -0.0008278526 
 7.7238305541  0.0034518503  0.0270256046 -0.0008280477 
 7.7723670086  0.0029438109  0.0271560121 -0.0008282449 
 7.8209045663  0.0024316676  0.0272758017 -0.0008284443 
 7.8694437540  0.0019156585  0.0273848534 -0.0008286459 
 7.9179851570  0.0013960074  0.0274830585 -0.0008288498 
 7.9665276897  0.0008729650  0.0275703071 -0.0008290560 
 8.0150723734  0.0003467402  0.0276465066 -0.0008292645 
 8.0636198548 -0.0001824235  0.0277115571 -0.0008294754 
 8.1121702397 -0.0007142829  0.0277653662 -0.0008296889 
 8.1607229491 -0.0012485889  0.0278078466 -0.0008299048 
 8.2092788630 -0.0017851137  0.0278389202 -0.0008301232 
 8.2578387259 -0.0023236085  0.0278585075 -0.0008303443 
 8.3064022690 -0.0028638141  0.0278665342 -0.0008305680 
 8.3549693144 -0.0034054812  0.0278629349 -0.0008307944 
 8.4035406266 -0.0039483662  0.0278476484 -0.0008310237 
 8.4521170133 -0.0044922150  0.0278206153 -0.0008312557 
 8.5006979172 -0.0050367548  0.0277817819 -0.0008314906 
 8.5492834744 -0.0055817356  0.0277311041 -0.0008317285 
 8.5978743536 -0.0061269004  0.0276685389 -0.0008319693 
 8.6464713973 -0.0066719899  0.0275940482 -0.0008322133 
 8.6950738888 -0.0072167215  0.0275076002 -0.0008324604 
 8.7436820319 -0.0077608404  0.0274091717 -0.0008327106 
 8.7922962828 -0.0083040786  0.0272987409 -0.0008329642 
 8.8409170741 -0.0088461660  0.0271762919 -0.0008332210 
 8.8895431622 -0.0093868090  0.0270418183 -0.0008334813 
 8.9381745647 -0.0099257470  0.0268953200 -0.0008337451 
 8.9868113419 -0.0104627001  0.0267367992 -0.0008340123 
 9.0354540847 -0.0109973985  0.0265662641 -0.0008342833 
 9.0841010218 -0.0115295335  0.0263837345 -0.0008345579 
 9.1327526021 -0.0120588527  0.0261892342 -0.0008348362 
 9.1814088465 -0.0125850663  0.0259827889 -0.0008351185 
 9.2300699798 -0.0131078979  0.0257644330 -0.0008354046 
 9.2787344852 -0.0136270447  0.0255342130 -0.0008356948 
 9.3274029009 -0.0141422492  0.0252921755 -0.0008359890 
 9.3760752428 -0.0146532202  0.0250383721 -0.0008362874 
 9.4247511227 -0.0151596722  0.0247728657 -0.0008365901 
 9.4734297809 -0.0156613190  0.0244957268 -0.0008368972 
 9.5221114694 -0.0161578892  0.0242070274 -0.0008372087 
 9.5707966781 -0.0166491044  0.0239068435 -0.0008375248 
 9.6194841102 -0.0171346626  0.0235952692 -0.0008378455 
 9.6681736697 -0.0176142986  0.0232723987 -0.0008381709 
 9.7168655875 -0.0180877334  0.0229383289 -0.0008385012 
 9.7655600918 -0.0185546886  0.0225931650 -0.0008388365 
 9.8142554912 -0.0190148646  0.0222370319 -0.0008391768 
 9.8629524461 -0.0194680118  0.0218700445 -0.0008395222 
 9.9116512318 -0.0199138469  0.0214923260 -0.0008398730 
 9.9603509438 -0.0203520837  0.0211040186 -0.0008402292 
10.0090511528 -0.0207824566  0.0207052648 -0.0008405908 
10.0577521651 -0.0212046999  0.0202962088 -0.0008409582 
10.1064542544 -0.0216185438  0.0198770025 -0.0008413313 
10.1551557757 -0.0220237004  0.0194478219 -0.0008417103 
10.2038571408 -0.0224199277  0.0190088303 -0.0008420953 
10.2525587217 -0.0228069577  0.0185601985 -0.0008424866 
10.3012595346 -0.0231845159  0.0181021199 -0.0008428841 
10.3499592469 -0.0235523532  0.0176347855 -0.0008432881 
10.3986583431 -0.0239102195  0.0171583859 -0.0008436988 
10.4473566243 -0.0242578541  0.0166731279 -0.0008441162 
10.4960524957 -0.0245949941  0.0161792388 -0.0008445406 
10.5447468643 -0.0249214180  0.0156769247 -0.0008449721 
10.5934399038 -0.0252368697  0.0151664097 -0.0008454109 
10.6421299665 -0.0255410935  0.0146479467 -0.0008458572 
10.6908175040 -0.0258338757  0.0141217671 -0.0008463111 
10.7395023568 -0.0261149707  0.0135881206 -0.0008467729 
10.7881840665 -0.0263841481  0.0130472694 -0.0008472428 
10.8368621764 -0.0266411839  0.0124994796 -0.0008477210 
10.8855366820 -0.0268858595  0.0119450212 -0.0008482076 
10.9342079923 -0.0271179607  0.0113841673 -0.0008487030 
10.9828746159 -0.0273372593  0.0108172234 -0.0008492073 
11.0315363551 -0.0275435625  0.0102444828 -0.0008497208 
11.0801942304 -0.0277366728  0.0096662331 -0.0008502438 
11.1288462581 -0.0279163669  0.0090828140 -0.0008507766 
11.1774927370 -0.0280824791  0.0084945349 -0.0008513193 
11.2261339692 -0.0282348153  0.0079017175 -0.0008518724 
11.2747691059 -0.0283731875  0.0073047116 -0.0008524361 
11.3233975710 -0.0284974282  0.0067038648 -0.0008530108 
11.3720191441 -0.0286073705  0.0060995306 -0.0008535967 
11.4206344183 -0.0287028571  0.0054920621 -0.0008541943 
11.4692413618 -0.0287837170  0.0048818592 -0.0008548039 
11.5178405589 -0.0288498289  0.0042692865 -0.0008554259 
11.5664327223 -0.0289010445  0.0036547233 -0.0008560608 
11.6150152275 -0.0289372168  0.0030386090 -0.0008567089 
11.6635890370 -0.0289582562  0.0024213271 -0.0008573706 
11.7121537338 -0.0289640285  0.0018033040 -0.0008580466 
11.7607088360 -0.0289544366  0.0011849755 -0.0008587373 
11.8092529377 -0.0289293859  0.0005667953 -0.0008594432 
11.8577870201 -0.0288888074 -0.0000508073 -0.0008601649 
11.9063108486 -0.0288326144 -0.0006673662 -0.0008609029 
11.9548221413 -0.0287607483 -0.0012823793 -0.0008616580 
12.0033215589 -0.0286731829 -0.0018953870 -0.0008624307 
12.0518108333 -0.0285698711 -0.0025059193 -0.0008632219 
12.1002856728 -0.0284507744 -0.0031134018 -0.0008640322 
12.1487472156 -0.0283159343 -0.0037173591 -0.0008648623 
12.1971952222 -0.0281653315 -0.0043172561 -0.0008657132 
12.2456291454 -0.0279990006 -0.0049125443 -0.0008665857 
12.2940475040 -0.0278169904 -0.0055026603 -0.0008674808 
12.3424507382 -0.0276193740 -0.0060870564 -0.0008683994 
12.3908395207 -0.0274062237 -0.0066651671 -0.0008693426 
12.4392099728 -0.0271776439 -0.0072363493 -0.0008703115 
12.4875634019 -0.0269337948 -0.0078000496 -0.0008713073 
12.5359000895 -0.0266747973 -0.0083556558 -0.0008723313 
12.5842183317 -0.0264008345 -0.0089025229 -0.0008733847 
12.6325162503 -0.0261121270 -0.0094400117 -0.0008744689 
12.6807948222 -0.0258089087 -0.0099675074 -0.0008755856 
12.7290545087 -0.0254914212 -0.0104843603 -0.0008767362 
12.7772914687 -0.0251599681 -0.0109898617 -0.0008779224 
12.8255076054 -0.0248148962 -0.0114834028 -0.0008791460 
12.8737035268 -0.0244565262 -0.0119643054 -0.0008804091 
12.9218743311 -0.0240852754 -0.0124318268 -0.0008817133 
12.9700209298 -0.0237016077 -0.0128853412 -0.0008830611 
13.0181458928 -0.0233059479 -0.0133241872 -0.0008844546 
13.0662438757 -0.0228988181 -0.0137475976 -0.0008858962 
13.1143158379 -0.0224808106 -0.0141549565 -0.0008873884 
13.1623620700 -0.0220524817 -0.0145455797 -0.0008889339 
13.2103819037 -0.0216144737 -0.0149187872 -0.0008905356 
13.2583719400 -0.0211674904 -0.0152738959 -0.0008921964 
13.3063330400 -0.0207122671 -0.0156102994 -0.0008939195 
13.3542671806 -0.0202495368 -0.0159273767 -0.0008957084 
13.4021682532 -0.0197781232 -0.0162241726 -0.0008975655 
13.4500381450 -0.0193048507 -0.0165005276 -0.0008994953 
13.4978773590 -0.0188245542 -0.0167563113 -0.0009015018 
13.5456834994 -0.0183404293 -0.0169898727 -0.0009035890 
13.5934543173 -0.0178534858 -0.0172015546 -0.0009057612 
13.6411902814 -0.0173646076 -0.0173906324 -0.0009080229 
13.6888938815 -0.0168748194 -0.0175567231 -0.0009103790 
13.7365582255 -0.0163852587 -0.0176993977 -0.0009128340 
13.7841846803 -0.0158970632 -0.0178184429 -0.0009153931 
13.8317771308 -0.0154113060 -0.0179135694 -0.0009180619 
13.8793285247 -0.0149291958 -0.0179844901 -0.0009208454 
13.9268403313 -0.0144519236 -0.0180311768 -0.0009237494 
13.9743165230 -0.0139806077 -0.0180535060 -0.0009267799 
14.0217504026 -0.0135164843 -0.0180513835 -0.0009299427 
14.0691432558 -0.0130607465 -0.0180249700 -0.0009332439 
14.1164992145 -0.0126145111 -0.0179743331 -0.0009366900 
14.1638121876 -0.0121789862 -0.0178995830 -0.0009402872 
14.2110830817 -0.0117553157 -0.0178010750 -0.0009440418 
14.2583162502 -0.0113445623 -0.0176790768 -0.0009479609 
14.3055065320 -0.0109478494 -0.0175338991 -0.0009520505 
14.3526542415 -0.0105662221 -0.0173660816 -0.0009563175 
14.3997640572 -0.0102006377 -0.0171760871 -0.0009607688 
14.4468321266 -0.0098520849 -0.0169644054 -0.0009654108 
14.4938578998 -0.0095214677 -0.0167317376 -0.0009702500 
14.5408464562 -0.0092095930 -0.0164787273 -0.0009752936 
14.5877956701 -0.0089172748 -0.0162060125 -0.0009805479 
14.6347039017 -0.0086452418 -0.0159144264 -0.0009860193 
14.6815767414 -0.0083941103 -0.0156047775 -0.0009917147 
14.7284142016 -0.0081644860 -0.0152778188 -0.0009976407 
14.7752133623 -0.0079568903 -0.0149344879 -0.0010038030 
14.8219803842 -0.0077717048 -0.0145757415 -0.0010102087 
14.8687177377 -0.0076092939 -0.0142024121 -0.0010168644 
14.9154212532 -0.0074699334 -0.0138155073 -0.0010237755 
14.9620977285 -0.0073537238 -0.0134161031 -0.0010309490 
15.0087504742 -0.0072607658 -0.0130050722 -0.0010383915 
15.0553768257 -0.0071910352 -0.0125834751 -0.0010461088 
15.1019825489 -0.0071443463 -0.0121524198 -0.0010541076 
15.1485695135 -0.0071205038 -0.0117128448 -0.0010623946 
15.1951383857 -0.0071191518 -0.0112658473 -0.0010709758 
15.2416956203 -0.0071398218 -0.0108124904 -0.0010798587 
15.2882428638 -0.0071820061 -0.0103537466 -0.0010890497 
15.3347819819 -0.0072450263 -0.0098907218 -0.0010985551 
15.3813192110 -0.0073281203 -0.0094244452 -0.0011083823 
15.4278584077 -0.0074304700 -0.0089558733 -0.0011185378 
15.4743995772 -0.0075511224 -0.0084860415 -0.0011290269 
15.5209489104 -0.0076890060 -0.0080159834 -0.0011398560 
15.5675095339 -0.0078430511 -0.0075465759 -0.0011510301 
15.6140870199 -0.0080120381 -0.0070787814 -0.0011625545 
15.6606848661 -0.0081947261 -0.0066134544 -0.0011744328 
15.7073070760 -0.0083897723 -0.0061514680 -0.0011866682 
15.7539606357 -0.0085958011 -0.0056936122 -0.0011992637 
15.8006497519 -0.0088114227 -0.0052405899 -0.0012122207 
15.8473762588 -0.0090351663 -0.0047931325 -0.0012255390 
15.8941480711 -0.0092655460 -0.0043519084 -0.0012392192 
15.9409704510 -0.0095011560 -0.0039174021 -0.0012532604 
15.9878490282 -0.0097405210 -0.0034901442 -0.0012676610 
16.0347882864 -0.0099822087 -0.0030705601 -0.0012824184 
16.0817934134 -0.0102247967 -0.0026590263 -0.0012975298 
16.1288677254 -0.0104669134 -0.0022558323 -0.0013129912 
16.1760141871 -0.0107072112 -0.0018612410 -0.0013287984 
16.2232394735 -0.0109444237 -0.0014754316 -0.0013449481 
16.2705469601 -0.0111773970 -0.0010984755 -0.0013614358 
16.3179415887 -0.0114049986 -0.0007304886 -0.0013782578 
16.3654297837 -0.0116262295 -0.0003714838 -0.0013954111 
16.4130127897 -0.0118401767 -0.0000214496 -0.0014128908 
16.4606958475 -0.0120459632  0.0003195638 -0.0014306941 
16.5084853437 -0.0122428846  0.0006516378 -0.0014488187 
16.5563883529 -0.0124303041  0.0009748143 -0.0014672631 
16.6044037948 -0.0126076521  0.0012891409 -0.0014860230 
16.6524694668 -0.0127654230  0.0016028793 -0.0015050851 
16.7005161303 -0.0129317474  0.0018745400 -0.0015244069 
16.7484596541 -0.0130716422  0.0021646821 -0.0015439445 
16.7963140302 -0.0132018329  0.0024394704 -0.0015636953 
16.8440895300 -0.0133202258  0.0027040349 -0.0015836568 
16.8917454565 -0.0134264086  0.0029584851 -0.0016038058 
16.9392819689 -0.0135200296  0.0032021490 -0.0016241362 
16.9867214102 -0.0136014071  0.0034352552 -0.0016446518 
17.0340709070 -0.0136706593  0.0036578879 -0.0016653504 
17.0813501049 -0.0137277274  0.0038697711 -0.0016862354 
17.1285793190 -0.0137727148  0.0040709082 -0.0017073109 
17.1757659216 -0.0138056261  0.0042611957 -0.0017285755 
17.2229198531 -0.0138264328  0.0044403696 -0.0017500291 
17.2700558164 -0.0138351821  0.0046082763 -0.0017716735 
17.3171881095 -0.0138319047  0.0047647655 -0.0017935107 
17.3643182730 -0.0138165945  0.0049096654 -0.0018155363 
17.4114551211 -0.0137892749  0.0050426390 -0.0018377495 
17.4586172394 -0.0137499984  0.0051634601 -0.0018601537 
17.5058057131 -0.0136987354  0.0052719510 -0.0018827440 
17.5530239880 -0.0136354864  0.0053676455 -0.0019055166 
17.6002965465 -0.0135602796  0.0054501332 -0.0019284775 
17.6476207900 -0.0134729755  0.0055192467 -0.0019516196 
17.6950096988 -0.0133735587  0.0055742969 -0.0019749435 
17.7424866846 -0.0132619023  0.0056148942 -0.0019984548 
17.7900493588 -0.0131377475  0.0056407161 -0.0020221467 
17.8377275112 -0.0130010505  0.0056509697 -0.0020460283 
17.8853897123 -0.0128511728  0.0056461945 -0.0020700281 
17.9329975339 -0.0126890444  0.0056246968 -0.0020941203 
17.9805634012 -0.0125145015  0.0055866718 -0.0021183048 
18.0281055903 -0.0123273159  0.0055321350 -0.0021425852 
18.0756391843 -0.0121273058  0.0054610016 -0.0021669639 
18.1231746076 -0.0119142997  0.0053733050 -0.0021914416 
18.1706739808 -0.0116880683  0.0052695402 -0.0022159947 
18.2181566632 -0.0114491793  0.0051494724 -0.0022406294 
18.2656468846 -0.0111972451  0.0050139632 -0.0022653553 
18.3131662125 -0.0109322996  0.0048636524 -0.0022901816 
18.3607339654 -0.0106544741  0.0046993063 -0.0023151180 
18.4083694996 -0.0103639953  0.0045217891 -0.0023401759 
18.4560962519 -0.0100611294  0.0043319580 -0.0023653714 
18.5039320116 -0.0097460971  0.0041307222 -0.0023907199 
18.5518957019 -0.0094193366  0.0039188001 -0.0024162393 
18.5999991661 -0.0090812514  0.0036969404 -0.0024419445 
18.6480219458 -0.0087318309  0.0034681254 -0.0024677246 
18.6959863555 -0.0083766355  0.0032297046 -0.0024935962 
18.7439106839 -0.0080136173  0.0029844484 -0.0025195715 
18.7918103511 -0.0076442021  0.0027326432 -0.0025456598 
18.8396973739 -0.0072693398  0.0024749688 -0.0025718682 
18.8875870366 -0.0068898968  0.0022122670 -0.0025982057 
18.9355018808 -0.0065064500  0.0019455797 -0.0026246851 
18.9834566223 -0.0061191347  0.0016762942 -0.0026513142 
19.0313808201 -0.0057276629  0.0014066475 -0.0026780517 
19.0792860567 -0.0053332150  0.0011365603 -0.0027049006 
19.1271829174 -0.0049335418  0.0008676641 -0.0027318643 
19.1750824439 -0.0045273930  0.0006003321 -0.0027589492 
19.2229919992 -0.0041133753  0.0003350135 -0.0027861628 
19.2709109910 -0.0036907435  0.0000724663 -0.0028135106 
19.3187702237 -0.0032597220 -0.0001852788 -0.0028409580 
19.3664712684 -0.0028231744 -0.0004364859 -0.0028684506 
19.4140120928 -0.0023847343 -0.0006803518 -0.0028959870 
19.4614018551 -0.0019454880 -0.0009143987 -0.0029235726 
19.5085881427 -0.0015071767 -0.0011367705 -0.0029511773 
19.5556277282 -0.0010725169 -0.0013486592 -0.0029788363 
19.6026214315 -0.0006394776 -0.0015489410 -0.0030066104 
19.6497153569 -0.0002062158 -0.0017376434 -0.0030345859 
19.6971118508  0.0002299826 -0.0019147478 -0.0030628811 
19.7449518966  0.0006727664 -0.0020786438 -0.0030915781 
19.7924698933  0.0011253369 -0.0022192685 -0.0031202083 
19.8398460359  0.0015643212 -0.0023569519 -0.0031488759 
19.8871310182  0.0020072221 -0.0024772523 -0.0031776120 
19.9345651910  0.0024476717 -0.0025862784 -0.0032065654 
19.9817120302  0.0028904197 -0.0026756611 -0.0032354616 
20.0284603599  0.0033188976 -0.0027575853 -0.0032642164 
20.0751581277  0.0037359575 -0.0028318960 -0.0032930279 
20.1222608353  0.0041497913 -0.0028952827 -0.0033221641 
20.1695767432  0.0045673832 -0.0029415259 -0.0033514911 
20.2165749895  0.0049786898 -0.0029755011 -0.0033806648 
20.2631318868  0.0053748246 -0.0030043719 -0.0034096039 
20.3096462525  0.0057604401 -0.0030280732 -0.0034385670 
20.3563329468  0.0061462562 -0.0030387642 -0.0034677046 
20.4026677934  0.0065320068 -0.0030333201 -0.0034966955 
20.4485679833  0.0069004038 -0.0030256715 -0.0035254925 
20.4942649309  0.0072572794 -0.0030117286 -0.0035542491 
20.5402140548  0.0076061278 -0.0029908710 -0.0035832678 
20.5869459348  0.0079514934 -0.0029619167 -0.0036129102 
20.6336566155  0.0083017452 -0.0029128820 -0.0036426826 
20.6798809510  0.0086289759 -0.0028683799 -0.0036723054 
20.7258565944  0.0089354886 -0.0028300059 -0.0037019633 
20.7720129935  0.0092302863 -0.0027918173 -0.0037319831 
20.8182929943  0.0095181507 -0.0027505411 -0.0037623809 
20.8642065580  0.0097939336 -0.0027130180 -0.0037928746 
20.9099682409  0.0100454786 -0.0026924195 -0.0038236456 
20.9553660492  0.0102888410 -0.0026757418 -0.0038545788 
21.0007106777  0.0105110904 -0.0026771012 -0.0038859111 
21.0462964434  0.0107242086 -0.0026896547 -0.0039178720 
21.0923637811  0.0109295640 -0.0027151840 -0.0039506536 
21.1390702567  0.0111293530 -0.0027544204 -0.0039843850 
21.1856398230  0.0113334972 -0.0027995709 -0.0040184833 
21.2318230475  0.0115210054 -0.0028676240 -0.0040527187 
21.2779821711  0.0116971153 -0.0029543775 -0.0040873189 
21.3244075912  0.0118710789 -0.0030516918 -0.0041224649 
21.3711135178  0.0120415287 -0.0031601092 -0.0041581231 
21.4176568194  0.0122065605 -0.0032789223 -0.0041938904 
21.4640387391  0.0123514573 -0.0034176828 -0.0042297019 
21.5102552807  0.0124821934 -0.0035702715 -0.0042654902 
21.5564765393  0.0125929286 -0.0037412693 -0.0043013273 
21.6028451018  0.0126847173 -0.0039303452 -0.0043372630 
21.6494870427  0.0127549148 -0.0041402724 -0.0043733292 
21.6964535115  0.0128024810 -0.0043722246 -0.0044094900 
21.7437782736  0.0128248192 -0.0046283189 -0.0044456836 
21.7909205783  0.0128289711 -0.0049012163 -0.0044813940 
21.8377726299  0.0127991981 -0.0052019176 -0.0045164367 
21.8844097461  0.0127421721 -0.0055248536 -0.0045507594 
21.9308943254  0.0126614090 -0.0058686519 -0.0045842884 
21.9772856185  0.0125583452 -0.0062345344 -0.0046169372 
22.0236875340  0.0124352708 -0.0066234927 -0.0046486416 
22.0701625791  0.0122976810 -0.0070341309 -0.0046793020 
22.1167208924  0.0121498066 -0.0074655689 -0.0047087851 
22.1632502507  0.0119974071 -0.0079146112 -0.0047368939 
22.2097752961  0.0118388657 -0.0083823254 -0.0047635386 
22.2563098329  0.0116798942 -0.0088639021 -0.0047886393 
22.3029242460  0.0115194133 -0.0093592399 -0.0048121621 
22.3496265174  0.0113596593 -0.0098655842 -0.0048340538 
22.3964637208  0.0111972577 -0.0103839928 -0.0048542966 
22.4434592887  0.0110324670 -0.0109130512 -0.0048728764 
22.4906793095  0.0108624258 -0.0114540249 -0.0048898106 
22.5381478950  0.0106879807 -0.0120061018 -0.0049051107 
22.5858589424  0.0105085715 -0.0125696578 -0.0049187876 
22.6338685685  0.0103236494 -0.0131459407 -0.0049308706 
22.6821810791  0.0101379966 -0.0137333581 -0.0049413654 
22.7308709343  0.0099525714 -0.0143338371 -0.0049502778 
22.7798147754  0.0097766005 -0.0149428240 -0.0049575633 
22.8287199972  0.0096136491 -0.0155574508 -0.0049631646 
22.8774477382  0.0094631574 -0.0161772541 -0.0049670675 
22.9259786163  0.0093300892 -0.0167986443 -0.0049692807 
22.9743414883  0.0092177504 -0.0174190909 -0.0049698208 
23.0225774553  0.0091280332 -0.0180363727 -0.0049687085 
23.0706720378  0.0090632267 -0.0186469209 -0.0049659727 
23.1186749353  0.0090215865 -0.0192489800 -0.0049616509 
23.1665940240  0.0090059761 -0.0198386003 -0.0049557951 
23.2144290661  0.0090152356 -0.0204134420 -0.0049484740 
23.2622123508  0.0090483303 -0.0209719064 -0.0049397646 
23.3097610633  0.0091097629 -0.0215091798 -0.0049297943 
23.3570758683  0.0091898292 -0.0220271659 -0.0049186695 
23.4040759730  0.0092949164 -0.0225218173 -0.0049065145 
23.4507891385  0.0094196258 -0.0229944683 -0.0048934206 
23.4971354649  0.0095688202 -0.0234426249 -0.0048794967 
23.5431685085  0.0097334710 -0.0238664720 -0.0048648083 
23.5888623956  0.0099170613 -0.0242628896 -0.0048494379 
23.6342432417  0.0101160853 -0.0246343159 -0.0048334441 
23.6791839342  0.0103325403 -0.0249790674 -0.0048169404 
23.7237164138  0.0105513593 -0.0252968220 -0.0047999934 
23.7679113023  0.0107763985 -0.0255885503 -0.0047826504 
23.8118857677  0.0110104783 -0.0258591174 -0.0047649298 
23.8557299841  0.0112518566 -0.0261084458 -0.0047468593 
23.8995756442  0.0114926719 -0.0263351281 -0.0047284517 
23.9435073284  0.0117396919 -0.0265413805 -0.0047097269 
23.9875421607  0.0119985252 -0.0267293719 -0.0046907246 
24.0310422669  0.0122768806 -0.0268924000 -0.0046717709 
24.0740057268  0.0125341097 -0.0270327126 -0.0046529357 
24.1165107026  0.0127945089 -0.0271511131 -0.0046342564 
24.1586184177  0.0130606758 -0.0272494899 -0.0046157790 
24.2004073968  0.0133284895 -0.0273276988 -0.0045975493 
24.2419742670  0.0135947144 -0.0273865739 -0.0045796113 
24.2834292588  0.0138593317 -0.0274285769 -0.0045620040 
24.3248512186  0.0141247649 -0.0274549640 -0.0045447784 
24.3663731703  0.0143879354 -0.0274662693 -0.0045279670 
24.4081255571  0.0146493210 -0.0274624247 -0.0045116099 
24.4502106717  0.0149083957 -0.0274448596 -0.0044957624 
24.4927693942  0.0151631763 -0.0274145825 -0.0044804689 
24.5358542330  0.0154173440 -0.0273708455 -0.0044658072 
24.5796305279  0.0156655350 -0.0273132873 -0.0044518175 
24.6241423852  0.0159154530 -0.0272420427 -0.0044385764 
24.6694387966  0.0161618207 -0.0271566337 -0.0044261517 
24.7156253329  0.0164043346 -0.0270568753 -0.0044145917 
24.7626855157  0.0166453054 -0.0269445504 -0.0044039679 
24.8105893102  0.0168811010 -0.0268168152 -0.0043943389 
24.8593614181  0.0171093615 -0.0266749091 -0.0043857374 
24.9082619510  0.0173427175 -0.0265238267 -0.0043782856 
24.9571458250  0.0175439156 -0.0263619368 -0.0043719599 
25.0058878409  0.0177304653 -0.0261916751 -0.0043667128 
25.0543992009  0.0178994039 -0.0260135738 -0.0043624733 
25.1025911749  0.0180498084 -0.0258296198 -0.0043591573 
25.1504495049  0.0181796459 -0.0256426227 -0.0043566684 
25.1979811287  0.0182904836 -0.0254538619 -0.0043549085 
25.2452450140  0.0183826236 -0.0252637650 -0.0043537810 
25.2923498502  0.0184581218 -0.0250752909 -0.0043531934 
25.3394472541  0.0185174879 -0.0248923297 -0.0043530603 
25.3866310121  0.0185631924 -0.0247184731 -0.0043533029 
25.4341227078  0.0185926015 -0.0245558888 -0.0043538483 
25.4820021516  0.0186152290 -0.0244081218 -0.0043546213 
25.5304237053  0.0186274819 -0.0242771313 -0.0043555442 
25.5793757386  0.0186380485 -0.0241654804 -0.0043565323 
25.6285158567  0.0186517300 -0.0240732069 -0.0043574893 
25.6778437164  0.0186575654 -0.0239957528 -0.0043583303 
25.7272614314  0.0186711784 -0.0239315444 -0.0043589754 
25.7766724267  0.0186901675 -0.0238771880 -0.0043593585 
25.8261030376  0.0187134177 -0.0238302566 -0.0043594331 
25.8755669132  0.0187477442 -0.0237832139 -0.0043591685 
25.9250226945  0.0187901108 -0.0237412149 -0.0043585521 
25.9744440237  0.0188407063 -0.0236974549 -0.0043575920 
26.0238387964  0.0188966183 -0.0236539465 -0.0043563116 
26.0732226532  0.0189586366 -0.0236057621 -0.0043547467 
26.1225946857  0.0190223027 -0.0235608663 -0.0043529425 
26.1719326505  0.0190886378 -0.0235142312 -0.0043509473 
26.2212498942  0.0191543950 -0.0234689148 -0.0043488042 
26.2705607119  0.0192217269 -0.0234220237 -0.0043465522 
26.3198697164  0.0192874258 -0.0233823087 -0.0043442229 
26.3691855106  0.0193548308 -0.0233416799 -0.0043418346 
26.4185130498  0.0194222905 -0.0233059421 -0.0043393930 
26.4678493856  0.0194906286 -0.0232741731 -0.0043368970 
26.5172044730  0.0195597333 -0.0232471298 -0.0043343409 
26.5665763913  0.0196314585 -0.0232244132 -0.0043317164 
26.6159748537  0.0197061688 -0.0232054521 -0.0043290161 
26.6653972226  0.0197852608 -0.0231902230 -0.0043262362 
26.7148539567  0.0198682186 -0.0231776634 -0.0043233732 
26.7643441511  0.0199558160 -0.0231668066 -0.0043204246 
26.8138793819  0.0200473263 -0.0231569884 -0.0043173879 
26.8633826910  0.0201449988 -0.0231484557 -0.0043142627 
26.9128745169  0.0202434847 -0.0231394277 -0.0043110389 
26.9623535342  0.0203454676 -0.0231301702 -0.0043077048 
27.0118696866  0.0204482642 -0.0231191651 -0.0043042433 
27.0614365277  0.0205546429 -0.0231055029 -0.0043006345 
27.1110606922  0.0206636400 -0.0230880043 -0.0042968555 
27.1606527102  0.0207762440 -0.0230676106 -0.0042928913 
27.2102293920  0.0208873447 -0.0230435109 -0.0042887224 
27.2598020713  0.0210007382 -0.0230159178 -0.0042843326 
27.3093752931  0.0211156666 -0.0229836282 -0.0042797107 
27.3589684780  0.0212311439 -0.0229463251 -0.0042748505 
27.4085851296  0.0213482983 -0.0229046581 -0.0042697516 
27.4582245879  0.0214676975 -0.0228581510 -0.0042644176 
27.5078930788  0.0215887688 -0.0228053636 -0.0042588566 
27.5574782185  0.0217126307 -0.0227457655 -0.0042530936 
27.6069928570  0.0218335618 -0.0226781114 -0.0042471433 
27.6564482793  0.0219563995 -0.0226042148 -0.0042410216 
27.7058567138  0.0220796093 -0.0225236522 -0.0042347465 
27.7552297548  0.0222009111 -0.0224348118 -0.0042283389 
27.8045765352  0.0223194719 -0.0223363586 -0.0042218193 
27.8539123094  0.0224360520 -0.0222287967 -0.0042152043 
27.9032516642  0.0225509749 -0.0221133848 -0.0042085098 
27.9526065994  0.0226625060 -0.0219899114 -0.0042017528 
28.0019432938  0.0227701923 -0.0218577273 -0.0041949545 
28.0512277860  0.0228738433 -0.0217177669 -0.0041881306 
28.1004706972  0.0229738057 -0.0215726350 -0.0041812873 
28.1496818835  0.0230704397 -0.0214233334 -0.0041744310 
28.1988763504  0.0231628208 -0.0212681489 -0.0041675673 
28.2480667216  0.0232527650 -0.0211067971 -0.0041606991 
28.2972662101  0.0233424270 -0.0209411286 -0.0041538264 
28.3464841746  0.0234321238 -0.0207715994 -0.0041469502 
28.3957256108  0.0235206593 -0.0205956215 -0.0041400750 
28.4449990055  0.0236078193 -0.0204111416 -0.0041332048 
28.4943266734  0.0236946838 -0.0202195855 -0.0041263410 
28.5437186501  0.0237824418 -0.0200231071 -0.0041194854 
28.5931023323  0.0238713992 -0.0198213402 -0.0041126491 
28.6424695749  0.0239570419 -0.0196123447 -0.0041058338 
28.6918316625  0.0240404071 -0.0193969935 -0.0040990366 
28.7411947086  0.0241220070 -0.0191774024 -0.0040922532 
28.7905610481  0.0242021488 -0.0189545119 -0.0040854774 
28.8399490389  0.0242804202 -0.0187278510 -0.0040787012 
28.8893692405  0.0243570283 -0.0184970785 -0.0040719195 
28.9388341416  0.0244318717 -0.0182621092 -0.0040651296 
28.9883536124  0.0245057476 -0.0180228147 -0.0040583333 
29.0378147191  0.0245810524 -0.0177794812 -0.0040515516 
29.0872174022  0.0246526692 -0.0175312540 -0.0040447951 
29.1365700771  0.0247234840 -0.0172774225 -0.0040380771 
29.1858861584  0.0247927161 -0.0170175977 -0.0040314126 
29.2351748741  0.0248594738 -0.0167522822 -0.0040248174 
29.2844476729  0.0249229509 -0.0164820972 -0.0040183054 
29.3337184104  0.0249833765 -0.0162073735 -0.0040118873 
29.3829983776  0.0250409423 -0.0159287353 -0.0040055704 
29.4323019233  0.0250956447 -0.0156460165 -0.0039993578 
29.4816389280  0.0251473886 -0.0153648314 -0.0039932496 
29.5310228643  0.0251970308 -0.0150797976 -0.0039872431 
29.5804659698  0.0252445037 -0.0147939527 -0.0039813343 
29.6299821203  0.0252900942 -0.0145082062 -0.0039755170 
29.6795821568  0.0253346542 -0.0142235006 -0.0039697830 
29.7292744631  0.0253783796 -0.0139395882 -0.0039641225 
29.7789740395  0.0254222962 -0.0136567071 -0.0039585354 
29.8286781973  0.0254640017 -0.0133755893 -0.0039530135 
29.8783698512  0.0255065308 -0.0130960019 -0.0039475513 
29.9280856749  0.0255484456 -0.0128178641 -0.0039421435 
29.9777981560  0.0255920989 -0.0125413451 -0.0039367973 
30.0275340286  0.0256358815 -0.0122659897 -0.0039315178 
30.0772597297  0.0256818264 -0.0119905957 -0.0039263207 
30.1269451783  0.0257290128 -0.0117149316 -0.0039212252 
30.1766055369  0.0257775490 -0.0114383421 -0.0039162457 
30.2262587979  0.0258267035 -0.0111593079 -0.0039113947 
30.2758727591  0.0258757980 -0.0108764899 -0.0039066857 
30.3254141293  0.0259240152 -0.0105895656 -0.0039021262 
30.3749086073  0.0259692477 -0.0102984200 -0.0038977104 
30.4243765970  0.0260107297 -0.0100022829 -0.0038934264 
30.4738408125  0.0260485198 -0.0097011728 -0.0038892558 
30.5233271456  0.0260821690 -0.0093960810 -0.0038851758 
30.5728070197  0.0261100290 -0.0090878617 -0.0038811635 
30.6222201503  0.0261315795 -0.0087770929 -0.0038771972 
30.6716049852  0.0261464786 -0.0084647638 -0.0038732512 
30.7209562742  0.0261556406 -0.0081511146 -0.0038693073 
30.7703126834  0.0261567388 -0.0078365605 -0.0038653480 
30.8196172348  0.0261530165 -0.0075199426 -0.0038613684 
30.8688922900  0.0261416783 -0.0072024577 -0.0038573635 
30.9181445367  0.0261234844 -0.0068828804 -0.0038533322 
30.9674007003  0.0260982861 -0.0065603480 -0.0038492756 
31.0166821749  0.0260664723 -0.0062343635 -0.0038451995 
31.0660122979  0.0260268232 -0.0059049956 -0.0038411101 
31.1154131717  0.0259793739 -0.0055715529 -0.0038370145 
31.1648965901  0.0259244982 -0.0052342506 -0.0038329230 
31.2144799776  0.0258614617 -0.0048945678 -0.0038288465 
31.2641727780  0.0257902024 -0.0045532794 -0.0038247959 
31.3139341108  0.0257111048 -0.0042111475 -0.0038207847 
31.3636473363  0.0256235670 -0.0038714195 -0.0038168300 
31.4133018885  0.0255274178 -0.0035334704 -0.0038129383 
31.4628946438  0.0254238335 -0.0032017033 -0.0038091144 
31.5124424497  0.0253131998 -0.0028753397 -0.0038053624 
31.5619419238  0.0251960113 -0.0025547463 -0.0038016882 
31.6114097576  0.0250730163 -0.0022401442 -0.0037980987 
31.6608443071  0.0249447728 -0.0019316921 -0.0037946058 
31.7102587396  0.0248104928 -0.0016298431 -0.0037912242 
31.7596537002  0.0246715475 -0.0013337566 -0.0037879729 
31.8090276316  0.0245284303 -0.0010438276 -0.0037848746 
31.8583872243  0.0243806547 -0.0007604552 -0.0037819531 
31.9077218047  0.0242290318 -0.0004828797 -0.0037792333 
31.9570513313  0.0240735651 -0.0002117042 -0.0037767381 
32.0063665310  0.0239139522  0.0000523860 -0.0037744899 
32.0556783756  0.0237497712  0.0003087130 -0.0037725073 
32.1049905124  0.0235826934  0.0005576108 -0.0037708063 
32.1543009287  0.0234130671  0.0007977390 -0.0037694011 
32.2036261862  0.0232406858  0.0010283358 -0.0037683025 
32.2529543518  0.0230671065  0.0012502983 -0.0037675205 
32.3023091901  0.0228925227  0.0014626361 -0.0037670643 
32.3516724138  0.0227175208  0.0016652568 -0.0037669435 
32.4010593948  0.0225422886  0.0018581775 -0.0037671672 
32.4504645538  0.0223683223  0.0020423440 -0.0037677450 
32.4998899326  0.0221953465  0.0022171514 -0.0037686853 
32.5493316649  0.0220238099  0.0023832893 -0.0037699944 
32.5987888752  0.0218546658  0.0025414451 -0.0037716749 
32.6482037939  0.0216888513  0.0026919842 -0.0037737226 
32.6975907331  0.0215259951  0.0028343207 -0.0037761299 
32.7469708966  0.0213677793  0.0029700306 -0.0037788839 
32.7963618549  0.0212150831  0.0030994513 -0.0037819645 
32.8457829522  0.0210677649  0.0032227254 -0.0037853447 
32.8952481357  0.0209256340  0.0033403305 -0.0037889903 
32.9447332989  0.0207889251  0.0034526604 -0.0037928575 
32.9942121829  0.0206574272  0.0035595790 -0.0037968970 
33.0436971770  0.0205306935  0.0036611969 -0.0038010607 
33.0931855286  0.0204084908  0.0037579655 -0.0038052995 
33.1426921120  0.0202901858  0.0038496389 -0.0038095686 
33.1922186863  0.0201756824  0.0039367116 -0.0038138266 
33.2417730247  0.0200647703  0.0040189629 -0.0038180387 
33.2913633094  0.0199573990  0.0040968356 -0.0038221776 
33.3409789903  0.0198538153  0.0041711639 -0.0038262210 
33.3905594964  0.0197542929  0.0042422944 -0.0038301501 
33.4401091453  0.0196587139  0.0043097188 -0.0038339595 
33.4896149339  0.0195676882  0.0043752002 -0.0038376491 
33.5390995798  0.0194813090  0.0044387442 -0.0038412272 
